  0.1755050049E+03  0.1369861126E+02    15.600  0.731    0.0
  0.1755266571E+03  0.1160000038E+02    25.200  0.833    0.0
  0.1755275116E+03  0.1153777790E+02    39.600  0.530    0.0
  0.1755333252E+03  0.1294194412E+02    60.000  0.400   47.0
  0.1755512543E+03  0.1151138878E+02    27.000  0.556    0.0
  0.1755512543E+03  0.1193249989E+02    11.400  0.737    0.0
  0.1755587463E+03  0.1159722233E+02    27.000  0.378    0.0
  0.1755620880E+03  0.1417027760E+02    24.000  0.325    0.0
  0.1755704193E+03  0.1406638908E+02    39.600  0.833    0.0
  0.1755720825E+03  0.1178222179E+02    16.200  0.704   32.0
  0.1755924988E+03  0.1416861153E+02    12.000  0.500    0.0
  0.1755987396E+03  0.1161555576E+02    11.400  0.947    0.0
  0.1756433411E+03  0.1300833321E+02    11.400  0.842    0.0
  0.1756754150E+03  0.1300305557E+02    20.400  0.471    0.0
  0.1757016754E+03  0.1249027824E+02    11.400  0.789    0.0
  0.1757245941E+03  0.1180833340E+02    12.000  0.850    0.0
  0.1757387543E+03  0.1308527756E+02     5.000  1.000    0.0
  0.1757437592E+03  0.1357694435E+02    22.800  0.605    0.0
  0.1757770844E+03  0.1280722237E+02    13.200  0.500    0.0
  0.1758054047E+03  0.1249499989E+02    10.800  0.722    0.0
  0.1758349915E+03  0.1257166672E+02     8.400  0.857    0.0
  0.1759354095E+03  0.1401527786E+02    15.000  0.880    0.0
  0.1759420776E+03  0.1370750046E+02    24.600  0.585    0.0
  0.1759487457E+03  0.1223722267E+02    23.400  0.692    0.0
  0.1759491577E+03  0.1298083305E+02    24.000  0.750    0.0
  0.1759854126E+03  0.1194055557E+02    24.000  0.625    0.0
  0.1759883270E+03  0.1219833374E+02    12.600  0.905    0.0
  0.1760158386E+03  0.1334666634E+02    18.000  0.500    0.0
  0.1760291748E+03  0.1334083366E+02    12.600  0.667    0.0
  0.1760941620E+03  0.1301027775E+02    19.200  0.625    0.0
  0.1761062469E+03  0.1156222248E+02    27.000  1.000    0.0
  0.1761333313E+03  0.1325305557E+02    15.000  0.880    0.0
  0.1761645813E+03  0.1279055595E+02    16.800  0.893    0.0
  0.1761775055E+03  0.1230055523E+02    16.800  0.857    0.0
  0.1761904144E+03  0.1181555557E+02     6.000  0.500    0.0
  0.1762233276E+03  0.1174972248E+02    36.000  0.917    0.0
  0.1762395935E+03  0.1338749981E+02    19.800  0.636    0.0
  0.1763175049E+03  0.1387250042E+02    13.800  0.739    0.0
  0.1763954163E+03  0.1220499992E+02    46.200  1.000    0.0
  0.1764545746E+03  0.1376722240E+02   138.000  0.739    0.0
  0.1764795837E+03  0.1351611137E+02    30.600  0.529    0.0
  0.1764799957E+03  0.1383250046E+02     6.000  1.000    0.0
  0.1764837494E+03  0.1383916664E+02    21.000  0.514    0.0
  0.1764945831E+03  0.1379111099E+02    24.600  0.976    0.0
  0.1765170746E+03  0.1158138847E+02    33.600  0.589    0.0
  0.1765375061E+03  0.1287944412E+02    49.800  0.120    0.0
  0.1765591583E+03  0.1265527821E+02    12.000  0.750    0.0
  0.1766004181E+03  0.1382722187E+02    78.000  0.154   70.0
  0.1766145782E+03  0.1239833355E+02    10.200  0.824    0.0
  0.1767162476E+03  0.1300638866E+02    11.400  0.632    0.0
  0.1767245789E+03  0.1187916660E+02    16.800  0.857    0.0
  0.1767487488E+03  0.1387361145E+02    33.000  0.600    0.0
  0.1767762604E+03  0.1370638847E+02   120.000  0.900    0.0
  0.1768241577E+03  0.1268027782E+02    52.800  0.511    0.0
  0.1768558350E+03  0.1221083355E+02    23.400  0.410    0.0
  0.1768941803E+03  0.1268861103E+02     5.000  1.000    0.0
  0.1769466705E+03  0.1185416698E+02    28.800  0.521    0.0
  0.1769612427E+03  0.1370416641E+02    18.000  0.667    0.0
  0.1769941711E+03  0.1391055584E+02    12.000  0.850    0.0
  0.1770008392E+03  0.1211361122E+02    19.800  0.939    0.0
  0.1770366669E+03  0.1291472244E+02    60.000  0.660    0.0
  0.1770387573E+03  0.1266722202E+02     7.200  0.833    0.0
  0.1770412445E+03  0.1267777824E+02     7.200  0.833    0.0
  0.1770529175E+03  0.1320833302E+02    84.000  0.571  103.0
  0.1770562439E+03  0.1265527821E+02    16.200  0.630    0.0
  0.1770745850E+03  0.1272583294E+02    19.200  0.500    0.0
  0.1770837402E+03  0.1271638870E+02    19.800  0.909    0.0
  0.1771075134E+03  0.1239527798E+02    10.200  0.706    0.0
  0.1771150055E+03  0.1272722244E+02    46.200  0.714    0.0
  0.1771279144E+03  0.1272972202E+02    42.000  0.571    0.0
  0.1771349945E+03  0.1270527744E+02    42.000  0.314    0.0
  0.1771470947E+03  0.1261444473E+02    14.400  1.000    0.0
  0.1771562500E+03  0.1223555565E+02    10.200  0.647    0.0
  0.1771600037E+03  0.1324944401E+02    15.000  0.480    0.0
  0.1771833344E+03  0.1405277824E+02    46.200  0.390    0.0
  0.1771912537E+03  0.1405055523E+02    12.000  1.000    0.0
  0.1772183228E+03  0.1337805557E+02    28.800  0.417    0.0
  0.1772629089E+03  0.1368111134E+02    13.200  0.636    0.0
  0.1772683411E+03  0.1362944412E+02    11.400  0.526    0.0
  0.1772708282E+03  0.1336138916E+02    32.400  0.741    0.0
  0.1772879181E+03  0.1318333340E+02    12.000  0.500    0.0
  0.1773008423E+03  0.1263166714E+02    20.400  0.529    0.0
  0.1773199921E+03  0.1228499985E+02     9.000  0.867    0.0
  0.1773420868E+03  0.1205611134E+02    32.400  0.259    0.0
  0.1773779144E+03  0.1267722225E+02    31.200  0.519    0.0
  0.1774170837E+03  0.1239388847E+02    27.600  0.326    0.0
  0.1774225006E+03  0.1324444485E+02    42.000  0.571    0.0
  0.1775387421E+03  0.1369444466E+02     5.000  1.000    0.0
  0.1775458221E+03  0.1276944447E+02    15.600  0.808    0.0
  0.1775683289E+03  0.1272416687E+02    22.200  0.568    0.0
  0.1776291656E+03  0.1189277744E+02    21.000  0.486    0.0
  0.1776600037E+03  0.1151444435E+02    19.200  0.750    0.0
  0.1777145844E+03  0.1357944489E+02    13.800  0.913    0.0
  0.1777212524E+03  0.1372472191E+02    12.000  1.000    0.0
  0.1777254181E+03  0.1373999977E+02    13.800  0.783    0.0
  0.1777254181E+03  0.1372472191E+02    13.200  0.818    0.0
  0.1777449951E+03  0.1377305603E+02    13.200  0.818    0.0
  0.1777637482E+03  0.1276444435E+02    10.200  0.706    0.0
  0.1777754059E+03  0.1377250004E+02     5.000  1.000    0.0
  0.1778341675E+03  0.1374083328E+02    19.200  0.344    0.0
  0.1778650055E+03  0.1295750046E+02    10.800  0.833    0.0
  0.1779166565E+03  0.1391527748E+02    19.200  0.344    0.0
  0.1779462433E+03  0.1182111073E+02    27.000  0.289    0.0
  0.1780074921E+03  0.1387861156E+02    39.600  0.833    0.0
  0.1780141602E+03  0.1213277817E+02    12.600  0.762    0.0
  0.1780299988E+03  0.1412166691E+02    16.200  0.889    0.0
  0.1780816650E+03  0.1200944424E+02    19.200  0.656    0.0
  0.1780924988E+03  0.1202666664E+02    32.400  0.333    0.0
  0.1780924988E+03  0.1199472237E+02    21.600  0.583    0.0
  0.1781158295E+03  0.1176694489E+02    24.000  0.750    0.0
  0.1781216736E+03  0.1315222263E+02    21.600  0.361    0.0
  0.1781508331E+03  0.1346722221E+02    66.000  0.182    9.0
  0.1781516724E+03  0.1319805527E+02    33.000  0.455    0.0
  0.1782108307E+03  0.1150666714E+02     6.000  1.000    0.0
  0.1782212524E+03  0.1419277763E+02    41.400  0.768    0.0
  0.1782225037E+03  0.1177055550E+02    18.000  0.667    0.0
  0.1782287598E+03  0.1153527737E+02    14.400  0.833    0.0
  0.1783029175E+03  0.1227777767E+02    14.400  0.583    0.0
  0.1783141785E+03  0.1163361073E+02    90.000  0.100  104.0
  0.1783262482E+03  0.1167333317E+02    18.000  0.667    0.0
  0.1783775024E+03  0.1356388855E+02    19.800  0.576    0.0
  0.1784412384E+03  0.1185472202E+02    12.000  0.500    0.0
  0.1784454193E+03  0.1183138847E+02    12.000  0.500    0.0
  0.1784474945E+03  0.1372861099E+02    18.000  0.467    0.0
  0.1784750061E+03  0.1327805519E+02    21.000  1.000    0.0
  0.1784962463E+03  0.1314833355E+02    12.600  0.714    0.0
  0.1784966583E+03  0.1219777775E+02    46.200  0.286    0.0
