215140          1142012+134155   26  19 176   300      0-99     93 196 4259 169  A50J175  0  0    0  9  0
213328          1142064+113560   42  35 161     0  12928-99      0   0    0   0     00 0  0  0    0  9  0
210617 068-032  1142066+113216   66  35 153   140  12818 -1     49 22112959  69  A50J375  0  0    0  9  0
  6662 068-034  1142080+125631  100  40 154   160   6144 -1    381 188 6148 237  A50J175  0  0   47  6  0
213330          1142123+113041   45  25 165     0  12965-99      0   0    0   0     00 0  0  0    0  9  0
213329          1142123+115557   19  14 177     0  12821-99      0   0    0   0     00 0  0  0    0  9  0
213331          1142141+113550   45  17 163     0  12587-99      0   0    0   0     00 0  0  0    0  9  0
215324          1142149+141013   40  13 171   300  10241-98     88 17610274 309  A50J175  0  0    0  8  0
210625 068-036  1142169+140359   66  55 149   100   6225-98      0   0    0   0     00 0  8 60    0  9  0
734713          1142173+114656   27  19 165     0  18236-98      0   0    0   0     00 0  0  0   32  8  0
215384          1142222+141007   20  10 190   400      0  0      0   0    0   0     J275  0  0    0  8  0
213332          1142237+113656   19  18 173     0  12999-99      0   0    0   0     00 0  0  0    0  9  0
213465          1142344+130030   19  16 177     0  10599-99      0   0    0   0     00 0  0  0    0  9  0
213466          1142421+130011   34  16 177     0   6166-99      0   0    0   0     00 0  0  0    0  9  0
213467          1142484+122925   19  15 177     0  12694-99      0   0    0   0     00 0  0  0    0  9  0
215421          1142539+114830   20  17 180   300      0  0     46 178 7570  65  A50J175  0  0    0  9  0
210638 068-040  1142573+130507    0   0 157   650      0  0      0   0    0   0     00 0  0  0    0  0  0
213526          1142585+133437   38  23 175     0   5871-99    137 215 5865 163  A50J175  0  0    0  9  0
213468          1143065+124826   22  11 181     0  10187-99      0   0    0   0     00 0  0  0    0  9  0
212839 KKH 71   1143104+141325  110  70 166   400      0  0    429 175 1017  85  A50J175  0  0    0  8  0
213469          1143133+122942   18  13 189     0   6341-99      0   0    0   0     00 0  0  0    0  9  0
213470          1143204+123418   14  12 182     0   9292-99      0   0    0   0     00 0  0  0    0  9  0
215597          1143445+140055   25  22 182     0   6297-99      0   0    0   0     00 0  0  0    0  9  0
215598          1143461+134227   41  24 164   130   2920-99     45 178 2981 108  A50J375  0  0    0  9  0
210670 068-047  1143477+121414   39  27 157   110      0  0    182 22410257 345  A50J175  0  0    0  9  0
215135          1143478+125851   40  30 180   400      0-98    153 169 3777 102  A50J175  0  0    0  5  0
213336          1143565+115626   40  25 168   170   3118-99     57 220 3070 100  A50J375  0  0    0  9  0
213471          1143572+121154   21  19 179   500  10207-99      0   0    0   0     00 0  0  0    0  9  0
215227          1144038+132048   30  15 190   400      0-98     98 205 3152 276  A50J175  0  0    0  8  0
213527          1144070+132027   21  14 181   400   3158-99      0   0    0   0     00 0  0  0    0  9  0
213472          1144226+130037   32  20 182     0   6485-99      0   0    0   0     00 0  0  0    0  9  0
210704 068-051  1144255+113344   45  45 153   300   6166-98    206 215 6126  86  A50J175  0  0    0  9  0
213528          1144320+131511   25  22 173   161  10287-99     56 19710270  83  A50J175  0  0    0  9  0
213473          1144395+124726   28  25 179   160  12747-99    114 22812751 246  A50J375  0  0    0  9  0
215148          1144426+121802   28  24 172   300      0-99    125 22410259 314  A50J175  0  0    0  9  0
215141          1144457+114856   10   5 220   170      0  0     57 163 6010  59  A50J175  0  0    0  5  0
210726 068-053  1144536+114459   60  55 157   110  12866-99    165 17812861 263  A50J175  0  0    0  9  0
213529          1144575+132315   33  21 180     0   3222-99      0   0    0   0     00 0  0  0    0  9  0
215604          1145012+142834   35  27 163     0  10334-99      0   0    0   0     00 0  0  0    0  9  0
215607          1145162+135221   23  17 182     0   2957-99      0   0    0   0     00 0  0  0    0  9  0
210746 097-132  1145221+142200   77  33 157   300   3360-99     95 166 3342 130  A50J175  0  0    0  9  0
210753 068-058  1145349+121218   77  77 157   160   9284-99    151 222 9298  93  A50J175  0  0    0  9  0
  6738 N3872    1145491+134602  230 170 129    10   3210 27      0 190    0   0     0030  0  0    0  6  0
213530          1145551+133058   51  27 163     0   3436-99      0   0    0   0     00 0  0  0    0  9  0
215150B         1145552+134957   10  10 184   300      0-98      0   0    0   0     00 0  0  0    0  8  0
215149A         1145561+135021   35  18 176   300   3260-99     60 184 3267  40  A50J175  0  0    0  9  0
215611          1145587+134728   41  40 166     0   3411-99      0   0    0   0     00 0  0  0    0  9  0
213339          1146041+113453   56  33 155   110   2977-99     76 281 2965 225  A50J375  0  0    0  9  0
211216 FGC1303  1146090+125246   83  10 174   160   3320-98    157 171 3296 146  A50J175  0  0    0  9  0
213474          1146142+123919   20  15 178     0  13412-99      0   0    0   0     00 0  0  0    0  9  0
  6747 068-063  1146241+134938  130  20 157   200      0  0    705 209 2696  96  A50J175  0  0   70  6  0
213475          1146275+122354   17  14 179     0   8525-99      0   0    0   0     00 0  0  0    0  9  0
213476          1146519+130023   19  12 184     0  17037-99      0   0    0   0     00 0  0  0    0  9  0
213341          1146539+115245   28  24 164     0  15515-99      0   0    0   0     00 0  0  0    0  9  0
210779 068-064  1146597+135225   55  33 153   160   3206 -1    216 179 3165 232  A50J175  0  0    0  9  0
  6758 068-065  1147063+134223  200 180 144   300   3103 27    826 188 3103 179  A50J175  0  0    0  6  0
213477          1147178+124049   88  45 153     0  10222-99      0   0    0   0     00 0  0  0    0  9  0
213478          1147254+121239   39  16 174   300   6150-99     67 228 6111 213  A50J375  0  0    0  8  0
210790          1147346+124119    0   0   0     0   4383 -1      0   0    0   0     00 0  0  0    0  0  0
213342          1147472+115115   48  25 165   150   8040-99     76 193 8028  68  A50J175  0  0    0  9  0
215151          1147507+134215   30  20 194   200      0  0     63 187 3456  73  A50J175  0  0    0  5  0
215621          1147586+135438   20  17 182     0   3340-99      0   0    0   0     00 0  0  0    0  9  0
213479          1148002+120649   33  31 170   300   9222-99     91 229 9218 103  A50J175  0  0    0  9  0
210798 068-067  1148088+125453  100  66 153   160   6245 -1    378 189 6216 227  A50J175  0  0    0  9  0
219381          1148093+124002   12  10 184    90      0-98      0   0    0   0     00 0  0  0    0  8  0
219380          1148099+124040   12  10 184    90      0-98      0   0    0   0     00 0  0  0    0  8  0
  6775 068-069  1148127+131230  140  80 150   300   3170 -1    915 231 3165 194  A50J175  0  0  103  6  0
213480          1148135+123919   27  17 182    90   4127-99      0   0    0   0     00 0  0  0    0  9  0
212846B         1148179+124333   32  16 179   140   4167-99    430 223 3955 192  A50J175  0  0    0  9  0
210799AI 736    1148201+124259   33  30 153   120   4004 -1    450  88 3986 247  F500565  0  0    0  9  0
213481          1148258+122343   17  12 181     0   6675-99      0   0    0   0     00 0  0  0    0  9  0
210802AI 737    1148276+124338   77  55 147   110   4109 -1    270   0 4020 179  P500565  0  0    0  9  0
210804B068-072  1148307+124347   70  40 153   650   3635-98    188 222 3629 158  A50J175  0  0    0  9  0
210806C068-073  1148324+124219   70  22 153   151   4394-99     96 220 4379 207  A50J375  0  0    0  9  0
213482          1148353+123652   24  24 182     0  16923-99     39 22316919  70  A50J375  0  0    0  9  0
213483          1148375+121408   17  11 183     0   9460-99      0   0    0   0     00 0  0  0    0  9  0
712992          1148384+131458   25  12 170     0  16849-98      0   0    0   0     00 0  0  0    0  8  0
210807 068-074  1148440+140310   77  30 154   300   3210 -1    166 201 3206 225  A50J175  0  0    0  9  0
215153          1148459+140302   20  20 191   400      0-98      0   0    0   0     00 0  0  0    0  8  0
213531          1148524+132241   48  20 164     0  10236-99      0   0    0   0     00 0  0  0    0  9  0
215156          1149031+134052   22  14 185   170   7165-99    111 182 7136 206  A50J175  0  0    0  8  0
215154          1149044+133746   19  10 189   170      0-99     53 153 2981  35  A50J175  0  0    0  9  0
213532          1149050+132141   54  40 159     0  16761-99      0   0    0   0     00 0  0  0    0  9  0
215157          1149091+131100   20  10 185   300      0-98      0   0    0   0     J275  0  0    0  8  0
213484          1149122+123754   34  18 178   300   3999-99     77 227 4054 207  A50J375  0  0    0  9  0
213485          1149168+121706   15  13 183     0  17572-99      0   0    0   0     00 0  0  0    0  9  0
213486          1149221+120322   54  14 170     0   9177-99      0   0    0   0     00 0  0  0    0  9  0
213487          1149307+124038   52  27 162   300   4001-99     43 205 3974 111  A50J375  0  0    0  8  0
215158          1149401+122338   46  15 178   300   3215-99     77 179 3201 130  A50J175  0  0    0  9  0
210820 068-075  1149414+131440   70  40 155   160   6099  0    139 197 6141 208  A50J175  0  0    0  9  0
215164 HIdet    1150093+134140    0   0   0     0      0  0      0   0    0   0     00 0  0  0    0  0  0
215162          1150110+124610   26  21 180   160      0-99      0   0    0   0     00 0  0  0    0  9  0
213488          1150164+124327   37  21 173   300   7775-99     94 242 7774 204  A50J375  0  0    0  9  0
213352          1150310+115334   35  17 175   300   9242-99     89 193 9235 182  A50J175  0  0    0  9  0
215203          1150378+142712   17  16 188   170   6086-99     75 171 6082  77  A50J175  0  0    0  9  0
213355          1150384+113052   32  24 164     0  17821-99      0   0    0   0     00 0  0  0    0  9  0
213533          1150515+133446   23  21 182     0  16670-99     35 21016690  52  A50J375  0  0    0  9  0
215208          1150531+134329   20  20 187   170      0-99      0   0    0   0     00 0  0  0    0  9  0
215207          1150541+134424   23  18 185   170   7108-99     75 203 7094  77  A50J175  0  0    0  9  0
219367          1150541+134329   22  18 184   170      0-98      0   0    0   0     00 0  0  0    0  8  0
215166          1150588+134623   22  18 178   110   7187-99      0   0    0   0     00 0  0  0    0  9  0
213489          1151033+124552   17  12 184     0   7777-99      0   0    0   0     00 0  0  0    0  9  0
215230 HIdet    1151061+134621    0   0   0     0      0  0     71 219 7090  60  A50J175  0  0    0  0  0
215231          1151202+134427   32  11 182   150   7165-98     91 212 7156 188  A50J175  0  0    0  9  0
215209          1151227+142905   18  15 187   300  16339-99     93 18216300 217  A50J375  0  0    0  8  0
213490          1151276+125727   18  15 183     0  16167-99      0   0    0   0     00 0  0  0    0  9  0
215658          1151400+135455   32  11 177     0   7110-99      0   0    0   0     00 0  0  0    0  9  0
213360          1151471+114916   45  13 181   170   6455-99    100 185 6463 150  A50J175  0  0    0  9  0
210861 068-079  1152018+135243   66  55 153   180    998-99    196 174  967  79  A50J175  0  0    0  9  0
213491          1152034+120758   21  16 177     0  16838-99      0   0    0   0     00 0  0  0    0  9  0
215659          1152072+140718   27  24 169     0  11432-99      0   0    0   0     00 0  0  0    0  9  0
215159          1152196+120034   32  21 178   110      0-99      0   0    0   0     00 0  0  0    0  9  0
213362          1152222+120136   54  18 163   300   6697-99      0   0    0   0     00 0  0  0    0  9  0
213363          1152222+115941   36  21 180   170   6770-99     73 215 6722 124  A50J175  0  0    0  9  0
211845 f97      1152278+114601   40  30   0   300  16265-99      0   0    0   0     00 0  8 53    0  3  0
213534          1152292+130908   36  13 176     0  16774-99      0   0    0   0     00 0  0  0    0  9  0
  6845 068-082  1152362+132802  110  20 152   140   6251 -1    203 217 6286 372  A50J175  0  0    9  6  0
210870 068-081  1152364+131153   55  25 152   900   6359 -1      0   0    0   0     00 0  0  0    0  8  0
213364          1152506+113024   10  10 195   900      0-98     46 21212896  28  A50J175  0  0    0  9  0
215666          1152531+141134   69  53 155     0  16497-99      0   0    0   0     00 0  0  0    0  9  0
211836 f97      1152534+114614   30  20 179   300  12864-99      0   0    0   0     00 0  8 53    0  3  0
219115          1152549+113207   24  20 177     0  12897-99      0   0    0   0     00 0  0  0    0  8  0
213492          1153127+121640   24  14 177     0  16134-99      0   0    0   0     00 0  0  0    0  9  0
  6862          1153154+113801  150  15 160   160   2829-98    327 294 2732 187  A50J175  8 94  104  6  0
211841 f97      1153183+114024   30  20   0   300      0  0      0   0    0   0     00 0  8 53    0  3  0
213535          1153306+133350   33  19 174     0  16485-99      0   0    0   0     00 0  0  0    0  9  0
211837 f97      1153459+115117   20  10   0   300      0  0      0   0    0   0     00 0  8 53    0  3  0
211838 f97      1153469+114953   20  10   0   300      0  0      0   0    0   0     00 0  8 53    0  3  0
215170          1153474+134343   30  14 179   300   6745-99    126 210 6728  49  A50J175  0  0    0  9  0
210892 068-086  1153540+131641   35  35 156    10   7342-99      0   0    0   0     00 0  0  0    0  9  0
213536          1153591+130854   21  15 176     0   6803-99      0   0    0   0     00 0  0  0    0  9  0
210894 068-088  1153592+121152   77  22 154   300   3060-98    216 227 3015 145  A50J175  0  0    0  9  0
