232374          1326220+115821   31  17 178     0   6726-99      0   0    0   0     00 0  0  0    0  9  0  47.58
232500          1326222+123633   46  43 158     0   6339-99      0   0    0   0     00 0  0  0    0  9  0  67.50
232377          1326511+120212   26  23 177     0   6952-99      0   0    0   0     00 0  0  0    0  9  0  41.90
230339 072-075  1326541+113345   55  30 154   141   6834 -1      0  50 6800   0     0064  0  0    0  0  0  40.79
230344 072-077  1327226+122117   77  20 157   300   6457  0     50  40 6457 410  P200131  0  0    0  8  0  46.28
232218          1327252+115301   58  19 168     0   7183-99     75 212 7068 324  A50J375  0  0    0  8  0  31.35
232219          1327259+115049   38  33 168     0   6801-99      0   0    0   0     00 0  0  0    0  9  0  30.86
232381          1327412+112027   27  15 178     0   6777-99      0   0    0   0     00 0  0  0    0  9  0  38.05
232502          1327506+122712   17  15 179     0   6530-99      0   0    0   0     00 0  0  0    0  9  0  46.85
232382          1327574+115231   50  20 167     0   6619-99      0   0    0   0     00 0  0  0    0  9  0  23.53
232383          1328048+114137   40  32 165     0   6881-99      0   0    0   0     00 0  0  0    0  9  0  21.90
232287          1328092+105817   26  20 173     0   7179-99      0   0    0   0     00 0  0  0    0  9  0  52.99
232220          1328099+112637   36  22 175     0   6580-99      0   0    0   0     00 0  0  0    0  9  0  28.72
232503          1328130+124214   46  16 170     0   6877-99      0   0    0   0     00 0  0  0    0  9  0  58.15
232289          1328199+105504   91  31 161     0   6812-99      0   0    0   0     00 0  0  0    0  9  0  55.10
232504          1328202+124544   60  11 176     0   7423-99    123 222 7414 172  A50J175  0  0    0  9  0  60.94
232221          1328228+112651   29  22 174     0   7054-99      0   0    0   0     00 0  0  0    0  9  0  26.45
232384          1328249+114725   36  21 164     0   6192-99      0   0    0   0     00 0  0  0    0  9  0  16.23
232505          1328318+125040   50  18 171     0   6987-99      0   0    0   0     00 0  0  0    0  9  0  64.99
232506          1328319+122638   40  37 163     0   6929-99      0   0    0   0     00 0  0  0    0  9  0  41.90
232507          1328358+120356   46  25 164     0   6943-99     99 285 7040 260  A50J375  0  0    0  9  0  21.44
230350 N5165    1328392+112313  110  60 146    10   6884  0      0   0    0   0     00 0  0  0    0  8  0  27.26
232386          1328400+115936   45  23 162     0   7009-99      0   0    0   0     00 0  0  0    0  9  0  17.54
230351 N5167    1328401+124239   60  55 147   151   7540 -1    147 231 7480 159  A50J175  0  0    0  9  0  56.72
230352A072-079a 1328417+113631   66  20 158   100   7312 -1      0   0    0   0     00 0  0  0    0  8  0  16.23
232387          1328426+113432   22  17 179     0   7326-99      0   0    0   0     00 0  0  0    0  9  0  17.46
230353B072-079b 1328428+113730   10  10 175   900   7436-98      0   0    0   0     0965  0  0    0  8  0  15.39
232222          1328486+110157   38  28 169   300   6152-99      0   0    0   0     00 0  0  0    0  9  0  46.55
232388          1328498+113041   19  16 179     0   7148-99      0   0    0   0     00 0  0  0    0  9  0  19.48
232389          1328499+112012   34  22 172     0   6662-99      0   0    0   0     00 0  0  0    0  9  0  28.94
232392A         1328523+114521   41  35 170   160   7157-99    148 230 7151 204  A50J175  0  0    0  9  0   9.72
232223          1328560+105242    0   0 165     0   6999-99      0   0    0   0     00 0  0  0    0  9  0  55.29
232394          1328597+113230   19  15 180     0   6379-99      0   0    0   0     00 0  0  0    0  9  0  16.70
232290          1329024+105456   45   9 181   160   7118-99      0   0    0   0     00 0  0  0    0  9  0  52.86
230356 072-083  1329042+121416   55  15 157   300   7246  0    193 224 7258 405  A50J175  0  0    0  9  0  27.75
232395          1329051+114505   20  18 181     0   7219-99      0   0    0   0     00 0  0  0    0  9  0   6.77
232396          1329067+112944   37  21 172     0   6778-99      0   0    0   0     00 0  0  0    0  9  0  18.58
232509          1329100+124608   29  18 177   300   7048-99    108 219 7127 345  A50J375  0  0    0  9  0  59.04
232397          1329104+112226   25  12 184     0   6738-99      0   0    0   0     00 0  0  0    0  9  0  25.40
230358 072-085  1329133+115612   50  15 157   100   7111  0      0   0    0   0     00 0  0  0    0  9  0   9.90
  8472 072-084  1329136+111633  100  30 153   100   6552  0      0   0    0   0     00 0  0  0   45  6  0  31.07
232398          1329148+113560   36  14 172     0   6701-99      0   0    0   0     00 0  0  0    0  9  0  12.01
230359 072-086  1329154+111211   44  44 154   110   7033  0      0   0    0   0     0065  8 60    0  8  0  35.35
232511          1329165+122922   26  20 179     0   7335-99      0   0    0   0     00 0  0  0    0  9  0  42.20
232399          1329168+113150   59  17 172     0   7273-99      0   0    0   0     00 0  0  0    0  9  0  15.88
232400          1329188+115226   27  15 181     0   6688-99      0   0    0   0     00 0  0  0    0  9  0   5.95
232512          1329188+123937   20  14 181     0   7477-99      0   0    0   0     00 0  0  0    0  9  0  52.39
231368          1329203+115457   35  30 168     0   6254-99      0   0    0   0     00 0  0  0    0  9  0   8.09
238670          1329207+114424   59  33 161   100   7026-98      0   0    0   0     00 0  0  0    0  8  0   3.89
  8476 N5171    1329215+114405  110  80 147    15   6878 27      0   0    0   0     00 0  0  0   10  6  0   4.01
232402          1329230+113405   53  17 163     0   6460-99      0   0    0   0     00 0  0  0    0  9  0  13.38
230361 072-088  1329232+113927   50  20 157   120   7410 -1      0   0    0   0     0065  0  0    0  8  0   8.11
230364BN5177    1329243+114749   62  20 154    10   6511 -1      0   0    0   0     00 0  0  0    0  8  0   1.76
713440C         1329246+114816   21  16 182   100   6467-98      0   0    0   0     00 0  0  0    0  8  0   1.87
232010          1329246+114336    0   0   0     0   7432-99      0   0    0   0     00 0  0  0    0  0  0   4.05
230363AN5176    1329250+114653   50  20 154   300   7099 -1      0   0    0   0     00 0  0  0    0  8  0   1.58
232403          1329253+120240   40  36 164     0   6868-99      0   0    0   0     00 0  0  0    0  9  0  15.42
230365 072-095  1329257+115436   90  40 156   120   6720-99      0   0    0   0     0065  0  0    0  9  0   7.41
  8475 N5174    1329258+110028  370 200 137   160   6779 27   1873 268 6835 591  A50J175  1 90  160  6  4* 46.87
233870          1329284+113919   33  17 172     0   7476-99      0   0    0   0     00 0  0  0    0  9  0   8.03
  8478 N5178    1329294+113729  110  70 150   110   6304 -1      0   0    0   0     00 0  0  0   95  6  0   9.84
230366 N5179    1329308+114444   50  33 149    15   7721-99     41 229 7709  58  A50J375  0  0    0  9  0   2.59
231920          1329341+113809   49  21 170     0   6488-99      0   0    0   0     00 0  0  0    0  9  0   9.19
230367 072-096  1329355+114150   35  30 157   900   6548-99     88 264 6549 117  A50J375  0  0    0  9  0   5.58
233871          1329365+113624   21  19 180     0   6679-99      0   0    0   0     00 0  0  0    0  9  0  10.99
232405          1329369+112743   23  20 181     0   6318-99      0   0    0   0     00 0  0  0    0  9  0  19.65
232406          1329396+111612   29  14 179     0   6469-99      0   0    0   0     00 0  0  0    0  9  0  31.18
232407          1329506+112100   53  15 175     0   6749-99    100 224 6740 256  A50J375  0  0    0  9  0  26.74
230373 072-101  1329507+122046   66  22 156   110   6472-98      0   0    0   0     00 0  0  0    0  8  0  33.79
  8486 072-102  1329568+110419  120  50 156   160   6711-27    182 233 6752 258  A50J175  8 91  155  6  5* 43.46
232519          1330032+125605   27  12 178     0   6948-99      0   0    0   0     00 0  0  0    0  9  0  69.21
232291          1330096+105724   31  12 185     0   7257-99      0   0    0   0     00 0  0  0    0  9  0  50.80
233873          1330138+113238   46  26 173   170   6669-99     74 216 6681 199  A50J375  0  0    0  9  0  18.01
233636          1330152+125032   19  14 191   170      0-99    133 253 7710 267  A50J175  0  0    0  8  0  64.12
233637          1330213+122901   20  20 210   400      0  0     51 209 7197  51  A50J175  0  0    0  8  0  43.46
232522          1330251+122451   23  23 178     0   7306-99      0   0    0   0     00 0  0  0    0  9  0  39.78
230380 073-002  1330399+113541   70  20 156   160   7274-99    112 245 7244 303  A50J375  0  0    0  9  0  20.45
230381 N5191    1330474+111206   90  50 149    10   6541 -1      0   0    0   0     00 0  0  0    0  0  0  39.86
232524          1330485+121628   21  11 180     0   7672-99      0   0    0   0     00 0  0  0    0  9  0  34.74
230382 073-004  1330516+105621   55  22 156   100   6426-99      0   0    0   0     00 0  0  0    0  9  0  54.64
232279          1331001+113137   23  20 168   500   6768-99      0   0    0   0     J275  0  0    0  9  0  26.84
230384 073-006  1331025+112159   30  22 155    10   6720 -1      0   0    0   0     00 0  0  0    0  0  0  33.79
232292          1331038+110136   37  19 171     0   7298-99     51 208 7335  28  A50J375  0  0    0  9  0  51.04
232409          1331102+114959   51  24 172     0   7509-99      0   0    0   0     00 0  0  0    0  9  0  24.37
230389 073-011  1331219+104333   66  22 155   120   6345  0    262 236 6304 269  A50J175  0  0    0  9  0  69.30
232225          1331259+110219   31  24 171     0   6594-99      0   0    0   0     00 0  0  0    0  9  0  53.06
  8515 073-013  1331510+111501  110  15 151   130   6944 -1      0  88 6945   0     0064  0  0    3  6  0  47.07
232412          1331545+114824   39  31 174     0   7007-99     48 206 6965  48  A50J375  0  0    0  9  0  35.08
230409 073-020  1332363+113541   22  22 156   500   6779 -1      0   0    0   0     00 0  0  0    0  0  0  46.78
233874          1333015+120307   20  12 182     0   7517-99      0   0    0   0     00 0  0  0    0  9  0  53.81
230417 073-025  1333188+110701   30  30 156   110   7569-99    186 235 7612 132  A50J175  0  0    0  9  0  68.80
