331778    0.0058  33.16500
102897B   0.0229  28.19139
104563B   0.0292  27.66444
104571    0.0325  32.71417
104240    0.0358  30.30445
331406    0.0367  25.34945
331407    0.0708  25.71056
104286    0.0787  32.64528
104573    0.1187  32.75778
104572B   0.1221  32.78222
104023    0.1867  33.75667
103421    0.1892  30.89917
103810    0.2013  32.41278
104288B   0.2371  33.35639
103021B   0.2396  28.90750
103568B   0.2567  30.90306
104780A   0.2758  32.37639
102834    0.2871  30.18583
103570B   0.2913  32.40611
103569A   0.2921  32.39917
102835    0.2925  31.54167
331774    0.3083  34.68306
102836    0.3646  31.99333
102706    0.3788  25.34333
102595    0.3900  27.40055
102707    0.3954  25.45194
102596    0.4358  27.52806
104241    0.4542  30.98722
102831A   0.4954  30.98278
104513    0.5708  34.38111
332325    0.5779  35.24222
331091    0.6075  33.94972
103422    0.6200  30.80778
104291    0.6533  33.38861
104581B   0.6604  33.60056
104027    0.6800  33.13139
104242    0.6887  31.46139
103015    0.7083  28.29028
104292    0.7258  33.49805
103879B   0.8133  32.84917
104028    0.8296  27.85083
104293    0.8379  24.06500
104213    0.8442  33.71361
104231    0.8508  32.66472
104031    0.8546  24.13278
103811    0.8696  32.16000
104294    0.8846  24.46528
102716    0.8850  25.11500
104029    0.8938  24.21750
102708    0.9004  25.53444
104228    0.9308  32.45500
102837    0.9596  30.59139
102947    0.9667  28.45361
101102    1.0308  33.29972
104611    1.0646  33.30583
100021    1.0662  32.04917
104032A   1.1454  25.67722
104296    1.1608  33.42944
102598    1.1662  26.52194
100027    1.2008  32.27278
101103    1.2083  33.57444
102573    1.2242  28.12500
100788    1.3996  27.55750
104299    1.4629  31.46194
104287    1.4942  32.92639
104036    1.5221  27.73167
103423    1.5338  30.91917
102599    1.5379  27.82361
104300    1.5525  28.17278
104301    1.5692  33.49972
104302    1.5775  28.22694
102948    1.6467  28.30917
104303    1.6542  25.18222
104583    1.6667  33.09333
104584    1.6712  33.08639
104586B   1.6883  33.14833
104304    1.7196  26.72750
104305    1.7354  24.80806
104037    1.7442  34.30167
104587    1.7550  33.88583
104527    1.7754  34.49556
104307    1.8008  29.51333
101780    1.8142  33.91750
101098    1.8162  33.12917
104308    1.8196  33.88750
104588    1.8204  33.88750
104309    1.8217  30.36917
103025B   1.8692  32.07084
104310    1.8912  25.67611
104311    1.9021  29.01528
104214    1.9083  33.34028
104312    1.9579  33.08306
104589    2.0150  32.17139
104040    2.0321  34.09555
104313B   2.0542  27.51139
101096    2.0858  32.99389
101100    2.0892  33.01167
104314    2.1017  29.76306
101099    2.1117  32.97083
104315    2.1421  28.18639
104316    2.1467  34.83000
102600    2.1996  27.39083
104317    2.2096  32.04472
104329    2.2429  32.59917
103952B   2.2542  27.78500
104318    2.3221  32.55389
104319    2.3408  32.88583
104320    2.3988  33.55667
100836    2.4504  33.27472
103882    2.4571  28.52500
101784    2.4750  28.54972
103884    2.5175  28.40639
103026B   2.5192  28.22917
104322    2.5246  30.17028
101065    2.5387  29.15861
103883    2.5592  28.48472
102839    2.5604  30.32000
104323    2.5762  28.16583
104324    2.5896  26.21167
103493    2.5954  23.66833
101064    2.6196  29.02695
104325    2.6312  28.73833
103027    2.6350  29.10750
104326    2.7196  31.51333
104202B   2.7237  25.56306
102709    2.7321  25.40195
101645    2.7525  34.86389
101069    2.7804  29.08500
101785    2.7821  33.90361
103311B   2.8042  23.97139
101067    2.8129  28.98639
104348    2.9483  25.45306
103363B   2.9804  23.02917
104330    3.0363  24.72778
103028B   3.0404  29.31944
102833B   3.0408  30.27444
100084    3.1150  32.75278
101104    3.1354  27.89528
103315B   3.1471  23.74250
104331    3.1658  30.99583
102951    3.1858  27.97083
103029    3.2071  30.05278
104332    3.2171  35.50028
104333    3.2225  25.15722
104334    3.2292  29.16361
102841    3.2329  31.42278
104336    3.2967  24.90250
104337    3.3050  27.83083
102602    3.3071  26.36667
104338    3.3600  27.44278
104349    3.3729  27.46194
104339    3.3812  30.39861
104350A   3.4008  30.37972
104351B   3.4092  30.37917
102842    3.5796  32.02917
104060    3.6337  29.44250
104340    3.6875  27.81750
102843A   3.7142  30.41917
103715B   3.7342  30.43167
104063    3.7458  23.45917
104341    3.7696  25.09472
104342    3.9583  27.23667
104343    3.9671  25.91833
104344B   3.9842  27.47222
104352A   3.9917  27.47611
104345    4.0000  29.39500
104346    4.0683  25.13694
104335    4.1429  24.42111
104353    4.1863  28.21861
102844    4.2379  30.52806
104597    4.2383  32.77139
100135    4.2692  35.27278
104596    4.2871  32.73778
101824    4.3254  27.29889
104354    4.4179  25.09222
104355    4.4204  24.40361
104357    4.5162  29.37306
104358    4.5204  25.64917
104359    4.5492  32.32084
104372    4.5942  32.33139
104360    4.5971  24.77472
104361    4.6108  30.15639
104233    4.6171  30.00111
104373    4.6258  30.16778
104362    4.7771  33.24333
102286    4.9646  26.60111
102848    5.0325  30.23583
102287    5.1046  26.60111
104365    5.1308  30.01333
104374    5.1333  33.69222
104366    5.1442  33.63139
104188B   5.1788  29.83417
101794    5.2171  26.98306
104099    5.2512  27.82000
104369    5.2596  32.57417
104516B   5.2604  34.03778
104356    5.2713  27.30389
103716B   5.2946  29.53306
100840    5.4304  23.91806
104375    5.4479  35.53639
104376B   5.4492  30.09083
104377    5.5587  27.47445
104379    5.6200  24.13445
100984A   5.7025  35.69167
104523B   5.7088  35.69250
102295    5.7296  26.13056
104235    5.7537  30.36028
102253    5.7975  26.86528
104382    5.8133  30.86611
104383    5.8475  27.46222
104517    5.8554  35.04361
104385A   5.9008  28.02944
104386    5.9063  26.97778
104391B   5.9175  28.04028
104236    6.0092  30.07806
104387    6.0204  27.42306
104079    6.0896  27.78889
104388    6.1042  29.19028
104083    6.1050  27.74333
104389    6.1092  28.05278
100223    6.1575  25.01528
104392    6.1633  23.88083
102568    6.2054  27.62944
104084    6.3750  27.68306
104087    6.3804  27.58278
104394    6.4004  27.80028
104080A   6.4188  27.53111
104395    6.4467  23.09250
104237    6.6579  30.02917
104238    6.6654  30.04750
103717    6.6783  26.82222
104189    6.6925  23.66306
104405    6.7417  26.76000
102849    6.7575  31.20111
104396    6.7717  25.74000
104397    6.8046  24.76444
102296    6.8146  26.44000
104398C   6.8658  30.99000
103376    6.8675  23.75611
104088    6.8683  32.04583
102889B   6.8850  30.99028
104399    6.8858  24.50528
104091    6.8971  32.06389
104243    6.9333  30.14694
104244    6.9679  30.32750
104092    6.9921  32.05389
104400    6.9933  30.50889
101074    7.0392  30.75583
102256    7.0654  28.08028
104089    7.1629  31.39806
104403    7.1804  23.49667
101818    7.2663  27.42306
104406    7.3146  30.78333
104404    7.3700  30.81278
   293A   7.3721  26.37750
102957    7.3729  28.28333
104393B   7.3746  24.63445
102298    7.3754  27.18222
104407A   7.3829  24.63528
104425    7.4171  26.88944
104402    7.4392  27.47639
104541    7.4488  35.42028
104410C   7.4492  24.84250
104408B   7.4633  24.85667
104409    7.4658  26.08639
104412D   7.4829  24.87389
102850    7.4925  30.97556
104426    7.5108  26.73556
104413    7.5133  26.84556
103379B   7.5896  23.89611
103501B   7.6883  23.97000
104414    7.6887  25.67444
103498A   7.6908  23.96611
104416    7.7346  32.12167
104427    7.7671  32.09195
102851    7.7913  31.52389
104101    7.8129  30.16583
101799    7.8192  30.32972
104247    7.8913  31.34556
104245    7.9075  31.36333
104246    7.9196  31.37056
104250    7.9433  31.42139
102958    7.9837  29.60222
100289    8.0183  31.11695
104251    8.1350  30.10222
104417    8.1608  31.79194
103499    8.2175  23.83722
104253B   8.2346  30.07139
104252A   8.2433  30.06167
102852    8.2875  30.85472
104418    8.3204  28.20278
104419    8.3387  24.95278
104420    8.3521  26.16889
102959    8.4754  29.51972
104256    8.5013  30.05778
104421    8.5075  23.41055
104422    8.5692  24.81000
104423    8.6100  23.98500
104120    8.8042  24.57806
104257    8.8058  30.19611
104598    8.8275  32.07195
104428    8.8825  30.20833
103565B   8.9167  31.82667
103090B   9.0363  25.73444
100911    9.0625  23.94389
102960    9.0712  28.74583
104429    9.1842  30.65778
104430    9.3258  29.07694
104124    9.3463  31.95833
101811    9.3517  31.77083
104431    9.3962  24.88500
104432    9.3975  31.47556
104442    9.4183  29.16945
102961    9.4983  28.68861
101077    9.5121  29.60667
104258    9.5438  31.99694
103367B   9.6258  23.59861
104234    9.6608  30.45778
104190A   9.6617  30.91806
104191B   9.6654  30.92167
104259    9.6875  32.00972
104433    9.7083  30.15333
104434    9.7537  25.13333
104239    9.7550  30.49972
104436    9.7992  24.50972
104437    9.8454  27.13056
104438    9.9442  23.92306
104439    9.9575  29.44639
101800    9.9817  28.12139
104444   10.0738  23.94667
102300   10.1350  26.66389
102962   10.2450  29.01972
104440   10.2617  33.95806
100766   10.2625  31.98750
102963   10.3525  28.19306
104441   10.4150  31.23667
103719   10.4408  28.84861
103718B  10.4575  28.82000
104138   10.4762  29.61000
104445   10.5246  33.67000
104271   10.5550  33.38583
104140   10.5579  29.66889
104446   10.5712  28.26194
   445   10.5842  30.30278
104141   10.6775  30.67778
104447   10.6854  32.54361
104560B  10.7288  35.35250
102290   10.7425  26.26389
102854   10.8458  30.49306
104561B  10.9629  35.20222
104448   10.9779  25.25472
102715   11.0062  25.50333
102860A  11.0146  30.34611
102711   11.0192  25.50444
104450   11.0942  27.29417
104522   11.1025  35.23306
104521   11.1375  35.27389
104451   11.1579  34.80806
104452   11.2308  27.54445
103388   11.2771  23.80389
104453   11.3208  26.46056
104454   11.3783  31.77000
104455   11.3846  34.05444
104456   11.4208  30.99667
104463   11.4917  25.92778
102997   11.5017  25.25222
102999   11.5033  25.29222
102271   11.5142  27.79167
104457   11.5217  25.90306
103720   11.6088  30.34805
102856   11.6171  30.33389
104458   11.6667  23.44139
104097   11.6808  29.80278
104464   11.6904  23.47305
104460B  11.8162  29.13361
103721B  11.8396  29.88278
102712   11.8946  25.69056
104461   11.9508  30.94056
104483   11.9892  29.97667
104467   12.0088  25.21667
104468   12.0475  29.95139
104158   12.0679  31.89000
104166   12.1642  31.96000
104469   12.1825  28.22528
104167   12.1846  31.97111
104170   12.2129  24.73306
104159   12.2142  24.68472
104260   12.2304  31.98389
104470   12.2396  25.73139
104171   12.2404  24.76083
104261   12.2508  31.92583
102858   12.2513  30.38694
103509   12.2754  23.46972
104172   12.2783  24.64889
102967   12.3421  28.59750
104173   12.3467  24.60028
103424   12.3483  31.92500
103510   12.3629  23.00500
103552H  12.3667  23.60583
104203   12.3871  24.03528
104168A  12.4050  32.23195
104169B  12.4058  32.23500
104206   12.4617  24.06889
104262   12.4725  30.24167
104472   12.4871  28.97611
104473   12.5167  23.80389
104474   12.5408  29.45750
104475A  12.5479  27.82833
104476B  12.5617  27.81139
104263   12.5817  30.31389
103553   12.6342  23.60278
104477   12.6492  26.83361
103016B  12.6558  29.15278
104484   12.6950  23.90778
104478   12.7304  23.92861
104606B  12.7708  33.89361
104479   12.8096  24.61944
104480   12.8246  30.44861
104501   12.8683  35.59278
102713   12.8692  24.69333
104482   12.8796  29.97833
104485   12.8908  35.69222
104500   12.9063  35.62083
104486   12.9263  32.39611
103394B  12.9725  23.49444
104502   12.9921  25.68194
104487   13.0467  25.67778
100822   13.0579  24.24167
100785   13.0583  24.37056
100823   13.0717  24.30806
102293   13.0742  26.06278
104215   13.0863  30.43889
103089   13.0933  29.67861
100825   13.1108  24.28194
104607   13.1325  32.54639
100826   13.1438  24.37833
100827   13.1550  24.32583
100828   13.1625  24.31306
104154   13.1908  32.43500
104488   13.1912  25.91972
104155   13.2025  32.45778
104489   13.2125  35.84611
100831   13.2225  24.30389
100832   13.2250  24.38472
104156   13.2754  32.55778
103415   13.3004  32.52945
103413   13.3142  32.54389
104490   13.3650  28.96167
102970   13.4113  28.72528
104163   13.4350  24.33583
104491   13.5196  28.37861
102971   13.5517  28.93333
104264   13.5800  30.00750
101805   13.5975  29.04806
104493   13.6058  28.99361
104494   13.6192  29.13305
101079   13.6462  31.45194
102787   13.6467  31.77194
104495   13.6712  24.48556
104497   13.6817  33.02056
104265   13.6829  30.16806
104281B  13.7000  31.75000
104174   13.7113  32.14500
104282C  13.7188  31.73806
104284E  13.7321  31.72000
104164   13.7362  32.11972
103399   13.8004  23.77361
104285   13.8117  31.65195
103398   13.8417  23.72611
103395A  13.8725  23.76889
103397   13.9008  23.79028
104498   13.9421  27.28361
104499   13.9525  23.07556
102974   13.9892  29.80639
104267   14.0317  30.39333
104268   14.0542  30.37500
104183   14.1537  33.84056
100677   14.1746  27.02750
104162   14.1946  30.14000
104496   14.2092  25.27083
104182   14.2125  33.15472
102604   14.3104  27.07028
101080   14.3825  33.15694
101679   14.5212  30.64889
103508   14.5942  23.08361
103405   14.5954  23.72889
104269   14.6425  30.51500
104505   14.6717  28.32806
104184   14.7288  34.17528
104510A  14.7496  30.52361
104506B  14.7517  30.52695
104270   14.7671  30.56306
104507A  14.7746  26.46139
104508   14.7937  29.16722
104504B  14.7967  26.46139
104185   14.8125  34.30750
104509   14.8133  30.57861
100759   14.8512  35.53028
104186   14.9921  34.27611
115040   15.0333  32.67194
115349   15.0467  30.61083
115118   15.0675  34.26556
115350   15.1700  30.57611
115119   15.1842  34.27667
115351   15.2079  23.56833
115296   15.2192  30.15139
113776   15.2558  25.88167
114125B  15.2700  29.94028
115298   15.2712  30.11111
115120   15.3037  34.24055
115299   15.3329  30.15750
115064   15.4179  28.07722
115353   15.4717  33.62500
115387   15.5138  35.93667
115041   15.5333  32.78972
115354   15.6700  24.35917
115066   15.6821  30.38750
115348B  15.7033  25.86083
114830   15.7471  27.34500
113778   15.7508  26.57333
115584   15.7625  35.49889
115355   15.7638  24.03778
115585   15.7946  35.47889
115356   15.8229  33.71139
115357   15.8496  33.46639
113779   15.8596  28.13028
113780   16.0108  26.52667
115123   16.0263  34.41945
115366   16.0392  24.87750
115358   16.0483  30.88056
115364   16.0633  30.91055
114071   16.0829  28.58917
115365   16.0958  30.92833
115359   16.1067  24.89417
115042   16.1367  32.78083
115360   16.1608  27.50083
115641   16.2321  33.25500
115361   16.3125  24.78278
115362   16.3488  24.61361
115363   16.3567  34.37111
114709B  16.3804  27.50889
113859   16.4329  24.72056
113781   16.4396  25.93417
115367   16.4604  34.67083
113869B  16.4792  24.57611
114072   16.5338  28.30528
113860   16.5658  25.67611
115369   16.5796  25.53667
113782   16.5887  26.30194
115370   16.6087  25.32806
114459   16.6108  24.85500
115371   16.6254  32.94722
115070   16.6413  35.87611
115712   16.6533  32.44778
114460   16.6537  24.88750
115372   16.6713  24.54556
115083   16.7100  28.73556
111408   16.7392  32.22306
115073A  16.7508  28.75945
115082C  16.7583  28.75583
115053   16.8162  32.78583
115124   16.8333  34.68222
115076   16.8442  32.58167
114515   16.9271  32.32028
114073   16.9592  30.07250
114544   16.9617  32.50000
111416   17.0292  33.59583
115642   17.0829  32.43195
114074   17.1038  28.54917
115643B  17.1092  32.42944
114133A  17.1296  24.68639
114134B  17.1354  24.64444
114547   17.1812  32.43333
115373   17.1821  28.67472
115644   17.2204  32.33417
111453   17.2821  33.48778
115374   17.2896  34.94861
115645   17.3208  32.14444
115385   17.3421  32.23889
115052   17.3500  32.78944
115375   17.3608  34.53695
115647   17.3867  32.41167
115376   17.3988  31.94555
115377B  17.4071  32.19806
115384B  17.4117  34.51528
115378   17.4129  35.38445
115379   17.4142  35.00583
115646   17.4258  32.40417
111421   17.4313  32.68945
114639   17.4654  23.42917
111427   17.4804  33.19556
113783   17.5475  26.51278
111426   17.5496  33.23195
115386   17.5721  32.92583
115381   17.6525  24.51944
115382   17.6613  31.73167
111422   17.6929  33.07000
115342B  17.6942  33.55750
115265A  17.7792  33.60444
115631B  17.7850  33.59945
110853   17.7871  35.34195
115125   17.8017  34.82111
115098A  17.8421  23.78361
115099A  17.8554  26.45639
114553   17.8825  33.05833
114554   17.9046  33.06667
113784   17.9075  27.74944
114555   17.9137  33.08889
115104   17.9312  26.42000
115388   17.9488  28.36139
115403   18.0250  33.44389
115050   18.0263  33.24445
114556B  18.0808  33.35167
115390   18.0929  33.49694
115391   18.0942  23.75472
115404   18.1042  23.82083
114557C  18.1183  33.37695
115392   18.1517  25.10861
114205   18.1575  32.78361
112479A  18.2188  27.53056
114492B  18.2292  27.52444
115126   18.2333  34.98944
112510   18.2388  27.63361
115405   18.2429  30.45944
115393   18.2808  30.56083
115394B  18.2842  34.02806
115395A  18.3492  31.02500
115396   18.3962  32.96222
115127   18.4325  34.90167
114093B  18.4483  28.35167
115107   18.4496  27.30667
114075A  18.4513  28.37111
110761   18.5258  35.15333
115652   18.5688  33.21000
115054   18.5696  33.44139
115653   18.5792  33.03528
115616   18.5896  35.14611
115129   18.6137  32.67805
115057   18.6629  33.37250
115303   18.7004  30.45083
115058   18.7058  33.45833
111064   18.7225  30.34278
115654   18.7421  33.00555
115059   18.7483  33.45722
115060   18.7612  33.49194
111454   18.7696  32.08306
113979   18.8000  31.58667
114643   18.8154  23.91306
114642   18.8183  23.95806
115397A  18.8188  25.96000
115304   18.8254  31.57222
115408B  18.8267  25.96194
115061   18.8975  33.47611
114076   18.9367  29.10944
115398   18.9388  26.76139
115301B  18.9404  30.66167
111434   18.9517  33.70528
113980   18.9521  31.71611
111435   18.9729  33.92417
111436   19.0287  33.62806
114468   19.0304  33.05139
114206   19.0608  32.69861
115577   19.0646  34.25111
114207   19.1033  32.67833
113981   19.1104  30.93583
115399   19.1246  28.63361
115570   19.1321  34.18111
115656   19.1346  32.89305
115569   19.1712  33.49722
114651   19.2083  23.71194
110182   19.2154  23.15278
114652   19.2650  23.71472
115302   19.2796  31.51306
115664   19.2921  32.90333
115665   19.2942  32.91472
114209   19.3446  32.69917
115666   19.3975  33.52917
115269B  19.4079  24.13611
115401B  19.4325  26.95250
115668   19.4813  33.46472
115571   19.5429  34.37944
114831B  19.5512  27.14694
115424   19.6017  31.44555
115142   19.6404  26.62806
115402   19.6571  33.33139
114465   19.6842  33.17722
115409   19.6950  28.45528
115425   19.7083  31.34805
115134   19.7283  26.68333
115141   19.7325  26.69000
115410   19.7537  34.67528
115423   19.7558  28.47000
115411   19.7725  31.42250
115412   19.7925  33.73944
115143   19.8192  26.64528
115414   19.8462  33.75667
115572   19.8667  35.63833
114645   19.8733  23.10111
115427   19.8954  34.21083
115415   19.8983  30.60944
114653B  19.9146  23.00472
114466   19.9296  26.07889
115417   19.9808  27.38556
110212   20.0283  33.18444
115431D  20.0921  32.47611
113787   20.1125  27.24139
115429B  20.1146  32.46139
115430C  20.1204  32.48500
112328   20.1513  35.00972
114470   20.2221  33.08139
113819C  20.2483  25.53500
113982   20.3387  30.38583
115670   20.3463  33.72000
114562   20.4050  33.55278
111440   20.4896  33.46250
111441   20.5467  33.44167
115162   20.5967  27.15028
115161   20.6142  27.20222
115156   20.6371  27.20222
115420   20.7017  34.58861
113788   20.7333  26.90833
115346   20.8258  33.53583
115421   20.8346  29.50194
114564   20.8533  33.28000
115422   20.8808  26.96583
114473   20.8888  32.88417
114472   20.9100  32.89389
115432   20.9133  31.86639
115433   20.9192  28.57667
114471   20.9388  32.97944
114567   20.9487  33.41583
115434   20.9987  32.70389
115435   21.0225  28.43694
115448   21.0496  32.78556
115451   21.0592  28.46250
115437   21.0821  31.70167
115449   21.0925  32.68945
115578   21.1021  34.04417
115450   21.1250  32.68722
115452   21.1621  28.39694
115438   21.2117  32.76583
115454   21.2150  32.74917
115439   21.2638  33.57250
115440   21.2883  28.10611
111445   21.3179  33.03056
112514   21.3179  28.06167
115441   21.3325  23.28889
115168   21.3508  30.97528
115442   21.3662  33.80639
115443   21.3725  31.66528
111099   21.4492  33.34528
115170   21.4688  32.20195
115455   21.4717  33.85556
115456   21.4946  33.75417
113917B  21.5521  31.48722
115445   21.5525  26.27611
113983   21.5746  30.10944
112551   21.6017  29.69750
113984   21.6342  31.70361
115446   21.6508  33.65389
115447   21.6588  31.74306
114474   21.6629  32.95361
115458   21.6642  31.63305
113789   21.8371  27.16833
115459   21.8700  33.85833
115167   21.9100  33.17111
115460   21.9550  30.93472
115461   22.0033  28.99889
115462   22.0654  34.13028
113975B  22.1246  31.49361
113861   22.1450  24.18639
115204   22.1450  32.88556
115464   22.1908  31.69833
111459   22.1950  32.14139
111449   22.2054  32.12695
115179   22.2129  30.50306
111451   22.2275  32.19250
114079   22.2279  29.60556
111457B  22.3408  32.04722
115181   22.3700  35.42639
115472   22.4171  33.95555
115466   22.4308  33.93528
115347   22.5400  25.88778
115468   22.5754  28.60972
115470A  22.7583  34.15778
115473B  22.7813  34.17472
115206A  22.7917  33.24250
115207B  22.7950  33.25778
115205   22.8492  33.14389
115211   22.9037  33.32222
112517   22.9092  27.29000
115210   22.9108  33.36167
111461   22.9237  35.30750
110982   22.9263  34.96222
111460   22.9546  35.28167
115213   22.9638  33.64750
115678   22.9696  32.90333
115212   23.0179  33.50000
115474   23.0950  25.29361
115471   23.1125  25.31861
114839B  23.1450  31.34556
113976B  23.1458  31.87667
115598   23.2308  34.67694
115199   23.2867  31.79806
114080   23.2937  28.74861
115604   23.3237  34.70945
115193   23.4033  31.74306
115214   23.4563  33.80444
115215   23.5667  33.89889
113862   23.6192  25.42139
115486   23.6892  34.31667
112340   23.7225  33.97222
115487B  23.8075  26.27167
115574   23.8162  34.94750
115217   23.8250  34.07111
115478   23.8417  26.21889
112342   23.8883  34.48444
115607   23.9217  33.56611
115575   23.9237  35.63000
114711A  24.0063  34.19722
114728B  24.0133  34.32667
115606   24.0487  33.61778
114713   24.0658  34.22055
115479   24.0763  23.17056
115488   24.1204  23.20639
111203   24.1850  35.25555
115490   24.1862  31.90083
115480A  24.2029  31.99250
115489B  24.2038  31.99500
110854   24.2600  31.91333
110983   24.3767  32.10083
114129B  24.4346  24.53111
115219   24.4492  23.32833
115603B  24.6658  35.31556
115482   24.7171  29.52833
114510B  24.7171  23.71917
115491   24.7183  32.59806
115483   24.7500  32.61666
115222   24.9304  32.84750
115272   24.9313  30.72028
112488   24.9808  32.85167
114081   24.9992  29.80167
115481   25.0096  31.04194
115492   25.0212  32.00667
115494   25.3462  32.40528
114135   25.3875  30.51111
113977B  25.4263  31.50361
114137   25.4329  30.41278
115495   25.4567  32.89611
115496   25.5379  32.51639
115497   25.5608  23.72111
115498   25.5721  29.37028
115499   25.5867  26.99778
115624   25.6029  34.10944
115504   25.6213  26.99361
115500A  25.7033  29.82833
115505B  25.7146  29.83472
113303   25.7421  27.56556
113987   25.7450  31.21056
114518   25.8200  23.22917
115579   25.8204  35.46750
114517   25.8350  23.14917
114083   25.8467  29.78583
112489   25.8617  35.84056
114519   25.8729  23.17278
114520   25.9108  23.46694
115224   25.9250  33.77583
115503   25.9487  29.95555
113864   25.9600  25.11194
114084   25.9879  29.41278
115511   25.9892  28.69444
115506   25.9917  28.78583
115507   26.0025  28.60000
115226   26.0242  25.26222
115508   26.0354  23.25444
115509   26.0887  30.49778
115227   26.0942  32.24917
113308   26.1221  25.85389
115512   26.1342  28.60639
115510   26.1362  28.55445
113865   26.1742  24.40111
115513   26.2463  23.82000
115228   26.2596  29.93056
115229   26.2704  26.63361
114085   26.3608  29.05333
111467   26.3621  28.80694
113989   26.3858  30.45194
115514   26.4121  30.55611
115515   26.4229  25.49833
111468   26.4837  28.77194
111471   26.4871  28.83389
115580   26.5008  34.87639
115230B  26.5187  28.10944
115237A  26.5196  28.10417
115231B  26.5329  23.51667
115232   26.5500  34.96278
115516   26.5567  23.18139
115517   26.5600  32.44972
115518   26.5775  33.48583
114833B  26.6117  28.93583
114522   26.6600  23.00750
115233B  26.6962  27.96000
115520   26.7192  27.77472
115686   26.7663  33.38611
112422   26.7867  28.75167
111668   26.8313  33.82611
115525   26.8350  27.72305
113304   26.9487  26.65778
110898   27.0100  32.49472
115521   27.0154  33.84528
115526   27.0367  26.12417
115522   27.0429  31.05944
115688   27.0508  33.00639
111737   27.0821  32.54861
110899   27.0850  32.56167
114086   27.1092  29.78250
115523   27.1121  26.21445
111791   27.1179  35.18583
110795   27.1287  32.51305
115527   27.1379  26.12111
115239   27.1446  23.54333
114068B  27.1583  28.64917
111665   27.1588  33.88500
110796   27.2075  32.93417
111666   27.2142  33.84306
114132   27.2146  28.59833
115528   27.2246  26.25472
111667   27.2325  33.75083
110797   27.2492  32.89861
110860   27.3083  35.40722
110901   27.3337  32.55639
115529   27.3517  34.07806
111707   27.3675  33.08167
110902   27.3833  32.51750
114087   27.3929  29.66667
110903   27.3996  32.81000
113990   27.4000  30.46111
110904   27.4008  32.97805
110798   27.4121  33.10028
110905   27.4221  33.14000
115582   27.4250  34.84000
115535   27.4329  33.40361
115530   27.4379  23.01778
111713   27.4525  33.26167
111479   27.4567  27.51556
110907   27.4667  32.98611
110908   27.4788  33.11222
115531   27.4979  33.48306
110909   27.5067  33.00472
110910   27.5096  33.03139
115532   27.5329  27.75361
111763   27.5608  35.97194
111721   27.5796  32.81889
111767   27.5804  35.63722
115334   27.5837  32.50528
110912   27.5958  33.11611
115336   27.5967  32.49889
110913   27.5983  33.02222
110914   27.5996  32.48250
111700   27.6000  33.00222
110917   27.6029  32.66361
110916   27.6029  32.61389
111762   27.6063  35.85472
110918   27.6125  32.96750
110919   27.6133  33.15528
111725   27.6213  32.57555
110800   27.6362  32.22583
111698   27.6388  33.07444
110921   27.6392  32.44389
110922   27.6446  32.42083
110801   27.6458  33.22361
110923   27.6542  33.11694
111722   27.6542  32.70055
110557   27.6571  33.04055
113866   27.6658  25.92222
110559   27.6683  32.49583
103519   27.6725  23.42583
111701   27.6750  33.09333
103518   27.6825  23.38139
110925   27.6867  32.71528
114136   27.6929  30.60611
111702   27.6929  33.10972
110926   27.6963  33.20083
110928   27.7121  32.84945
110929   27.7129  33.13945
115338   27.7238  32.51111
111716   27.7317  33.45306
111739   27.7321  32.77306
111704   27.7337  33.08750
110933   27.7379  33.15028
111709   27.7400  32.95639
111717   27.7525  33.43528
111718   27.7583  33.44889
111706   27.7612  33.05472
111764   27.7654  35.78389
110934   27.7712  32.99055
115533   27.7838  31.08417
111723   27.7854  32.93306
110935   27.7950  33.17305
115244   27.7950  30.48833
111708   27.7958  33.07278
115332B  27.7975  32.53500
115333   27.7996  32.54667
115331A  27.8000  32.53556
111710   27.8037  33.07639
111711   27.8067  33.03167
111765   27.8075  35.86000
111738   27.8112  32.82139
111712   27.8188  33.10333
115330   27.8204  32.49833
110936   27.8375  33.07361
114535A  27.8400  23.28333
110938   27.8417  33.63611
111792   27.8575  35.48139
114536B  27.8650  23.27472
110939   27.8667  33.07778
115245   27.8708  30.77056
111793   27.8783  34.90167
111715   27.8825  33.62083
110940   27.8850  33.59139
110941   27.8929  33.51528
110942   27.9071  33.07861
110944   27.9454  33.10111
110945   27.9467  33.00167
111116   27.9675  35.66306
114088   27.9708  30.11722
110946   27.9904  33.35389
111770   27.9992  35.67861
110947   28.0108  33.10778
115117   28.0267  32.93111
115537   28.0500  31.47639
110948   28.0638  33.03028
115341   28.0650  32.59917
115538   28.0717  31.99917
111729   28.0754  33.22833
111730   28.0796  33.20555
110949   28.0837  33.23361
115539   28.0862  31.68500
110950   28.1067  33.00972
115545B  28.1192  32.03222
115546A  28.1271  32.03722
115547   28.1558  31.63250
115092A  28.1975  32.86500
115093B  28.2092  32.87556
115540   28.2413  26.73556
114089   28.2492  28.32778
113991   28.3154  31.50194
110806   28.3296  32.65278
110807B  28.3317  33.14750
115541   28.3892  26.23611
115249   28.4275  26.18944
115542   28.4913  31.77639
115548   28.4967  31.94555
115549   28.5304  31.63445
110808   28.5404  33.81278
110809   28.5796  32.37028
115310   28.6333  31.91111
113961   28.6667  30.03583
115551   28.8217  30.45667
115552   28.8600  29.39556
114539   28.8717  23.84667
115553   28.9387  31.01472
115309   28.9533  31.95611
114069B  29.0088  29.83611
115581   29.0179  35.28056
115554   29.0200  33.47361
114090   29.0700  29.34472
113243   29.0721  30.55611
111658   29.1025  33.06528
110951   29.1096  33.10750
114699   29.1637  33.66195
110952   29.1679  33.23417
110812   29.1725  32.40055
110953   29.2113  33.12583
110954   29.2179  33.13334
111720   29.2188  33.11167
110955   29.2567  33.22805
115252   29.2671  33.24778
115305   29.2800  30.73583
115094   29.3279  33.12778
115306   29.3433  30.68611
115560   29.3525  32.92556
114091   29.3533  29.15556
115095   29.3683  33.17000
115096   29.4258  33.19222
115690   29.4317  32.44639
114092   29.4362  28.22445
111657   29.4550  33.41111
115566   29.5258  25.24972
115567   29.5671  33.22250
112301   29.5696  34.49778
115561   29.5950  25.14278
115562   29.6287  33.19611
115563   29.6325  32.60250
115564   29.6333  28.10806
113868   29.6625  25.12417
115307   29.7292  31.89694
110813   29.7592  31.67139
115308   29.8725  31.88889
115568   29.9517  30.09861
112531   29.9762  26.40055
123261   30.0013  25.91083
124927A  30.0175  32.87556
124928B  30.0208  32.88334
124926   30.1075  32.78722
123227   30.2042  28.16806
112498   30.2412  34.58111
124457   30.2462  35.05944
  1499   30.2925  31.95972
124649   30.3138  24.90611
124650   30.3800  30.43444
124651   30.5108  24.12083
124656   30.5200  24.15944
124652   30.6275  26.07750
123069   30.6438  31.26583
124653   30.7208  28.65861
123180   30.8042  29.46250
124654   30.8096  29.13472
124655   30.8308  32.57389
124658   30.9292  32.32139
123257   30.9388  29.18111
124460   30.9575  32.24445
124659   30.9950  31.05445
124660   31.0504  27.39111
123072   31.1663  30.09750
124930   31.3471  32.96278
121450   31.3725  34.86722
123181   31.3725  29.79833
124662   31.4475  32.15528
124661   31.5433  25.46694
124664A  31.6075  23.66722
124665B  31.6104  23.66667
120032   31.6242  27.94028
122819   31.6637  27.44000
123846   31.7254  23.33333
124939   31.7717  32.98222
124666   31.8350  33.13055
124667   31.9117  29.03056
124470   31.9392  34.90167
124674   31.9500  29.08945
124941   31.9733  32.50861
124940   31.9950  33.07084
120047   31.9963  28.86889
124668   32.0317  26.71083
124669   32.1087  29.20528
124670   32.1162  24.03306
124671   32.1713  27.52333
124672   32.1721  26.30500
124673   32.2050  25.33055
124675   32.2342  26.67167
123921B  32.2858  30.72139
123922A  32.2896  30.70333
114657B  32.2992  23.24556
124475   32.3108  34.95667
123849B  32.3229  23.84333
122929   32.3304  24.53861
122395B  32.3533  30.74306
124680B  32.4800  29.94972
124676A  32.4846  29.95167
122930   32.5050  25.11000
123066B  32.5146  31.86056
123074   32.5579  30.40861
122820   32.6046  26.98750
124677   32.6246  25.80694
123183   32.6287  28.45889
121490   32.6517  25.85667
124679   32.6858  31.31139
124683   32.6958  28.24500
124693B  32.6983  31.47833
124684A  32.6996  31.47000
124681   32.7067  31.28917
124685   32.7117  32.09722
124691   32.7275  28.21944
123184   32.7612  29.85333
124692   32.7750  28.29278
123185   32.7779  28.63833
122148   32.8067  35.42889
124478   32.8092  35.52306
124694   32.8708  25.05583
124688   32.8804  25.14889
122822   32.8908  26.83805
124210B  32.9033  25.98167
124689   33.0325  27.51944
121501   33.0662  29.42528
124690   33.0912  28.57417
121497C  33.1037  29.19611
121498B  33.1104  29.19667
122824   33.1396  26.94417
124695   33.1763  26.76694
124696   33.1925  26.66528
124697   33.1992  31.39722
123076   33.2004  31.18972
122825   33.2442  25.96778
123355B  33.2750  27.93167
123260   33.2954  27.77667
124698   33.3167  24.47278
124456   33.3708  32.75667
122826   33.4012  27.98167
124699   33.4717  30.68556
124700B  33.4929  28.89167
124451   33.5096  31.92111
122402   33.5250  27.84167
124484   33.5429  35.64750
123187   33.5567  28.48250
124706   33.5638  29.24389
124702B  33.5996  29.24195
124705A  33.6050  29.26750
123236   33.6167  25.61000
123427   33.6742  28.15694
124476   33.7171  35.12305
124481   33.7304  35.65750
123078   33.7313  30.99944
123079   33.7383  31.11306
124489   33.7388  35.66111
124212B  33.7675  32.08750
124703   33.7821  28.34778
124704   33.7887  29.73583
124491   33.7900  23.20417
123067B  33.7954  31.10194
123188   33.8150  28.98667
124454   33.8662  32.79472
123189   33.9346  29.24333
123081   33.9529  30.56333
124493   34.0125  35.39305
121493   34.0925  31.07222
121505   34.1113  28.62778
124709   34.1217  25.30361
124710   34.1550  29.88917
121492   34.2317  30.93389
122931   34.2667  24.57083
123083   34.2917  31.62889
124225   34.2938  31.17361
124495   34.3254  34.44556
124492   34.3333  32.26750
124881   34.3333  35.01445
124224   34.3608  31.11222
123230   34.3617  29.47583
123228   34.3642  32.02028
123190   34.4129  28.44583
124882   34.4608  33.93444
124497   34.4642  24.36778
122932   34.5462  25.73139
122452   34.5721  24.50556
122453   34.5917  24.56250
124498   34.6658  30.64583
124713   34.6817  31.26972
124714   34.6850  32.41083
120154   34.7088  29.68056
124025   34.7604  23.04972
122061   34.8758  33.78639
124500   34.8850  29.91472
124501   34.9888  33.81639
124812   35.0121  34.44417
124717   35.0262  32.43222
124715   35.0767  30.84611
123086   35.0896  31.54056
124884   35.1162  35.32555
124261B  35.1254  29.16389
124263   35.1575  29.17111
124716   35.1746  30.92750
124913B  35.2154  32.71000
124718   35.2479  25.28667
123246B  35.2667  29.40278
123087   35.3988  31.57361
124723   35.4212  32.28305
124783   35.4242  27.98056
122066B  35.5137  33.94778
122827   35.5279  26.91167
124885   35.5462  35.16639
124026   35.5513  23.04167
122067B  35.5896  33.75167
124719   35.6050  32.15944
124720   35.6287  31.44667
124725   35.6546  31.67861
122934   35.6621  24.60833
124721   35.6679  28.89444
124722   35.6996  31.76917
  1838   35.7004  24.35806
121485   35.7233  28.88806
124738   35.7258  29.21889
124737   35.7433  29.20194
124726   35.7458  30.65028
123265   35.8146  31.79056
124727   35.8192  23.57528
124728   35.8221  28.81111
124729   35.8550  29.18750
124730   35.9050  28.82222
124731   35.9817  26.00972
124739   35.9842  25.98417
124732   36.0067  27.23167
124810   36.0100  33.67972
124733   36.1204  23.92611
124505   36.1404  23.62889
123237   36.1742  27.92250
124508   36.2771  29.36917
124734   36.3838  24.52500
122074B  36.3904  26.73361
124641   36.4092  24.37806
122070B  36.4121  24.80556
123825D  36.4333  24.83528
122935   36.4892  25.74694
124506   36.5071  23.56833
122813   36.5092  25.96389
122071   36.5129  29.01750
124746   36.5146  24.24861
122072   36.5171  28.50194
122812   36.5271  25.98195
122828   36.5425  27.67306
122936   36.5887  25.39972
122937   36.5962  24.51167
123091   36.6075  31.63000
122938   36.6537  24.80528
120253   36.6583  25.80861
122830   36.6679  26.40778
123192   36.7071  28.30278
121197   36.8446  33.65222
121172   36.8471  33.52083
124030   36.8754  24.12639
122940   36.9121  25.55889
121243   36.9192  28.07889
124743   36.9446  24.54583
124744   36.9733  25.90528
124512   37.0150  26.29306
124515   37.0417  28.29333
122831   37.0487  27.88722
124516   37.0583  26.06000
124606   37.0600  31.69555
124038   37.0987  23.55778
122076   37.1004  29.45639
124214B  37.1454  25.35194
124748   37.1696  25.75694
120279   37.2058  30.89028
123193   37.2113  28.32806
124875B  37.2275  35.07139
124876C  37.2388  35.07111
124877D  37.2425  35.07250
122201   37.2475  26.72833
124745   37.2487  25.42805
121448   37.2500  25.10806
121453B  37.2871  25.30222
121192   37.3113  23.10556
124642   37.3242  25.43083
123871   37.3642  23.52917
122154   37.3917  24.25889
124887   37.3962  34.22889
124518   37.4117  23.17194
123875   37.4525  23.54972
124519   37.4617  32.02528
124520   37.5037  28.85083
122832   37.5079  26.31583
124605   37.5133  31.47500
122155   37.5675  34.68945
123194   37.6012  28.48167
123195   37.6196  29.69056
124216   37.6354  25.74833
124215   37.6367  27.35472
124750   37.7792  24.65611
124893   37.8488  26.16000
124894   37.8654  26.16833
124891B  37.9050  26.15750
124892   37.9108  26.11306
124888   38.0371  35.29167
124524   38.0729  31.16195
124525   38.0817  35.93195
123879B  38.0863  23.52444
123247B  38.2008  28.54778
124527   38.2017  31.58139
123884   38.2071  23.13944
122948   38.2625  25.24139
122949   38.2679  25.25139
124536   38.2988  27.92056
124530   38.3283  27.82333
123199   38.3308  29.11278
124531   38.3413  31.08778
123068A  38.3546  30.84056
124537   38.4200  27.75583
122081   38.4571  30.16528
124538   38.4762  27.76889
124889A  38.5558  34.28222
124895B  38.5567  34.27583
124896C  38.5583  34.27889
124814   38.5654  32.87278
122434   38.5842  25.95722
124534   38.5858  27.71528
124542   38.6075  27.76500
122158   38.6138  26.50861
121424   38.6158  32.56194
124541   38.6438  32.90417
124535   38.6471  32.89278
124529   38.6646  26.05611
124751   38.7142  30.23222
124815   38.7250  33.07972
123891   38.7525  23.90889
124544   38.8242  35.93611
124890   39.0383  34.15639
122942   39.0392  25.03917
124836B  39.0550  33.96695
123828B  39.0658  35.95333
123096   39.0804  31.57694
123829C  39.0817  35.95667
122943   39.1325  25.20306
122944   39.1408  24.19500
121428   39.1542  25.49083
121429   39.1933  25.59778
121430   39.2758  25.61028
124808   39.4000  34.76833
124550   39.4417  34.70528
123897B  39.4583  23.40278
124886   39.4608  34.60083
124757B  39.5383  26.70222
124756A  39.5458  26.72944
124897   39.6058  35.86083
124557   39.6379  35.77583
124752   39.6413  26.72556
124753   39.7058  27.90944
124754   39.7213  27.77861
124758   39.7229  27.75750
121177   39.7713  27.74000
122946   39.9208  25.16055
124898   40.0329  35.08028
123215   40.0354  27.97083
123244   40.0396  28.67528
124755   40.0612  29.97611
123242   40.0692  28.70333
124759   40.0858  26.43861
124899   40.1496  34.56972
123097   40.1500  30.84139
123098   40.3612  31.50222
123203   40.5058  28.16000
120443   40.5521  35.73250
124046   40.5700  23.06528
123204   40.6042  28.49333
124760   40.6267  32.07667
124766   40.6279  32.13861
124565   40.6554  26.07833
124566   40.6946  35.87778
124782   40.7221  35.58778
124567   40.8100  32.26111
122085   40.9129  32.49500
124568   41.0008  26.13417
122086   41.0012  32.52889
124900   41.1029  34.76667
122436   41.1496  26.30028
124917   41.2025  32.17139
124916   41.2217  32.18972
123249A  41.3892  31.35417
124610   41.5817  33.92028
124578   41.6504  35.66361
124396   41.8054  28.87139
124611   41.8150  33.99222
124049   41.9754  23.04194
124906A  42.0521  34.20055
122437   42.1213  27.33278
124397   42.2229  28.27361
124768   42.4367  35.07333
124769   42.5196  35.10889
124762   42.5721  33.48528
124398   42.6512  27.69333
124587   42.7225  35.87083
123207   42.7371  28.55111
124615   43.0492  35.01194
122438   43.0612  26.57195
124590   43.1246  34.19667
124227   43.1538  33.37278
124616   43.1892  35.08861
123208   43.1917  30.05389
123209   43.2012  28.83694
124763   43.2958  34.57972
124764   43.3021  34.70472
123231B  43.3062  28.49556
124591   43.4738  29.34889
124904   43.5183  35.24222
124765   43.5658  32.33778
123211   43.7633  29.63667
123210   43.7683  28.88167
124607B  43.8033  35.91333
124770   43.8604  34.85528
124771   43.8783  33.95111
123232   43.9200  33.80333
123233   43.9487  33.81667
123234   44.0363  33.81611
124978   44.0754  33.73056
124619   44.0829  34.04750
123100   44.1888  30.45083
124643   44.1900  32.73167
122439   44.2075  26.28417
124977   44.2892  33.27833
124905A  44.3400  35.52611
123820   44.3975  23.82639
123923   44.4450  23.80389
124874   44.4854  35.28056
124878   44.5000  35.18195
120712   44.5546  24.00694
124774   44.6725  35.48833
122106   44.6796  25.41000
124776   44.6817  35.36083
124777   44.7442  35.27917
123212   44.7483  29.84945
122107B  44.7542  33.91000
122113   44.7796  33.97778
124773   44.8000  34.99139
124602   44.8483  32.98667
124603   44.9108  28.35583
132244   45.0229  35.99861
131362   45.1271  27.40306
121476   45.1708  35.57917
131397   45.2417  29.24500
122112   45.2600  32.63889
122173   45.3467  27.64278
132235   45.3492  35.38222
122108   45.3971  35.16361
131376   45.4067  24.92639
132119   45.5842  23.84444
132169   45.7058  32.80583
132170   45.7654  30.39056
131357   45.8300  27.51083
131377   45.8650  24.25194
  2512   45.9783  30.26444
132105B  45.9917  23.65528
132176   46.0508  35.51222
132250   46.0737  35.79222
131365   46.1183  27.12806
131393   46.3446  30.96944
131505   46.3692  33.79361
132181   46.4688  35.58139
131394   46.4871  30.82333
132184   46.6333  28.81667
132185   46.7500  28.78361
132196   46.9158  29.49111
132190   47.1212  32.08694
132194   47.2537  35.59250
132195   47.2933  26.40583
132199B  47.2954  31.93111
132200   47.3054  34.54389
132201   47.3367  29.29917
130975   47.5658  31.92139
132205   47.5988  23.20778
131579   47.8000  35.68945
131395   48.0379  31.03139
132215   48.4092  29.63083
132228   49.7400  26.77056
131691   50.3642  30.77222
131034   51.3342  25.49000
131766   52.0608  30.49833
131777   52.2729  32.79556
131836   54.0300  32.66306
131049   54.2729  26.46083
131857   54.5629  23.00444
131863   54.6283  31.84694
131942   56.1887  30.35833
130439   58.2675  35.03972
130989   59.1621  34.90361
311197  315.4379  30.08861
311200  315.7004  24.66750
311201  315.7238  24.66528
311206  316.9217  23.33111
310480  317.9275  27.65083
311215  318.4933  24.32806
311222  319.4113  30.81139
310481  319.5250  27.52639
311225  320.0708  28.69806
311226  320.3066  23.97778
311227  320.4283  27.68667
311230  320.7854  29.68694
311231  320.7950  30.51222
311234  320.8021  30.51722
311236  321.4341  30.90306
311238  321.5546  24.60500
310869  321.6500  23.22167
311240A 322.8129  25.60722
311243B 322.8134  25.60556
311241  322.8650  27.85583
311247  323.6967  34.20278
311248  324.0800  35.64556
311250  324.3621  32.28222
311038  324.5246  27.11528
311256  324.7608  27.45083
311044  324.8329  33.90778
311257  324.9329  24.31889
311258  325.0587  34.65583
310475  325.1396  34.74722
311260  325.2929  29.41556
311275  326.5771  33.55861
311276  326.5908  34.58111
311278  326.8125  24.92139
310476  326.9063  25.88806
311161  326.9287  25.90944
311280  327.1854  34.13639
310451  327.5342  30.83750
311283  327.5875  35.71000
311134  327.7150  24.74556
311285  327.8196  23.71500
311286  327.9113  32.11666
310860  328.2708  28.70250
310837  329.1725  25.36000
311293  329.1933  31.24694
311312  329.3529  28.09333
311307  329.4946  24.58639
311308  329.4958  23.89917
311304  329.4958  23.49694
311306  329.5229  24.28889
311309  329.5400  24.12444
311314  329.5450  28.28944
311295  329.5729  32.72750
311305  329.5825  24.21167
311317  329.6504  23.71389
311315  329.7137  30.43500
311316  329.7679  31.00639
322491  330.0121  30.80222
322437  330.1575  24.50000
322661  330.2167  30.06917
322492  330.6317  30.81722
322493  330.6534  24.54861
322440  331.0567  33.44944
322494  331.0638  29.54556
321940  331.0846  23.32806
322056  331.2234  23.62694
321312  331.3488  25.35056
321313  331.3579  24.42889
322446B 331.4650  25.87194
322443A 331.4662  25.86972
321314  331.9488  25.21389
322495  331.9538  31.03111
322662  331.9688  29.73889
322496  332.0688  30.66667
322497  332.1954  25.64722
321219  332.4754  26.53250
322091  332.6079  23.64389
320066  332.6617  25.84639
322498  332.8525  24.69333
321991A 332.8733  30.91583
321202  332.9079  26.05333
320077  332.9792  25.08750
321495  332.9996  29.13056
322502  333.2458  24.37833
322490  333.3529  29.21250
322503  333.4238  23.97833
321316  333.4958  25.81722
322505  333.8092  30.66778
321944B 333.9992  23.91250
321496  334.2450  28.97389
320907  334.2671  35.52833
322506B 334.6133  29.23139
321497  334.6183  29.64389
321556B 334.6737  28.96167
321557C 334.6754  28.97167
322507  334.6909  28.02278
321222  334.7521  26.75917
321223  334.7683  26.76944
321553  334.9208  29.52306
321946  335.0279  23.21167
322663B 335.0300  29.74028
322664A 335.0567  29.72361
322508  335.0746  26.36111
322058  335.2454  23.94944
321558B 335.3375  27.82861
322500A 335.3925  25.14528
322509B 335.4108  25.15889
322510  335.4908  28.02222
321498  335.6733  28.19750
322059  335.7146  23.17194
321220  335.7513  26.11389
322436  335.8467  24.40389
321510  335.8492  24.43500
322776  335.8708  32.28944
322455  335.8954  34.79055
322511  335.9375  30.52528
322435  335.9662  30.91639
322105  335.9921  23.31528
322106  336.0021  23.28500
322104  336.0117  23.30917
321554  336.0142  30.95555
322102  336.0229  23.32083
322760  336.0237  32.40000
322103  336.0521  23.32167
322759B 336.0546  32.44389
322761  336.1242  32.48611
320636  336.1908  33.56028
322513  336.3338  32.32472
322514  336.4079  24.77722
322515  336.4642  23.10556
322608  336.4813  35.74306
322063  336.4954  23.09972
322516  336.5758  28.97194
322686B 336.6229  35.53000
322644  336.6617  23.03806
322656  336.9492  30.93750
322655  337.0129  30.95750
322517  337.0321  24.72389
 12046  337.0821  29.85222
322458  337.0966  35.49250
322518  337.1888  26.33556
322696B 337.1946  34.03667
322697C 337.2067  34.03528
322765  337.2392  32.40472
322757  337.3046  35.30667
320930  337.3146  29.38639
322116  337.4208  23.55639
322657  337.5062  30.44778
321221  337.6100  27.80028
322758  337.6133  34.66861
332962  337.6650  26.36111
322521  337.7175  35.26445
322520  337.7421  26.44111
322703  337.8154  34.74028
322522  337.8912  31.08389
322377  337.9463  34.37167
322376  337.9575  34.35972
322375B 337.9754  34.44250
320241A 337.9771  34.43750
322705  338.0754  35.52250
321224  338.0829  27.91167
322654  338.1300  31.07722
322524  338.1475  25.21667
322529B 338.1516  35.42722
321518  338.1604  23.19472
320563  338.1904  23.94444
322525  338.2092  32.89528
322526A 338.2608  35.38583
322706  338.2867  35.78000
322533  338.3371  25.29111
322541B 338.3396  23.19222
322534  338.3900  23.21528
321448  338.3904  32.05444
322535  338.4471  35.33028
322642  338.4858  25.16083
322537  338.4913  30.87000
321804  338.5108  33.81833
322228  338.6363  34.10556
322127  338.7362  23.62361
322128  338.7509  23.61083
321464  338.7521  23.88417
322126  338.7542  23.62889
322538  338.9704  30.18694
321531B 339.0096  24.40333
320903  339.0488  23.71222
322711  339.0771  34.51167
322539  339.1142  23.90000
322536  339.3112  27.05056
322544  339.3508  30.61111
321300  339.3525  26.51000
322717  339.3888  35.55444
322545  339.3958  29.69278
322546  339.4163  34.88972
322547  339.4283  35.31583
321370  339.4329  25.49195
322653  339.4438  31.18361
322658  339.4496  30.04917
321301  339.4704  26.58778
322549  339.5283  25.22111
322561  339.6408  25.16556
322551  339.6500  25.14278
322720  339.6504  34.57111
322563  339.6525  34.04833
321926  339.6537  34.25417
322552  339.6650  35.69695
322553  339.7425  34.05111
322721  339.7437  34.53333
321544  339.7500  24.11778
321371  339.7508  25.21528
321545  339.7754  24.11944
322564  339.7892  33.99833
322609  339.8079  33.87917
322610  339.9337  35.77444
321555  339.9454  24.35889
322554  340.0146  32.67694
322730B 340.0708  34.63055
322729  340.0788  35.38417
322731  340.1237  34.91694
322556  340.1400  29.00750
322567  340.1850  34.71556
320307  340.2033  24.87028
321551B 340.2108  23.77667
322557  340.2392  34.41611
322732  340.2475  35.92472
322565  340.2754  34.45195
321559B 340.2862  24.60833
322568  340.3159  34.73333
322659  340.3971  29.86444
322645  340.4417  30.87306
322574  340.4679  34.37528
322569B 340.5009  33.10278
322572  340.5113  34.28722
322573  340.5292  24.33917
322324B 340.6462  29.48750
322575  340.6483  34.85333
322783B 340.6829  32.35250
320761  340.7067  23.91333
320759  340.7092  23.91528
322612  340.7312  34.74333
322578  340.7979  34.01917
322588  340.8029  34.70500
321302  340.8050  26.15472
322652  340.8112  31.16917
321499  340.8417  29.34833
322579  340.8458  34.74278
322737B 340.8483  35.68667
322651  340.8625  31.16389
322581  340.8804  33.58583
321952  340.8842  23.23806
322650  340.9425  31.04194
322582A 340.9971  25.08500
322591C 341.0054  25.07722
321500  341.0475  28.74444
322592  341.0671  24.94194
322594  341.0758  34.33167
322584  341.1591  25.25639
322606  341.1808  25.03417
322784B 341.2079  33.47472
322791  341.3854  31.80500
322580  341.3942  24.54528
322793  341.6150  32.31194
322596  341.6292  28.90722
322792  341.6683  32.28472
321935  341.7350  31.19889
322660  341.8046  30.11944
321956A 342.0591  23.71111
321958C 342.0792  23.73083
322595  342.0825  24.58278
322599  342.2538  26.27000
320812  342.3171  32.86361
321288  342.3350  25.91639
322795  342.3375  32.88278
322602B 342.4150  31.86889
322601A 342.4292  31.88222
322605  342.4409  33.42750
322604  342.4788  31.84889
322618  342.6075  33.56222
322665  342.6767  30.18556
322615  342.7258  33.52639
322616  342.9004  31.64083
322617  343.0013  23.79445
322619  343.2821  31.66806
321936  343.3134  31.31333
320414  343.3225  33.49417
320936  343.3654  33.65194
322623  343.3796  31.44361
322666B 343.3796  29.03806
322621  343.4329  28.27500
322226  343.4538  33.72917
320420A 343.4546  31.77639
322068  343.5016  23.85306
322227  343.5671  33.64528
322622  343.5883  32.81861
322598B 343.6017  29.37889
320622  343.6579  32.40778
322624  343.6837  32.35194
321973B 343.6859  32.19750
322646  343.7116  29.22389
322631  343.7417  32.45917
322069  343.7513  23.16361
321974B 343.7842  32.19833
322626  343.7867  26.93028
322078  343.7983  23.15333
320447  343.8513  31.72111
322278  343.9054  31.66945
322627  344.1004  31.79528
320460  344.1754  31.60056
322628  344.2504  27.62917
322630  344.2692  31.09167
322649  344.3933  29.34667
320474  344.5638  24.15444
322633  344.6133  26.66806
321979  344.6796  28.09333
322634  344.7708  28.61528
320809  344.7813  26.16583
321987B 344.7829  23.35250
322635  344.7954  34.44500
320810  344.7992  26.21556
322636  344.8029  24.38833
322637  344.8296  29.11000
322638  344.8475  31.22305
322749  344.8487  34.94472
321933  344.8838  34.56167
322081  344.9375  33.13139
334867  345.0054  25.54889
335266  345.0804  23.60194
333582  345.0858  28.29611
334268B 345.1567  23.16945
334258  345.1737  34.10139
334264  345.2333  23.60222
333262  345.2633  23.92778
333862  345.2983  30.27167
334273  345.3367  23.82000
335287B 345.4075  28.52361
320790  345.4496  27.28722
335292  345.4875  23.11972
332264  345.5529  24.76389
335293  345.5675  25.16667
335186B 345.5717  29.55556
334615  345.5925  23.87556
331987  345.6529  27.19695
331988  345.6575  25.75167
335273  345.6854  30.33722
332266  345.7729  23.30500
335294  345.8379  27.51972
335295  345.8575  27.50111
335296  345.9017  27.51861
335298  345.9662  31.72417
335297  346.0392  31.63667
335302  346.0487  28.69750
335303A 346.1542  30.08222
335304B 346.1704  30.08694
335305  346.2421  25.25083
332933  346.2971  27.71083
335255  346.3138  34.42056
333447  346.5333  31.19750
334532  346.6350  23.84861
334527  346.6354  23.89222
331807A 346.7791  35.23222
334528  346.7925  23.78639
335306  346.8337  28.04333
335308  346.8946  28.05333
333328  347.1417  25.56889
333327  347.1417  25.64083
335307  347.1808  28.45000
334290  347.2371  23.65889
333448  347.3592  30.09444
334530  347.6692  23.03444
334541  347.8258  23.40667
334542  347.8483  23.47722
334534  347.8596  23.43528
333449  347.9092  32.03806
335311  347.9417  34.40389
335312  348.0763  24.27361
333451  348.2608  31.58833
335313  348.3479  24.71750
335314  348.4092  26.60833
335315  348.4175  25.47722
335317  348.4267  26.31972
335318  348.4662  25.50694
335319  348.4775  26.37750
332273  348.4862  25.45056
332065  348.5917  24.96222
334297  348.6029  23.66389
332934  348.6575  25.88333
333452  348.6608  31.33667
335320A 348.7233  23.89389
335321  348.7625  25.59611
335212  348.8379  26.17444
335211  348.8492  26.16833
335325  348.9317  31.40528
335326  348.9400  31.42861
333444  348.9583  31.71889
335327  348.9717  31.38667
335322  348.9808  31.46722
333962  349.0187  28.69528
332299  349.0421  26.01000
335323  349.1517  32.28917
335486  349.1558  34.00834
334306  349.1783  23.57222
333635B 349.1804  24.69722
333661B 349.2729  30.32806
333662  349.2883  30.30528
335491  349.3321  34.62083
333329  349.3908  25.38167
332301  349.4479  28.67389
333660  349.4546  27.87361
334222  349.5346  29.06806
335329  349.5896  24.95056
334309  349.5946  23.81972
334874  349.6158  25.26278
335256  349.6204  34.36722
334875  349.6387  25.21806
334876  349.6433  25.21389
334646  349.6584  34.76222
335330  349.6825  34.48333
335213  349.6833  29.97833
335215  349.6975  29.98444
333454  349.6996  30.25111
335331  349.8125  29.86889
334539  349.8217  23.69695
333665  349.9596  26.17167
335332  349.9746  25.61333
335333  349.9867  26.66722
333455  349.9946  30.55250
311261  349.9958  24.33639
331180  350.0158  27.10611
334319  350.0667  23.06917
335334  350.1117  24.36917
335217  350.1142  30.07694
335335  350.1212  25.84194
334346  350.1938  23.07333
334325  350.2538  23.10250
335220  350.2879  32.90778
335336  350.3371  23.39194
335337  350.3942  25.21139
333666  350.4083  27.11583
335339  350.4288  23.41361
333668  350.4696  27.05278
334327  350.5221  23.05472
335222  350.5608  32.80639
335338  350.5892  27.47583
335340  350.5925  28.50945
335341  350.6463  26.18583
335342  350.6729  28.59583
335223  350.7062  32.76667
335346  350.7629  23.05611
332070  350.7833  24.59389
335347  350.8833  24.75444
333456  350.9133  30.22222
335348  350.9304  27.55278
335353  350.9783  27.46583
335354  351.0050  27.58556
335355  351.1225  25.32639
335350  351.1638  25.41806
333457  351.2513  30.42972
333614B 351.2646  29.79639
333331  351.2925  24.84667
333671  351.3013  31.42167
330423A 351.3233  25.23389
335225  351.3737  32.28778
333445  351.3996  31.31889
334550  351.4071  23.88139
335226  351.4167  32.10722
335361  351.4233  24.15306
335356  351.4325  24.13889
333587  351.4983  29.27528
335227  351.5212  32.01167
335359  351.6429  31.65028
335360  351.6433  32.95667
335363  351.7083  24.28028
330452B 351.7167  26.60139
335364  351.7171  35.27389
335366  351.7200  26.31500
335994  351.7333  29.14000
335365  351.7500  26.33945
335228  351.8371  31.86056
335229  351.8625  31.82306
335368  351.8721  33.51500
335230  351.8838  31.84694
333459  351.8867  30.96861
335369  351.9025  33.46556
334567  351.9217  23.13222
335370  351.9350  33.40194
335501  351.9783  35.12305
334558  351.9916  23.75222
332967  351.9992  24.80139
331190  352.0000  27.50500
334568A 352.0150  23.65222
335372  352.0996  33.64472
335373  352.1250  24.89722
333873  352.1787  28.45389
332310A 352.1892  24.74611
335376  352.1908  27.59417
334650B 352.2133  24.74528
333460  352.2275  31.08333
335374  352.2633  27.57528
335375  352.3196  24.68139
335601  352.3987  32.33861
333461  352.4154  30.18556
334570B 352.4300  23.01167
335377  352.4938  32.98972
335231  352.6004  31.83389
334497A 352.6075  23.25833
334498B 352.6087  23.26778
331810  352.6983  32.48111
334571B 352.7438  24.11139
335378  352.7558  27.11139
333462  352.7654  30.39833
335380  352.8433  27.09778
335381  352.8542  31.68167
331655  352.8692  26.13722
335379  352.8700  27.09167
331193  352.9029  25.66055
335232  352.9471  31.81917
331808  352.9600  32.60167
335384  352.9621  25.33028
334652B 352.9871  23.54445
333672B 352.9941  28.94861
335385  353.0104  26.54194
334252C 353.0171  23.91250
335386  353.0458  24.43028
335391  353.0609  26.63889
335387  353.0696  25.96361
335274  353.0800  25.16778
333636  353.0817  24.19861
335233  353.0825  31.92417
335234  353.1229  31.87333
335388  353.1354  25.06583
332105B 353.2300  25.97167
335389  353.2650  23.73472
332959  353.3017  25.89167
333463  353.3404  31.37972
335235  353.3817  31.77861
332032  353.4162  30.04639
335392  353.4767  24.90444
333464  353.4946  31.27222
335504  353.5033  35.71972
335187B 353.5438  31.24722
333334  353.5446  24.18111
335275  353.5750  25.33556
333335  353.5758  25.13611
331205  353.5779  27.39944
331206  353.5854  27.40750
334657  353.6129  23.84583
335611  353.6163  33.03444
331208  353.6317  27.26611
333615  353.6446  23.86139
335276  353.7258  25.33556
335393  353.8021  28.06139
335278B 353.8029  25.24028
335277A 353.8075  25.23222
335394  353.8183  33.07639
335395  353.9896  26.87111
336011  354.0117  26.18000
335397  354.0646  31.46694
331229  354.0717  25.94500
335398B 354.0842  23.24083
335402A 354.0912  23.25722
330573  354.1133  27.04194
335401  354.1142  31.37417
334753  354.1329  27.41861
330576  354.1733  27.28806
335399B 354.3062  31.44250
330597  354.3542  27.05083
335403B 354.4308  26.34139
330612  354.4342  26.71139
330616  354.4450  26.78306
335400A 354.4558  26.34583
331238  354.4917  27.57389
332960  354.4992  26.98806
330634  354.5200  26.59805
333589  354.5392  28.55611
330638  354.5458  26.61889
330640  354.5471  26.56972
335505  354.5496  35.72167
333465  354.6446  31.00194
334565  354.6479  23.08500
335416  354.6596  24.85389
331995  354.6817  26.42528
334578  354.6950  23.11278
335404  354.7888  28.89806
335408B 354.7967  33.99417
335406  354.8029  34.00555
331249  354.8079  25.83667
335410  354.8133  24.81417
330729  354.8346  27.11000
335411  354.8733  26.34167
335405  354.8767  28.87056
335412  354.9746  28.91444
330743  354.9783  26.95972
335413  355.0067  25.80667
330748  355.0183  26.81611
335184  355.0237  31.38305
330753  355.0567  26.85972
335414  355.1063  25.93944
335415B 355.1246  27.11806
331257  355.1292  25.50833
331264  355.1854  26.47611
335417  355.2354  31.05361
331661  355.2437  27.01167
335418  355.2471  26.58639
333467  355.2558  31.24778
335423  355.2617  25.36222
335422  355.2834  25.49833
331270  355.2938  26.11806
335286  355.3121  35.07695
335614B 355.3125  32.38222
335419A 355.3183  25.42167
335420B 355.3500  25.41278
335424  355.3788  33.63417
335425  355.3813  33.36167
331274  355.3833  25.56861
331276  355.4066  25.78583
331277  355.4263  26.49667
335426  355.4554  30.57556
331662  355.4558  26.10944
332112  355.4625  28.31778
335431  355.4662  30.56556
331663  355.4708  26.26389
335427  355.4721  27.18833
331984  355.5100  25.68222
331283  355.5458  25.43861
331288  355.5954  26.57528
335429  355.5966  24.80472
331289  355.6096  25.69778
335430  355.6504  31.17639
332951  355.6533  27.82694
335435  355.6621  31.23917
335439  355.6733  23.12833
331295  355.7058  27.02695
335437  355.7300  27.14833
335438  355.7487  23.10139
331668  355.7637  27.42333
332113  355.8154  28.26222
331299  355.8325  27.39417
331300  355.8342  26.96083
331303B 355.8392  26.91556
331669  355.8513  27.32750
335638D 355.8583  26.92417
331307  355.8604  25.78972
335440  355.8692  33.98583
335441  355.9433  27.15139
332956B 355.9621  27.13083
333866B 355.9625  25.83194
331311  355.9637  28.81417
331312A 355.9763  25.83417
331314  356.0038  25.96333
331315  356.0058  25.23278
335445  356.0092  27.11944
335442  356.0146  25.30083
332283C 356.0183  29.12056
333468  356.0287  30.28111
331316  356.0462  28.77944
332114  356.1154  28.25333
335443A 356.1296  35.89250
335444A 356.1908  34.09500
335449B 356.2042  34.10889
333469B 356.2146  30.04778
331320  356.2354  25.47889
332106  356.2671  27.73528
333314  356.3621  24.21806
333315  356.3688  24.21750
331323  356.3883  26.14639
332086  356.3904  33.21917
333470  356.4000  31.00028
335450  356.4388  32.67861
331324  356.4438  26.56861
333592  356.4725  29.78695
331326  356.5162  26.53111
335451  356.5600  28.28806
335452  356.5783  31.82055
331327  356.5796  25.97194
331328  356.5804  25.63611
335453  356.5842  28.31417
331329  356.5950  26.19750
333205  356.6221  27.69222
331330  356.6433  26.18556
335458  356.6717  27.40222
333234  356.6746  26.11778
335457  356.6812  28.39111
333235  356.6833  26.63806
334398A 356.6900  23.42945
335455  356.7079  26.62444
333208  356.7342  27.31667
333209B 356.7479  27.33333
331334  356.7584  26.53222
335456  356.7808  27.21972
334866B 356.8096  28.81222
335624  356.9413  27.50722
335460  357.0375  32.95667
335464  357.0675  31.55639
335461  357.0783  31.59250
333594  357.0896  29.15889
335625  357.1508  32.53083
335462  357.1554  30.87222
335258  357.1700  34.98806
333236  357.1900  28.04056
332316  357.2567  27.94972
331349  357.2754  26.94278
331350  357.2904  27.52806
331352  357.3675  26.33556
335463  357.3967  27.24417
333863  357.4683  26.00639
333231  357.4763  25.95250
331354  357.4925  26.90556
333471  357.5283  31.21111
331355  357.5475  25.69389
331357  357.5813  26.95667
331360  357.6592  26.64417
331361  357.6992  26.29000
331364  357.7417  27.50028
334520  357.7771  23.25667
335465  357.7988  29.24889
333637  357.8083  29.41333
335466  357.8321  28.90722
335471  357.8404  29.26306
335476  357.8575  32.93639
335475  357.8696  24.62667
335468  357.8766  34.35611
335469  357.8825  32.83639
335506B 357.8829  35.39889
335472  357.8850  34.35944
335259A 357.9217  35.70694
335507A 357.9217  35.46917
335508B 357.9250  35.46944
333497B 357.9300  31.62444
333472  357.9529  30.88944
332288  357.9575  28.00945
335470  357.9987  32.75972
331370  358.0013  26.60556
335517  358.0387  27.74722
335518  358.0567  28.76639
335519  358.0796  27.79056
335522  358.1054  32.18056
335520  358.1088  32.14806
335521  358.1146  28.83833
333595  358.1692  29.39278
331373  358.1962  27.63111
333596  358.2571  28.36250
331376A 358.2579  25.19278
335639B 358.2588  25.18806
335523  358.2963  31.68500
334226  358.3025  27.21722
334211B 358.3950  29.25917
335525  358.4083  25.57694
335526  358.4129  23.78389
335527  358.4438  31.08861
335631  358.4479  32.84750
355532  358.4508  31.09361
331381  358.4637  26.49111
335530  358.4679  28.12139
335632  358.4858  32.86278
335529  358.4896  31.74028
333338  358.5083  24.82417
335637  358.5112  32.75667
335531  358.5221  28.47278
335633  358.5400  32.77806
333473  358.5463  32.06917
335535  358.5700  28.41694
335544B 358.6550  23.10889
335539A 358.6617  23.11583
335634  358.6913  33.24750
335540  358.6967  32.97667
335635  358.7142  33.25945
334261  358.7213  24.71889
332321  358.7242  34.68195
335546  358.8288  27.55889
335543  358.8563  27.53583
335268  358.8942  27.86695
333237  358.9008  27.68972
335515  358.9413  35.47333
333647D 358.9588  25.50778
333648  358.9779  25.51805
335548  358.9892  32.88611
335542A 358.9958  32.89583
335552  358.9967  32.56889
335547B 359.0000  32.89722
335551  359.0313  32.90417
335550  359.0383  32.89556
331386  359.0475  26.54306
331387  359.0500  25.55417
334227  359.0750  32.43889
334228  359.1104  32.39083
331023  359.1808  29.88528
335553  359.2171  24.97305
335554  359.2433  25.02806
333598  359.2592  29.17805
334229B 359.2867  25.77917
335555  359.3046  33.48111
333580  359.3100  29.34945
335556  359.3296  32.80056
335557  359.3321  26.93972
335559  359.3496  32.79667
332904  359.3521  23.88305
335558  359.3558  25.06389
333601  359.3804  25.35139
334232  359.4134  33.78500
331395  359.4763  25.57139
333632  359.5187  30.09833
335562  359.5621  27.78472
335636  359.5988  32.72556
333474  359.6033  30.45000
334239  359.6229  33.60500
331397A 359.6625  27.16444
334240  359.6767  33.58472
333475  359.6783  30.64944
334241  359.6812  30.72333
335563  359.7141  25.42028
335564  359.7700  35.95361
335565  359.7896  34.14695
334244C 359.7958  25.53139
334243B 359.8033  25.52861
334551  359.8183  33.15194
333239  359.8196  27.75583
333476  359.8446  30.47250
334552  359.8500  33.22139
331404  359.8517  25.61139
335568  359.8913  35.96806
335917B 359.9254  34.35083
335573  359.9362  25.84500
335570  359.9492  25.85861
335569  359.9542  35.90667
335571  359.9558  30.31167
332290  359.9659  32.76750
335572  359.9691  27.67639
331058  359.9721  35.41833
333600  359.9942  28.28444
