agcnum      ra     dec    
102571    0.0721  27.40083     
102728    0.0892  31.02194
102729    0.1333  30.86917
102730    0.1646  31.93833
103567B   0.2775  32.37917
102735B   0.5054  30.98278
100013    0.8408  30.78194
100783    0.9479  31.34361
100022    1.1138  22.34917
100784    1.1458  31.71334
102737B   1.2192  29.87972
102738    1.2608  30.08861
102243    1.2708  23.96972
102739    1.2758  31.09417
102554    1.3138  27.48972
102555    1.3300  26.51944
102741    1.3717  31.86194
100037    1.5113  27.34833
102622    1.7150  24.22500
102558    1.7696  27.02444
102623    1.8229  25.08694
102743    1.8304  31.30444
102744    1.9225  29.91000
102559    1.9542  27.50889
104565    2.0013  35.34889
101097    2.0996  33.02833
100952    2.1279  34.78611
102561    2.2346  26.23861
101782    2.3371  30.66667
102562    2.3750  26.33389
102625    2.3979  25.55305
101063    2.5783  29.13778
102563    2.5925  27.75778
102626    2.6496  24.36417
102840    2.8258  29.97611
102903    2.8504  29.27139
102682    2.9054  25.55944
102749    2.9058  30.29083
102750A   3.0388  30.26833
100083    3.0658  28.64889
102751    3.0679  31.75306
102904    3.2042  28.80556
101830    3.2946  29.90222
102630    3.3025  25.60389
102631    3.3067  24.82056
102632    3.3162  24.25444
102905    3.4600  29.35472
102753    3.4692  30.93361
102633    3.4950  23.96861
102603B   3.5371  26.59278
102906    3.6475  29.41028
102566    3.7404  26.26361
102634    4.0038  25.06222
102635    4.0504  24.84917
101690    4.1050  30.47972
100124    4.1075  27.57361
102754    4.1100  31.63667
102755    4.1229  30.95500
102636    4.2358  24.08000
102756    4.2658  31.57056
100136    4.2688  22.99833
101815    4.3058  27.24806
102907    4.4429  28.74944
102846    4.4521  30.61528
103324    4.5925  22.90306
102638    4.6504  24.44861
102760G   4.7000  30.09722
102639    4.7308  24.16306
102908    4.7358  28.22583
102953    4.7617  29.05611
102761    4.9329  30.05722
102847    4.9700  29.84417
102909    5.1788  29.02639
102954    5.1850  29.78361
102910    5.2038  29.41055
102762    5.2188  31.48333
102955A   5.3038  29.52611
101816    5.3129  26.38500
103328    5.3250  22.53333
102911    5.3737  28.91250
102912    5.3983  28.45028
102763A   5.4442  30.08278
100841    5.5054  23.82556
102913    5.5071  29.29333
102684    5.5283  25.48583
102249    5.5379  27.04389
102251    5.6062  25.96389
102252    5.6192  27.17306
102915    5.6721  29.21639
102294    5.7250  26.12222
102767    5.9342  31.24333
102768    5.9658  30.86222
102769    5.9829  30.78889
102645    5.9938  25.17750
102646    6.0038  24.08389
102916    6.0533  29.13889
102771    6.3175  31.22944
101770    6.3617  21.60389
102956    6.3929  29.52667
102917    6.4292  29.57778
102918    6.5033  29.28944
102772    6.5633  29.81361
102648    6.6075  25.51472
102649    6.7308  25.81528
102650    6.7833  24.42861
102226    6.9308  30.65583
102919    6.9867  29.60139
102652    7.0267  24.35278
102653    7.3129  25.41306
102692    7.4662  24.74306
102655    7.5567  24.29972
102778    7.5979  31.19667
101820    7.7146  27.39000
102657    8.1154  24.83167
102983    8.4067  28.73917
104543    8.5175  36.17445
102260    8.5183  26.30472
102782    8.5258  29.94722
102658    8.5642  25.02889
102783    8.6996  31.70833
102261    8.9350  26.61583
102262    9.1233  26.90472
101010    9.1871  20.60639
102853    9.4167  31.07472
100350    9.4338  24.20778
102661    9.5004  25.56833
102229    9.6000  25.43611
101821    9.6346  26.34639
102924    9.6808  28.48056
102788    9.7917  31.85056
102663    9.8275  24.72861
102263    9.8317  26.76167
102299    9.8658  26.07472
102265    9.8725  27.71750
102789   10.0767  31.11139
101822   10.1521  27.05028
102228   10.1533  30.66278
102790   10.1533  30.55528
102266   10.1771  26.02972
102791   10.2404  31.90639
102792   10.3904  31.75333
102793   10.4150  31.26694
102664   10.5267  25.33195
102267   10.5850  27.16389
102794   10.5900  29.93444
102665   10.6104  25.18361
102927   10.6379  29.16750
102666   10.7921  24.48917
102795B  10.8942  30.59694
100489   10.9913  26.14722
102855B  11.0179  30.35750
102269   11.0558  26.62500
102667   11.0700  25.76583
101223   11.0867  23.83333
102668   11.1483  25.68722
102928   11.1550  29.33028
102929   11.3092  28.74972
102965   11.3242  27.97222
102670   11.3263  24.14472
102273   11.5896  27.07528
102672   11.6000  25.07056
102931   11.6021  29.65667
101825   11.6162  26.69194
103549   11.6650  21.57695
102932   11.7092  28.84639
102291   11.8346  27.46639
102274   11.8350  26.02972
102966A  11.8354  29.87972
102803   11.8554  30.74250
102933   11.8650  28.17750
101826   11.9067  26.80556
102934   12.0417  28.50583
102804   12.0883  30.61750
102857   12.1008  31.57417
102673   12.1721  24.58417
102936   12.1813  28.47167
102805   12.2300  31.78944
102937   12.2379  29.06278
102292   12.2558  27.75556
102275   12.3079  27.61278
102674   12.3100  25.29305
102879   12.3504  31.90611
102938   12.3571  29.47083
102968   12.3658  28.35528
102969   12.3950  28.73917
102276   12.4671  25.94417
102806   12.5033  30.13000
102278   12.5783  27.47139
104153   12.6508  32.35139
102808   12.6596  32.10500
102809   12.7408  31.74972
102700   12.7792  25.54611
101828   12.8525  27.26722
102810   12.9450  31.20333
102811   13.0917  31.44222
102812   13.1517  32.05889
101692   13.1671  32.21611
102940   13.2288  29.56444
102941   13.2304  29.40528
102282   13.3275  25.91194
102815   13.3363  31.71194
100725   13.3783  28.27695
102816   13.4058  31.57417
102283   13.4442  27.06333
102817   13.4704  30.22750
101042   13.5108  25.80167
102676   13.5733  25.43750
102284   13.6296  26.58333
102285   13.7742  28.08750
102819   13.8742  29.90278
102972   13.8896  29.74472
100635   13.8975  24.19500
102973   13.9942  29.00444
102820   14.1079  30.89778
102944   14.1137  29.24639
102677   14.1425  25.55083
101833   14.1804  23.12889
102885   14.2008  30.47583
102825   14.4892  31.91111
103404   14.6142  23.81278
102569   14.6221  27.75778
102826   14.6425  30.90694
101240   14.6642  31.36194
102827   14.6675  30.71889
102859   14.8263  30.59250
102570   14.8558  26.25972
102679   14.9417  24.43417
102830   14.9854  31.97500
113884   15.0017  30.40306
113885   15.0542  32.10694
113887   15.0854  30.98222
113746   15.1163  25.89472
113890   15.1613  31.60306
114031   15.2425  28.83972
113996   15.2638  30.69000
101686A  15.2733  29.94056
113892   15.2738  31.07139
114032   15.2846  29.73528
113893   15.3121  31.24417
113894   15.3208  31.29750
113808   15.5479  25.53778
113896   15.5600  31.33861
113898   15.6704  31.77167
114033   15.7004  29.06611
113777   15.7308  27.32583
112506   15.8242  26.79528
113747   15.8242  26.63778
114034   15.8950  29.33306
110007   15.9787  21.88472
113810   16.0221  24.29806
113900   16.1042  31.31028
112507   16.2354  26.82667
113811   16.2458  24.49500
113901   16.3512  32.18056
113748A  16.4037  27.51222
113812A  16.4800  24.56695
113903   16.6592  30.73528
112508   16.7533  26.51500
113813   16.7583  25.58306
113904   16.8354  31.36861
113905   17.0362  31.39972
113841   17.1321  24.66917
111414   17.2512  33.52250
114490   17.5650  22.35194
110756   17.5696  29.20056
113906   17.6346  29.96000
115609   17.8954  35.88889
114037   17.9171  29.06667
115610   17.9692  36.02945
113907   18.4842  30.15694
113908   18.6379  30.04222
113909   18.6658  30.38139
110158   18.7908  33.79028
113911   18.9075  31.65639
110988   19.1167  33.42500
112511   19.1792  26.91194
113815A  19.4075  24.14305
113752   19.5229  27.18806
113817   19.6942  24.18972
113818   20.0646  24.74944
113753   20.2587  26.08889
110268   20.7029  33.96833
113919   20.9942  32.07694
113920   21.0079  31.63445
115592   21.1229  35.34750
115593   21.1938  35.47195
113921   21.2033  31.31111
114043   21.3913  29.62083
114044   21.4133  29.32000
113922A  21.5392  31.64917
113923   21.5542  32.13639
114045   21.7325  29.72611
113755   21.9783  27.45528
113823   22.1992  24.88972
114078   22.2138  29.27194
110363   22.3046  33.66528
112515   22.4308  27.39361
113926   22.5987  31.40417
113985   22.6508  32.14972
113927   22.6821  30.38611
113928   22.6854  31.82583
112516   22.9750  27.32917
113930   22.9812  32.14584
113931   23.1383  31.45806
114046   23.1479  28.96445
113932A  23.1500  31.87306
115596   23.1542  35.78528
113933   23.2233  30.30528
112519   23.4137  26.42028
114048   23.6604  28.66639
114049   23.6800  29.72222
110424   23.7475  35.03944
110423   23.7496  36.01889
114050   23.8767  29.52472
113854A  24.4487  24.53667
115599A  24.6512  35.31333
115600   24.6721  35.71861
114052   24.9696  29.44444
113937   24.9762  31.45583
114082   25.2467  30.07667
113938   25.2692  31.88083
112521   25.2817  27.32333
110474   25.3138  34.81166
114053   25.3663  28.62278
115615   25.4100  35.77250
113292   25.6238  28.11028
113825   25.8633  24.77972
115620   25.8758  34.76778
112490   25.8833  32.88028
113943   25.8996  30.50500
113863   25.9083  26.00444
113295   25.9263  26.81750
113294   25.9413  27.06306
114054   25.9596  28.45444
115621   25.9863  35.33222
113945   26.0567  31.96944
110790   26.1204  27.92833
110502   26.1596  34.66028
113731   26.2067  25.46194
113946   26.2621  30.61222
110511   26.3375  34.26222
115622   26.3687  36.00861
110837   26.4075  33.93972
114056   26.5050  28.01028
111473   26.5413  28.81611
113857   26.5958  25.35889
110521   26.6146  34.92722
114123A  26.6317  28.93028
113828   26.6571  25.19444
114057   26.6763  29.06333
113829   26.6938  25.53305
110525   26.7358  34.77195
110839   26.8892  36.07583
110530   26.9317  35.02306
113947   27.0500  29.86056
115633   27.0621  35.28833
113948   27.0850  31.88250
110840   27.0929  33.84472
110534B  27.1471  27.55667
114058A  27.1546  28.64305
114059   27.1717  28.77667
113756   27.1929  27.28889
114060   27.2233  28.93889
110543   27.3337  27.71222
113949   27.4108  30.68083
113950   27.4504  31.74361
113298   27.4904  26.68305
110555   27.6121  21.88056
115601   27.6729  34.74167
115634   27.8775  35.78639
115623   27.9192  35.56972
112524   27.9700  27.75694
110579   28.0112  36.13028
113953   28.0383  31.52555
114061   28.2013  29.33833
111802   28.2921  20.67306
113955   28.3463  31.38944
115635   28.3575  34.00167
113957   28.3875  29.81417
114062   28.4529  28.59056
113832   28.4575  24.57278
113305   28.4625  26.26306
114063   28.4833  28.83028
113958   28.5688  30.86972
113959   28.5704  31.22806
113962   28.6979  31.83722
115602   28.8454  34.26445
114064A  28.9992  29.83250
114065   29.0104  29.80778
110810   29.0775  31.42056
113299   29.1050  27.68583
113835   29.1196  24.97917
110659   29.1663  35.59222
110661   29.2017  35.99639
113967   29.2533  31.41444
115626   29.2871  35.81528
113993   29.3600  30.87083
110841   29.4508  33.91584
115627   29.4921  34.00195
113301   29.5596  27.88250
114124   29.6900  24.50917
115628   29.7313  35.37055
113969   29.8613  30.72750
115629   29.8988  34.93084
113972   29.9796  30.80778
113836   29.9854  24.97583
115630   29.9963  35.87250
123235   30.0579  25.88861
122954   30.0896  31.97306
112474B  30.1804  28.18278
122956   30.2721  31.75361
123117   30.3604  28.73417
124784   30.4454  34.79361
123118   30.4579  29.44639
122959   30.5638  31.54750
110849   30.6429  34.58611
122180   30.7700  27.20611
123070   30.8104  31.42111
122791   30.8700  26.69722
122926   30.9267  25.27028
123071   30.9396  29.98917
122182   30.9929  26.26972
123216   31.1779  28.80583
122861   31.2829  24.97083
122961   31.4633  32.19111
122185   31.5017  27.35861
122793   31.5467  27.86139
123845   31.7258  23.36000
123073   31.8333  31.94944
120043   31.8558  32.95195
124787   31.9050  34.85222
122863   31.9837  25.61417
123121   32.0254  28.77917
122864   32.0879  24.93555
123122   32.1017  29.04556
123123   32.1900  29.69833
123124   32.2008  29.29667
121107   32.2488  34.22500
124788   32.3046  35.69778
122965   32.3304  30.45222
122966   32.3708  31.85278
123182   32.4196  28.92611
122967A  32.5133  31.86972
122968   32.6067  31.10889
120076B  32.7008  34.97028
123125   32.7200  28.56944
123126   32.7767  29.36667
123128   32.7933  28.26861
124790   32.7946  34.18806
124791   32.8175  34.32861
124644   32.8504  35.07972
122865   32.8758  25.34778
122866   32.8817  24.21500
123103   32.9404  31.19500
122970   32.9688  30.54889
122794   32.9783  26.12611
124792   33.0358  36.06667
123186   33.0650  28.40694
123129   33.1538  28.84250
121278   33.2300  21.03667
122911   33.2713  25.37722
122188   33.2800  27.77972
122795   33.3237  27.84972
122973   33.3946  31.29944
121121   33.4196  33.78639
122974   33.4358  31.37556
122975   33.4704  31.47972
124793   33.5192  34.38972
122976   33.5579  31.44056
122151   33.6717  35.82222
122978   33.7588  31.19944
122190   33.7837  26.38667
124794   33.8033  34.11666
124795   33.8521  36.12611
122867   33.8804  25.04333
122981   34.0233  31.06028
122982   34.0254  30.04972
123082   34.0383  32.15917
122983   34.0475  31.07167
124796   34.0762  34.91195
122913   34.0771  25.43833
123132   34.1637  28.67278
122191   34.1654  26.13778
124797   34.1887  35.17667
122984   34.1958  31.55528
123239   34.2108  29.32556
122396   34.2533  30.70194
123104   34.3525  31.99000
123220   34.3771  29.49333
124801   34.3837  36.03528
122985   34.4229  31.20000
124803   34.4329  34.54583
123085   34.4958  30.90583
122986   34.5183  32.03361
123133   34.5625  29.93694
122451   34.5946  24.53528
122987   34.5992  31.78472
123857   34.6637  23.49667
124805   34.6875  35.09389
124806   34.7946  35.49917
123191   34.8604  29.70861
124807   34.9400  33.89250
123134   34.9608  29.16333
122933   34.9675  24.29722
123135   35.0458  29.55417
122990   35.1312  30.28806
123136   35.1875  28.80028
122797   35.2042  25.98389
123138   35.2417  29.78167
122192   35.2642  27.75639
123139A  35.2663  29.40111
124912   35.2717  33.34055
123140   35.3083  29.63833
123141   35.3508  28.82778
123863   35.3867  23.19833
122798   35.5779  25.87750
123864   35.5958  23.81889
122992   35.6338  31.14194
122799   35.6388  27.24444
123142   35.7908  28.68444
123143   35.8004  28.45667
123088   35.8196  32.13806
122995   35.9058  30.23833
123089   35.9471  30.31250
122800   35.9613  26.49389
124816   35.9892  34.69361
122197   36.0363  26.66611
122997   36.0483  31.37222
122801   36.0546  27.91917
122869   36.1462  24.28222
122870   36.1892  25.22417
124818   36.2300  35.29222
124817   36.2329  35.41417
122998   36.2475  31.95889
122999   36.2742  31.38194
122871   36.2933  24.82833
123000   36.3288  31.17417
122802   36.3342  27.16000
123001   36.3529  31.60667
123002   36.3658  31.46806
123105   36.4063  31.64750
123004   36.4113  31.38889
123148   36.4292  28.67611
123007   36.4517  30.85361
122803   36.4762  27.01556
123090   36.4854  30.43417
122874   36.5613  24.43389
123008   36.5925  30.83111
122804   36.5946  26.13833
123009   36.6158  32.06166
123092   36.6504  32.12472
123010   36.6575  30.75083
122875   36.6904  24.67167
122399   36.7104  29.45889
123011   36.7417  32.06472
122805   36.7471  26.96417
123012   36.7571  31.17583
123013   36.7929  30.23917
122876   36.8117  24.10833
120258   36.8229  33.32944
124640   36.8350  33.95611
123015   36.8488  31.90778
123240   36.8704  27.15306
122877   36.8829  24.87000
122199   36.9113  26.91194
123150   36.9358  28.40417
122879   36.9650  24.26000
123151   37.0013  29.17583
122880   37.0071  25.52528
123016   37.0192  31.02944
123154   37.2417  29.53972
123019   37.2433  31.19667
122806   37.2492  26.54472
122202   37.2571  26.08000
123155   37.3179  28.74361
122203   37.3342  27.35472
123156   37.4175  28.01972
124781   37.4204  34.05278
123158   37.5267  28.67444
123021   37.6642  30.07000
123196   37.6733  28.33528
124044   37.7279  23.07333
122882   37.7287  24.98083
123093   37.7787  30.88417
124824   37.8271  34.25028
122207   37.8417  26.19722
122400   37.8421  25.71167
123022   37.8542  31.99333
122210   37.8875  26.79694
122211   37.9038  26.54222
123876   37.9129  22.74639
123023   37.9396  31.01889
123159   37.9583  29.71639
124825   37.9783  36.14750
122440A  37.9842  26.16722
123197   38.0496  28.81500
124827   38.0671  35.87472
124826   38.0762  34.90472
123160   38.0921  29.68833
124828   38.1550  34.10028
124829   38.1625  36.01389
123162   38.1658  29.43917
123163A  38.1942  28.55305
123024   38.2046  31.71417
123198   38.2375  28.34556
120327   38.2862  35.02722
123025   38.3100  29.88361
123164   38.3662  29.66028
122217   38.3842  27.02056
123027   38.4462  30.06556
124830   38.4504  35.78639
124831   38.4600  35.30361
123094   38.4817  30.71250
123889   38.5921  23.10139
122026   38.6279  22.58083
123029   38.6387  31.51556
120358   38.6842  34.49778
123030   38.6992  31.92194
122418   38.7483  27.22250
122886   38.7508  24.65805
123032   38.7912  30.30778
122218   38.8138  28.01972
123033   38.8250  32.10639
124832   38.8317  35.19500
123034   38.8408  31.84945
122887   38.8417  25.54472
123095   38.8504  31.60000
124833   38.9513  36.02889
124834   38.9679  35.58972
124837   39.0433  36.08444
121325   39.1400  35.12444
122945   39.2575  25.55111
123038   39.3133  31.75972
123039   39.3350  31.43250
123040   39.3775  31.64583
123041   39.3804  31.38389
124645   39.3829  34.04278
123042   39.4075  32.00222
122397A  39.5262  30.67139
124839   39.5458  33.93945
121174   39.5683  29.90639
124843   39.6804  34.62806
122420   39.7083  27.36556
124844   39.8075  36.05583
123043   39.8217  31.73667
122790   39.9658  30.27167
124845   40.0625  35.83528
120420   40.1700  35.31000
123902   40.1750  22.63194
123044   40.1779  32.13917
122219   40.2317  26.66722
123046   40.3013  31.49139
124846   40.3071  34.35167
124847   40.3104  35.80028
123903   40.3279  23.26833
122890   40.3338  24.27028
123047   40.4492  31.45722
122892   40.4821  24.93611
124850   40.5167  35.43528
122893   40.5267  24.68667
123169   40.5750  29.67667
122139   40.8671  20.59556
123250   40.9171  23.09000
123048   40.9517  31.33528
123170   41.0133  29.28806
123050B  41.0867  31.34111
122422   41.0988  27.64278
124854   41.1100  36.02555
121819   41.2671  32.16111
122424   41.2796  25.93611
124856   41.3079  35.66584
124857   41.3596  36.16778
124859   41.4596  35.82944
122425   41.4663  28.14806
124861   41.4854  35.10694
122895   41.5588  24.83667
123171   41.7108  28.80639
122947   41.7242  24.30111
122896   41.7629  25.73889
124863   41.7875  34.25000
121355   41.7925  21.98778
123172   41.8450  29.17555
123906   41.8975  21.89889
123907   41.9117  22.56083
123908   41.9712  21.84389
124646   41.9862  34.58167
123909   41.9967  23.53889
122426   42.0008  28.12500
122898   42.1412  24.45361
123174   42.1904  29.02695
122899   42.2513  24.37306
123913   42.2987  21.99000
124609   42.3683  34.74139
121100   42.4117  34.03917
124050   42.4487  23.48445
123175   42.5833  29.51306
122900   42.6138  24.30944
123055   42.7233  30.26111
124614   42.7971  35.98944
123057   42.9229  32.10278
125147   42.9404  21.82917
122224   42.9587  26.05278
122902   43.0121  24.92194
122903   43.2633  25.32417
123222A  43.3042  28.50250
123059   43.3312  31.90944
124608   43.4396  35.65139
123060   43.4654  30.03528
122430   43.5746  25.94056
123914   43.6775  23.37722
123061   44.0225  31.28750
121023   44.0337  27.70111
122432   44.0538  26.46889
121385   44.2733  20.01194
123176   44.3800  28.26361
124056   44.4017  23.78917
122807   44.4250  26.27722
123177   44.4429  28.84472
123064   44.6400  32.14361
123101   44.7262  30.56750
122906   44.7717  24.08361
123213   44.8138  28.54944
123102   44.9517  30.31055
123179   44.9942  29.20500
123065   44.9971  30.98667
124639   45.0208  21.41611
131373   45.0563  25.05333
131374   45.1108  24.21972
131358   45.1237  26.84806
131396   45.1688  29.00444
131359   45.1846  27.22333
123915   45.2400  22.65111
131378   45.3496  32.01667
131370   45.4150  25.73750
131363   45.4871  28.02139
121048   45.5187  25.79028
131380   45.5646  30.52167
131375   45.6471  24.83556
131381   45.9525  31.88111
131364   45.9608  27.98694
130486   46.0029  20.56083
131382   46.0104  31.86250
132242   46.0450  35.04417
132251   46.3283  34.72972
131384   46.4979  31.00667
131385   46.8208  30.59500
131387   47.0121  30.20806
131389   47.0863  30.70750
131390   47.1663  30.18389
130496   47.2613  20.18083
131392   47.3862  31.19083
311325  325.7083  32.68611
311318  325.8325  36.06445
311347  327.0467  35.89750
311319  327.2166  34.87666
310858  327.6679  28.59083
310844  328.9733  31.82722
311320  329.1167  35.19944
310847  329.4217  31.34250
310859  329.6804  28.75417
310850  329.8354  32.04889
311323  329.9217  34.20000
321195  330.1658  27.33889
321405  330.2562  31.40750
322669  330.3712  34.53889
322670  330.5216  36.06389
321304  330.9629  25.44222
321938  331.1196  23.32056
322641  331.3983  33.96472
321467  331.5271  28.77972
320941  331.9625  24.83250
321315  332.1758  24.94000
321408  332.4458  30.39305
321409  332.5517  30.44389
321305  332.5933  24.72750
321410B 332.8900  30.90333
321201  332.8979  26.04222
321306  332.9070  25.72944
321411  333.0800  31.89111
321203  333.2633  28.07222
321204  333.2758  25.91556
322671  333.4088  35.70111
321307  333.5196  25.68111
321468  333.6563  28.86472
321412  333.6717  31.93667
321205  333.7329  26.95778
322485  333.7562  35.30222
321413  333.7988  30.51805
322672  333.9804  35.95889
321469  334.0404  28.26889
321470  334.0483  28.78806
321471  334.1279  29.06722
322673  334.2046  35.61305
321472A 334.6887  28.96667
321207  334.7146  27.62639
321473  334.8692  28.79611
322674  334.8975  36.07306
321322  334.9467  25.69222
321502  334.9521  29.52306
321324  335.0858  24.38833
321326  335.2250  24.76389
322675  335.3096  35.51528
321474  335.3383  28.23111
321475  335.3563  28.51611
322676  335.4921  34.18333
322677  335.5333  35.71333
322678  335.6117  35.61194
321477  335.6567  28.80111
321478  335.7783  29.71917
322756  335.8962  34.14722
322679  335.9133  34.62666
321447  335.9204  30.74861
321456  335.9783  30.94139
321327  336.1050  24.24083
321418  336.1958  31.85278
322680  336.3537  35.89944
322681  336.4237  36.03361
322682  336.5154  34.35833
322683  336.5338  35.61722
321329  336.6042  25.37417
322684A 336.6246  35.52750
322687  336.6791  34.97306
321330  336.7096  25.01583
321419  336.8579  30.12028
321331  336.8813  25.62778
322689  336.9254  35.40722
322690  336.9938  34.06445
321421  336.9984  30.64389
320901  337.0279  23.37722
321212  337.0313  26.21861
321332  337.0550  25.78639
321479  337.1371  28.93361
322691A 337.2025  34.04639
321422  337.2484  32.08194
321214  337.3154  27.80472
321334  337.5504  24.85083
321216  337.5854  28.10695
322695  337.6183  34.21584
321423  337.6946  31.00861
322519  337.7108  35.21111
322523  338.0771  35.52306
321516  338.0866  23.44750
321335  338.1646  25.57639
321424  338.5292  31.28000
321526  338.7071  24.13194
321425  338.7796  30.63639
321480  338.8813  29.03333
322751  339.0383  35.59055
321481  339.0671  29.52944
321283  339.1083  26.74917
321379  339.1158  23.71611
321533  339.1300  24.13722
320272  339.1700  33.94833
321426  339.2438  31.64583
321482  339.4629  28.60639
321483  339.5467  28.21139
321380  339.6237  23.85861
321484  339.7371  28.90111
321427  339.8417  31.49750
321345  339.9275  24.34444
321485  339.9929  28.62667
321486  340.0167  29.35667
320702  340.0242  24.69889
321428  340.0471  32.17806
321346A 340.2892  24.57445
321429  340.3612  31.53000
321285  340.5079  28.00194
321487  340.6279  29.54111
322640  340.6446  35.64389
321430  340.6621  31.77667
320326  340.7329  36.10944
321431  340.7400  31.58472
320606  340.7713  30.64694
322734  340.8163  36.04805
322735  340.8546  35.55111
322736A 340.8579  35.68250
321347  340.8617  24.56389
321432  340.9454  31.74195
322738  341.0092  35.47445
321338  341.2121  25.43333
322740  341.2516  35.91528
322741  341.2875  36.14250
322752  341.3125  35.45945
322742  341.3875  34.79944
322743  341.3954  34.54028
321449A 341.3992  30.60695
321339  341.4063  25.12472
322753  341.5150  33.96445
321433  341.5187  30.32111
321435  341.9321  32.18834
321434  341.9333  30.75333
321348  341.9337  23.99972
321451  342.0133  29.83000
321436  342.0250  31.88028
320787  342.4667  34.91445
321438  342.5709  30.25222
321439  342.5796  31.10695
321440  342.6254  31.85306
320725  342.9992  20.26556
322744  343.0596  36.05722
321341  343.0654  24.10250
322745  343.1392  34.46528
321442  343.4109  31.99611
321342  343.4763  23.96889
321343  343.5850  25.52361
321984  343.7621  22.83500
321443  343.8167  31.20278
320804  343.9054  31.59333
321226  343.9341  26.30333
320926  343.9937  26.16861
322755  344.1329  36.06750
321444  344.2329  30.69639
321194  344.2667  25.72500
321445  344.3012  30.51306
321453  344.3367  31.88778
321227  344.3833  26.33611
321228  344.5967  26.02833
320484  344.7383  20.39139
321454  344.7400  31.61000
321229  344.7475  27.36472
321385  344.8129  24.70945
320603  344.8329  24.88445
322747  344.8363  34.94806
322748  344.8459  35.73000
320489  344.8667  25.12583
321404  344.9850  30.05055
333259  345.0225  24.48445
333349  345.0796  31.80805
333350  345.1179  30.50333
333351  345.1354  30.70583
333260  345.1500  24.77944
333352  345.1563  30.96111
333501  345.2746  28.82056
333502A 345.4121  28.50694
333503A 345.5496  29.57972
332263  345.5571  24.75444
335477  345.6412  35.05167
333355  345.7217  30.06833
335478  345.8112  35.92334
333357  345.9771  30.51694
334616  346.0258  22.08167
332905  346.0475  27.12083
333358  346.1392  30.13556
333504  346.1913  28.36028
330037  346.2358  36.02000
333505  346.2517  28.76111
332906  346.2884  25.87444
335480  346.3000  36.08416
335481  346.4129  35.95333
330046  346.4425  28.69583
334526  346.4930  23.16972
333359  346.5171  31.70750
333506  346.5438  28.98028
330051  346.5829  27.89056
333360  346.5858  29.89222
333361  346.6858  31.43250
335482  346.7375  36.00555
334287  346.7979  22.52833
333507  346.8208  29.38833
333362  346.8479  31.90278
333508  346.8529  29.54222
333363  346.9229  30.12111
335574  346.9333  35.69056
332939  347.0696  31.90167
333509  347.2200  29.66694
333583  347.2254  28.96028
333510  347.3975  29.26194
333364  347.4225  30.07417
333203  347.5550  27.79444
333584  347.6050  29.80833
333511  347.6367  29.55528
333318  347.6621  24.14444
335483  347.8375  35.43389
333365  347.9637  30.19111
332912  348.0042  27.29472
333266  348.0638  24.15639
333450  348.1021  30.06667
333366  348.1284  29.87778
333267  348.2108  24.35500
333512  348.2321  28.27194
332913  348.2375  27.34778
333513  348.4396  29.18111
330124  348.4558  25.46889
333367  348.4879  31.53833
333514  348.4996  28.59861
333268  348.5175  24.61361
333368  348.5562  31.45000
333516  348.5616  28.34861
333515  348.5658  28.50639
333369  348.5742  30.90583
333370  348.5917  31.25139
333518  348.6050  28.16417
333517  348.6162  29.53500
335484  348.7417  35.86305
333269  348.7883  25.76333
333320  348.8367  26.08556
333371  348.9059  29.88194
333520  348.9438  29.20139
333519  348.9471  29.03250
333372  348.9763  31.75750
334304  349.1625  23.50111
333373  349.1787  30.31583
333634A 349.1804  24.69250
333453  349.1917  30.77500
333521  349.2217  29.19833
332332  349.3238  27.97833
333374  349.3454  30.84250
333375  349.4354  30.61250
333633  349.4387  27.87222
333272  349.4483  24.57944
335489  349.6000  35.73528
330212  349.6058  20.16361
333522  349.6358  29.28333
330230  349.8329  24.93389
333377  349.8337  29.97306
331856  349.8383  20.63750
333523  349.8600  29.34583
332915  349.8658  26.10833
333585  349.8708  28.36306
333524  349.8904  29.62778
333378  349.9517  30.41167
330247  350.0413  26.02306
334315  350.0492  22.40194
333525  350.0742  29.14944
333274  350.1550  24.10833
333275  350.2250  24.19611
333276  350.2858  23.94972
333277  350.3346  25.17167
333526  350.3533  29.66389
332236  350.4046  26.10611
333380  350.4258  30.83639
333527  350.4338  29.00917
333278  350.4458  24.29528
333279  350.4621  25.15805
333280  350.5016  23.96611
333528  350.6004  28.73445
333281  350.6346  24.59306
333529  350.6625  28.96861
333530  350.6683  29.00361
333531  350.7833  29.00333
330331  350.8396  29.43083
333282  350.9375  24.01722
332936  350.9758  27.88972
330436  350.9996  27.81750
333283  351.0379  24.28361
330400  351.1092  25.38500
332924  351.1367  27.85306
333383  351.1466  31.42194
333532  351.1983  29.49222
333533  351.2258  28.67972
333385A 351.2496  31.37000
333534  351.2600  28.94694
333386B 351.2625  31.35000
332925  351.2883  25.84417
333535  351.3416  28.35111
330427  351.3416  28.85806
333285  351.3483  25.13778
333388  351.4329  30.40306
333389  351.4612  29.99667
332926  351.4912  27.04083
333536  351.5266  28.70333
332169  351.5621  28.06055
333537  351.5746  28.94583
332897  351.5950  30.66194
332927  351.6117  26.82222
332929  351.6304  26.93750
330446  351.6425  25.64250
333538  351.6533  29.68972
332931  351.6971  25.98306
333539  351.7042  28.21222
332930  351.7675  26.00167
333540  351.8979  29.40805
332919  351.9254  27.22389
333393  351.9479  31.55139
332914  351.9750  26.39250
333605  351.9754  28.77695
332916  352.0008  26.16167
333541  352.0071  28.83167
333542  352.0413  29.22000
332958  352.0654  26.84639
333287  352.0754  24.33945
333288  352.1671  24.08195
332917  352.1683  27.73806
332940  352.1708  27.30389
333394  352.2108  30.01028
335580  352.2412  34.63500
333395  352.2433  31.39444
333396  352.3313  30.90250
333204  352.3342  26.29472
333332  352.3638  25.44472
333545  352.5771  29.65278
333399  352.5979  29.80222
333289  352.6271  24.61500
333400  352.6742  29.84722
332961  352.6825  26.38000
332942  352.6871  26.23639
333401  352.7396  30.30055
332237  352.7550  22.44500
333546  352.7642  29.75722
333290  352.7921  24.87444
333547  352.8217  28.28500
333402  352.8346  31.46917
333291  352.9108  24.03555
335245  352.9117  20.71028
333548  352.9375  29.52139
332944  352.9817  26.82000
333403  353.1371  32.12139
333549  353.1429  29.66778
333294  353.3204  24.37889
333404  353.3212  30.84056
333405  353.3829  30.21972
333550  353.3875  29.31278
335390  353.3987  33.48972
333295  353.4008  24.62972
332946  353.4050  27.45333
332945  353.4070  26.24056
333407  353.4642  31.33694
333406  353.4679  31.11833
333336  353.5934  25.54194
333551  353.6609  29.40611
333552  353.6692  28.97528
333296  353.6767  24.70861
333553  353.6946  29.31361
331221  353.9229  26.65055
333298  353.9842  25.30944
333409  354.0246  31.08306
332947  354.0554  26.36139
333554  354.0900  29.18917
332948  354.2821  26.43611
333410A 354.3000  31.45500
333588  354.3262  28.37306
333555  354.3992  29.02667
333300  354.4059  24.56667
332949  354.5212  27.83722
333556  354.5475  29.01111
331240  354.5696  25.81500
330661  354.6254  26.59750
333607  354.6483  28.60833
333412  354.6654  32.12361
331244  354.7400  28.75389
330714  354.7746  26.58028
333413  354.8316  31.63139
333415  354.8337  31.52472
333466  354.8392  31.70139
333301  354.8529  25.70833
332950  355.0192  25.95278
333416  355.1125  31.81361
333417  355.1621  29.90333
330761  355.1767  27.17750
333557  355.1996  29.60945
333558  355.2262  29.17555
330765  355.2750  25.17167
330766  355.2766  24.95139
330768  355.3163  25.55222
332110  355.4433  25.71917
331281  355.5038  25.99806
333560  355.6112  28.77250
332952  355.7217  28.02667
332953  355.7433  27.67389
333561  355.7625  28.74639
333562  355.7792  29.07695
333563  355.7804  28.72306
335264  355.9413  35.95917
333564  356.0167  28.54222
333419  356.0492  31.76611
333591  356.0808  28.49778
330874  356.2754  29.06389
331322  356.3262  27.47222
333303  356.3692  24.20500
333565  356.4154  28.53417
333420  356.4813  31.25805
333566  356.4938  29.16528
333567  356.5833  29.11167
333421  356.6421  32.00972
333568  356.6537  29.24306
333233  356.6642  27.15361
333569  356.7050  29.77250
331415  356.7154  27.62167
333593A 356.8229  28.80694
333422  356.8279  31.36639
333570  356.8358  29.21778
333423  356.9317  29.91083
330925  357.0071  27.62333
333305  357.0204  24.48306
333306  357.0604  24.39167
330927  357.0800  24.09083
333307  357.0808  24.59167
333425  357.0938  30.53194
333572  357.1050  29.30055
333210  357.1742  25.91111
333308  357.1946  24.31250
330935  357.2079  22.70667
333573  357.2238  28.62444
333211  357.2975  27.26805
333309  357.3013  25.46167
333426  357.3967  32.13500
332317  357.4063  27.93194
333427  357.4063  31.49833
333631  357.4333  30.12000
331553  357.8238  27.24361
333214  357.9079  27.46944
330980  357.9954  27.33750
333429  358.0179  30.44722
333574  358.0242  29.13722
333216  358.0959  27.73889
333575  358.1583  29.47306
332327  358.1591  31.24167
333576B 358.1817  28.74528
333430  358.1829  30.79000
333218  358.2025  27.50194
333217  358.2083  27.30667
331377  358.2971  26.66500
333638  358.6179  29.06083
333311  358.7242  24.88111
331009  358.9104  29.24889
333434  359.0550  30.11778
333437  359.2112  30.74972
333597  359.2391  29.61417
333441  359.5538  30.11639
333221  359.5896  27.28305
333312  359.6429  24.90556
333222  359.6537  27.52250
333223  359.6679  26.83083
333224  359.8508  26.54806
333477  359.9854  29.93167
