### Formatted ALFALFA Catalog generated: Thu Mar 26  by martha
#Object              AGC     Other Ellipse Center  dRA dDEC Optical Center   hsize   v50 verr   W50 werr   SintP  Serr  Sintmap   SN   rms   code   grid
#                                  J2000                    J2000                    km/s                  Jykm/s                      mJy
HI090203.2+035007 192980           090202.9+035002 -75   9  090207.9+034952    2.0  8427    6   178   12    0.95  0.08    0.87    6.7  2.37   1     0900+05
HI090209.2+035208 192981           090208.9+035202 -33  25  090211.1+035137    3.0 17253    5   282   11    1.28  0.12    0.91    6.3  2.73   2     0900+05
HI090413.5+035235 192994           090413.2+035230  10  -1  090412.5+035231    1.2 17181    3   299    7    1.39  0.11    1.01    7.4  2.42   1     0908+05
HI092206.2+035358   4978  034-036  092205.9+035352  -5   1  092206.2+035350    1.3  4138    1   128    2    6.76  0.07    6.77   60.7  2.19   1     0924+05
HI092210.5+035809 192898           092210.2+035803  16  27  092209.1+035735    1.8 17234   19   349   39    1.48  0.11    1.10    7.6  2.33   1     0924+05
HI092727.4+035609  12931    I2481  092727.0+035603 -26  16  092728.8+035546    1.5  5321    5   260   10    3.74  0.09    3.70   23.4  2.21   1     0924+05
HI092824.9+035619 193050           092824.6+035613  -2  -4  092824.8+035617    2.3  9512    7   114   14    0.70  0.06    0.63    6.6  2.20   1     0932+05
HI094042.5+035752 191287     I549  094042.2+035746 -14  10  094043.2+035735    1.1  1335    2   117    4    2.23  0.07    2.09   18.8  2.44   1     0940+05
HI094309.0+035611 193098           094308.6+035605   0 -19  094308.6+035625    1.7  5875    3   180    6    1.14  0.07    1.16    8.9  2.14   1     0940+05
HI094731.6+035913 198434           094731.3+035907 -22  12  094732.8+035855    0.7  5009   12   100   23    0.75  0.06    0.71    7.1  2.36   1     0948+05
HI094817.0+035426 191338           094816.7+035420   7   1  094816.2+035419    1.5  7221   25   225   51    0.95  0.08    0.65    6.4  2.21   1     0948+05
HI095032.8+035026 193110           095032.5+035020  -9  44  095033.1+034936    1.7  9308    3   112    6    1.32  0.07    1.10   11.1  2.50   1     0948+05
HI100200.0+035827 204046           100159.7+035821 -53  12  100203.3+035809    3.6 14933   18   263   37    0.98  0.10    0.66    5.2  2.57   2     1004+05
HI100609.9+034921 201272  036-039  100609.5+034915-108 -23  100616.8+034939    1.3  6879    4   273    9    1.40  0.09    1.29    8.4  2.25   1     1004+05
HI101655.3+035006 204297           101655.0+035000   0  42  101655.0+034918    1.1 13836   69   502  138    1.82  0.13    1.24    6.7  2.40   1     1020+05
HI102224.5+035950   5607  037-014  102224.2+035944  -2  -4  102224.4+035949    1.2  6840    1   394    3    4.99  0.10    4.65   26.4  2.13   1     1020+05
HI102226.8+035318 204320           102226.5+035312  -4  -1  102226.8+035314    1.9 13388    3   206    7    1.08  0.09    1.13    6.7  2.49   1     1020+05
HI102451.1+035108 201633  037-029  102450.8+035102 -34  14  102453.1+035048    1.1  6898    5   345   10    1.60  0.10    1.26    8.9  2.16   1     1028+05
HI102641.7+035140   5661    N3246  102641.4+035134  -6  -7  102641.8+035142    1.3  2149    1   244    2   19.60  0.10   19.84  119.4  2.34   1     1028+05
HI102837.1+035830 204119           102836.8+035824  27 -60  102835.0+035925    1.3 17300    4   127    9    0.70  0.08    0.60    5.5  2.53   2     1028+05
HI103228.1+035457 204352           103227.8+035451  -1   0  103227.9+035451    1.2  6225    5   190   10    1.07  0.07    0.92    8.1  2.14   1     1028+05
HI103548.0+035435 204368           103547.6+035429  -4 -50  103547.9+035520    1.9  8250   30   271   60    0.95  0.10    0.46    5.2  2.45   2     1036+05
HI103844.6+035356 208396           103844.3+035350  -1  -7  103844.4+035358    2.7  5703    4    28    8    0.38  0.05    0.33    6.5  2.39   1     1036+05
HI103859.4+035203 208397           103859.1+035157  15 -30  103858.1+035227    1.1   763    4    33    8    0.41  0.04    0.40    7.0  2.21   1     1036+05
HI105206.9+035321 204429           105206.5+035315  -3 -52  105206.8+035407    2.1  3786    2   123    5    0.88  0.06    0.53    8.1  2.19   1     1052+05
HI105326.3+035330 204437           105326.0+035324  20 -10  105324.6+035335    0.6 16179    2    64    5    0.89  0.06    0.90   10.2  2.43   1     1052+05
