# This file created by Martha from SFI++ Table 2 on March 27, 2009   
# Select northern galaxies, with no group assignment                 
# Restrict to 3000 < Vcmb < 10000                                    
#                                                                    
#   Col  1:   AGC number                                             
#        2:   R.A.(J2000), in degrees                                
#        3:   Dec.(J2000), in degrees                                
#        4:   Vel in CMB rest frame, in km/s                         
#        5:   Morphological type code (see RC3 to decode)            
#        6:   log Width, in km/s, corrected for inclination          
#        7:   error in log W                                         
#        8:   Apparent magnitude, I-band, corrected for inclination, 
#                      Galactic extinction, and redshift             
#        9:   Absolute magnitude, I-band                             
#       10:   Error in absolute magnitude    
#       11:   Radius containing 83% of total I-band light, in arcsec                         
# (1)       (2)       (3)     (4)  (5)  (6)   (7)    (8)    (9)  (10)   (11)                           
#                                                                    
 12913    0.27792   3.50583  5979   5  2.384 0.008  13.93 -19.97 0.15   37.3
 12920    0.51250  27.21056  7271   4  2.449 0.012  13.61 -20.72 0.12   28.5
100002    0.54083   8.73694  5178   3  2.474 0.021  13.06 -20.53 0.11   22.1
     3    0.52625  18.88583  7533   1  2.692 0.007  12.43 -21.98 0.07   34.3
     4    0.52875   4.20889  8272   4  2.577 0.017  13.28 -21.33 0.06   19.4
    14    0.77125  23.20028  6908   5  2.605 0.008  12.00 -22.22 0.08   49.2
101122    0.75708  10.99111  7624   5  2.228 0.010  15.86 -18.58 0.10   14.6
    23    1.01250  10.79028  7616   3  2.641 0.013  12.62 -21.82 0.07   25.1
    41    1.27500  22.49195  6250   5  2.391 0.007  13.96 -20.05 0.11   27.5
100040    1.53208   4.93694  4927   4  2.405 0.013  13.71 -19.77 0.09   19.2
    53    1.50125  19.32139  7543   4  2.407 0.023  14.26 -20.15 0.08   21.8
100044    1.75708  13.76639  5056   3  2.274 0.020  14.42 -19.12 0.11   21.3
    57    1.77458  27.70778  4218   3  2.539 0.008  12.53 -20.61 0.07   25.8
    68    2.00083  27.00361  8438   3  2.473 0.061  13.05 -21.62 0.08   17.3
101097    2.01625  33.02833  4631   5  2.223 0.005  15.13 -18.22 0.11   23.7
101063    2.53625  29.13806  7719   4  2.225 0.010  15.79 -18.68 0.10   14.6
    95    2.52667  28.98778  6705   5  2.640 0.005  13.26 -20.90 0.10   26.6
    96    2.51125  28.99639  7517   3  2.675 0.011  12.26 -22.15 0.07   27.5
   105    2.76792  28.90639  7713   0  2.643 0.146  12.32 -22.14 0.04   29.6
   106    2.76000   6.38917  5672   3  2.686 0.010  11.36 -22.43 0.07   60.5
101105    2.78250  27.79028  7068   3  2.481 0.008  14.21 -20.06 0.10   14.1
   111    3.03750  12.04500  5996   3  2.387 0.008  13.48 -20.43 0.10   25.0
   113    3.02375  22.32111  7288   1  2.705 0.017  12.49 -21.85 0.07   22.4
   148    3.75583  16.08945  3858   3  2.479 0.007  11.97 -20.98 0.11   38.2
   149    3.78125  14.07611  5122   1  2.455 0.007  13.67 -19.90 0.10   19.8
100921    4.00458  16.02583  8011   3  2.497 0.033  14.46 -20.09 0.08   14.6
   155    4.01750   7.07639  3613   3  2.593 0.005  11.72 -21.08 0.09   27.2
   158    4.27125  42.16111  4767   3  2.515 0.034  12.92 -20.49 0.10   37.8
   166    4.27417  30.20472  4505   5  2.425 0.011  12.85 -20.43 0.12   38.6
100146    4.29042  24.56250  5460   4  2.515 0.037  12.93 -20.78 0.09   34.7
100151    4.52167  18.51722  4878   5  2.358 0.030  13.79 -19.67 0.09   18.1
   205    5.25292  17.34028  4925   3  2.236 0.020  13.83 -19.65 0.08   19.5
100184    5.28708  22.50667  5471   4  2.539 0.035  12.80 -20.91 0.09   23.4
100188    5.26500  22.59306  6292   4  2.577 0.025  12.89 -21.13 0.08   26.1
   214    5.51500  10.49111  5031   5  2.629 0.032  11.21 -22.31 0.09   32.1
   228    5.77750  24.30583  5345   4  2.526 0.016  12.95 -20.71 0.08   24.8
100229    6.27000   6.70611  8594   3  2.415 0.141  13.85 -20.86 0.08   14.3
   278    7.00500  27.36889  9276   4  2.579 0.009  13.46 -21.41 0.08   25.9
100269    7.28458  11.60028  4861   5  2.233 0.043  13.70 -19.75 0.11   19.2
   310    7.78250  28.99306  4331   5  2.301 0.008  13.64 -19.55 0.12   28.7
   321    8.01000  23.39444  4331   5  2.310 0.021  13.92 -19.28 0.10   27.6
100295    8.01208  30.65083  5734   3  2.378 0.021  13.37 -20.44 0.09   15.0
100303    8.27625  23.40139  4849   5  2.427 0.008  13.60 -19.85 0.09   19.6
   346    8.52500  31.94861  5589   4  2.455 0.009  13.08 -20.68 0.10   24.9
   353    8.78917   8.99722  4725   5  2.465 0.010  13.29 -20.10 0.12   27.8
   356    9.01667  23.95861  4925   1  2.769 0.009  11.10 -22.39 0.06   56.7
   357    9.00042  21.46417  8932   4  2.474 0.014  13.90 -20.89 0.09   18.6
   359    9.00250   4.63500  4581   3  2.164 0.029  13.71 -19.62 0.08   20.2
   364    9.02125  21.56639  8581   3  2.716 0.009  12.29 -22.41 0.07   24.1
   376    9.26708  32.68889  4508   5  2.297 0.013  14.48 -18.81 0.11   21.1
   393    9.54083  17.40250  5095   3  2.612 0.013  13.12 -20.44 0.07   32.9
101075    9.50208  29.58611  4998   1  2.538 0.005  13.72 -19.79 0.08   18.2
101112    9.51833   7.45750  4898   4  2.265 0.007  15.33 -18.13 0.09   11.9
100381    9.52375  26.96611  4858   5  2.265 0.011  14.29 -19.16 0.10   18.4
   483   11.50125  26.47611  4633   2  2.352 0.007  14.09 -19.26 0.11   27.7
   490   11.76667  19.59667  4225   5  2.623 0.027  11.29 -21.85 0.06   55.7
100592   12.25875   0.96306  4290   4  2.427 0.009  13.18 -20.00 0.10   17.0
   510   12.28500  21.71972  4208   5  2.389 0.015  13.06 -20.08 0.12   32.8
100734   13.03625  14.50306  8783   5  2.283 0.009  15.82 -18.93 0.14   18.6
   534   13.00083  24.35111  9840   3  2.780 0.020  12.06 -22.94 0.07   43.3
   541   13.28875  21.92639  6979   5  2.413 0.006  14.00 -20.25 0.14   25.7
   544   13.26083   2.92361  4574   5  2.561 0.008  12.71 -20.61 0.15   40.9
   549   13.50875  36.76500  5770   5  2.348 0.013  14.06 -19.77 0.12   29.9
100634   13.76083  30.39806  6367   3  2.367 0.016  14.24 -19.81 0.09   19.9
   615   14.75042  15.33083  5180   2  2.582 0.017  12.43 -21.17 0.07   19.5
   631   15.26042   9.72472  5715   5  2.474 0.004  13.42 -20.38 0.14   32.8
   637   15.27542   3.08167  4048   5  2.225 0.018  14.50 -18.56 0.12   41.2
111669   16.51500   2.82167  5112   4  2.255 0.014  15.42 -18.14 0.16   26.4
   690   16.76167  39.39972  5592   5  2.591 0.022  12.12 -21.64 0.07   43.3
   698   16.77542   2.54528  9739   2  2.717 0.007  13.09 -21.89 0.07   20.1
   725   17.50125  43.10806  4766   5  2.473 0.016  12.30 -21.10 0.12   45.2
110090   17.50500  30.18361  6523   3  2.401 0.010  14.05 -20.05 0.09   16.0
110864   17.77250   0.46083  4234   3  2.328 0.010  14.02 -19.12 0.11   16.5
   783   18.52625  42.55639  5646   5  2.560 0.019  12.63 -21.14 0.08   30.5
111795   18.78333   5.11139  4703   6  2.246 0.007  15.53 -17.85 0.11   20.4
   833   19.53708  11.38139  4878   5  2.580 0.019  12.11 -21.35 0.08   42.9
   835   19.50083  31.03583  6548   5  2.543 0.017  13.30 -20.80 0.08   26.7
110770   20.00750   1.26278  9751   5  2.279 0.043  16.09 -18.89 0.13   16.0
   889   20.25250  17.86833  8227   5  2.484 0.028  13.85 -20.75 0.10   21.2
   886   20.25125  40.48833  5589   5  2.560 0.026  11.88 -21.88 0.09   51.3
   904   20.29125  18.26722  7999   1  2.664 0.007  12.74 -21.80 0.07   27.4
110255   20.52958  28.79778  3916   5  2.258 0.014  13.79 -19.19 0.11   29.8
   940   20.78292  34.56917  6708   5  2.529 0.024  13.55 -20.61 0.08   26.8
   955   21.04125  15.76667  4741   5  2.396 0.006  13.71 -19.68 0.13   32.3
111629   21.52167  14.62500  6148   4  2.276 0.006  15.69 -18.27 0.14   17.1
  1045   22.00375  32.03278  6132   3  2.480 0.005  13.09 -20.87 0.10   32.0
110363   22.26292  33.66528  6334   3  2.508 0.027  14.08 -19.95 0.13   15.1
110369   22.27542  32.02083  6055   3  2.403 0.010  13.96 -19.98 0.10   17.2
  1068   22.27958  45.59889  4978   5  2.595 0.015  11.46 -22.04 0.07   45.0
111138   22.76833  14.01667  8626   3  2.408 0.011  14.48 -20.23 0.11   24.2
  1118   23.25750   3.54222  3215   5  2.393 0.005  12.35 -20.19 0.13   56.1
  1152   24.02625  31.98500  6338   3  2.522 0.010  13.30 -20.74 0.07   21.4
  1189   25.27083   7.12139  5175   3  2.340 0.015  13.97 -19.62 0.10   25.5
  1218   26.03083  12.25444  9934   4  2.548 0.008  13.68 -21.34 0.07   19.0
  1219   26.00250  17.47694  4314   3  2.605 0.007  11.83 -21.36 0.06   26.0
110856   26.02042  17.35944  7789   3  2.292 0.026  14.67 -19.82 0.08   13.4
  1233   26.25542  28.80556  7567   5  2.558 0.020  13.06 -21.36 0.07   24.1
111640   26.25875   9.99694  9137   3  2.393 0.007  14.40 -20.44 0.11   14.7
111639   26.29125   9.86250  5586   5  2.230 0.010  15.37 -18.39 0.10   13.0
  1247   26.53792  13.12500  5222   3  2.610 0.006  12.29 -21.32 0.07   20.0
111642   26.77333  11.46889  5009   5  2.161 0.008  15.95 -17.56 0.11   15.2
  1264   27.03292  13.76833  4504   5  2.342 0.011  14.05 -19.23 0.12   27.4
  1279   27.27000  13.36861  4321   3  2.459 0.006  13.12 -20.08 0.10   18.2
110911   27.54083  33.15472  9867   3  2.747 0.025  14.01 -21.00 0.07   14.4
  1351   28.04000  12.70778  4276   1  2.626 0.012  11.66 -21.52 0.07   30.7
  1364   28.51500  14.90944  4811   5  2.276 0.023  14.64 -18.78 0.14   28.6
  1372   28.50500  17.67361  6608   3  2.441 0.020  13.24 -20.89 0.09   21.5
  1374   28.51958  16.86583  4837   5  2.204 0.021  14.00 -19.44 0.08   25.5
110635   28.77833   5.37361  5227   3  2.417 0.013  13.41 -20.20 0.08   20.7
  1391   28.77417  10.01306  5620   5  2.583 0.005  12.61 -21.16 0.11   27.4
110649   29.01333  17.53167  7924   3  2.447 0.017  14.33 -20.19 0.09   13.3
  1408   29.02167  13.16556  7385   5  2.575 0.011  13.22 -21.15 0.07   29.4
111644   29.27125  14.83528  9704   3  2.525 0.006  14.21 -20.76 0.08   11.6
110684   29.25208   4.34833  4570   5  2.283 0.022  14.47 -18.85 0.10   20.2
111241   29.28375  14.43083  7598   3  2.407 0.005  14.43 -20.00 0.12   18.8
  1448   29.53542   2.06417  6013   5  2.530 0.006  12.84 -21.08 0.10   28.4
  1457   29.50375   0.52889  6734   3  2.593 0.009  12.32 -21.84 0.07   35.6
110758   30.02750  19.70694  5349   5  2.326 0.014  14.38 -19.28 0.14   25.4
  1536   30.52084   7.52361  7316   4  2.548 0.007  13.28 -21.07 0.08   21.0
120006   30.77917  15.74667  7704   3  2.558 0.032  13.40 -21.06 0.09   17.4
121457   31.02792   2.67111  6024   5  2.428 0.004  14.08 -19.84 0.15   23.0
  1580   31.26625   9.92583  7491   3  2.665 0.008  12.23 -22.17 0.08   32.3
120020   31.25417   8.52583  5487   2  2.481 0.015  13.85 -19.87 0.09   12.6
  1606   31.75917   8.97778  7755   5  2.491 0.060  13.93 -20.55 0.11   23.5
120052   32.00208  18.99750  4939   5  2.458 0.009  13.33 -20.16 0.12   17.2
121507   32.26250  10.67722  6562   5  2.260 0.009  14.57 -19.54 0.10   16.4
  1658   32.26667  10.96056  4313   3  2.408 0.010  13.23 -19.96 0.10   22.9
  1659   32.27875  16.03250  7975   5  2.635 0.009  12.48 -22.06 0.07   35.9
120082   32.76125  17.20000  4051   5  2.230 0.030  14.18 -18.88 0.09   18.7
121188   32.75500  37.82222  7264   5  2.262 0.007  16.13 -18.20 0.22   21.5
  1705   33.25542   9.51056  7950   3  2.461 0.034  14.22 -20.32 0.10   10.8
  1719   33.51792  16.45555  7964   3  2.803 0.018  11.79 -22.74 0.07   46.3
  1738   33.76750  42.82361  5468   5  2.413 0.013  13.39 -20.32 0.12   27.2
  1754   34.25917  30.94306  9916   4  2.456 0.012  14.02 -21.00 0.12   26.2
120156   34.52417  15.15917  3533   5  2.248 0.029  14.18 -18.57 0.09   19.7
  1785   34.52958   4.81500  5548   5  2.360 0.045  15.29 -18.45 0.12   17.4
121406   34.79083   8.17889  8421   3  2.444 0.004  14.13 -20.53 0.12   17.8
  1801   35.04125   8.03778  6931   3  2.508 0.083  13.52 -20.71 0.10   22.9
  1811   35.28500  13.71750  7583   5  2.565 0.010  13.33 -21.10 0.10   19.1
  1835   35.50375  28.25639  4848   5  2.662 0.031  11.65 -21.79 0.08   36.4
120207   35.75792  25.54167  4872   3  2.689 0.033  12.73 -20.72 0.05   14.9
121408   36.01458  27.23472  9442   3  2.512 0.016  14.01 -20.90 0.08   13.5
  1860   36.00917  25.56083  9408   3  2.738 0.015  12.38 -22.53 0.06   26.3
120235   36.28500  23.00083  3954   3  2.456 0.019  13.27 -19.73 0.09   17.5
  1887   36.52083  42.14389  5325   5  2.636 0.027  12.08 -21.57 0.06   32.8
  1898   36.52417  22.99583  9949   5  2.665 0.009  13.16 -21.86 0.13   28.3
120257   36.52625  20.53278  3973   5  2.167 0.102  13.66 -19.35 0.10   28.2
  1938   37.00917  23.21472  6162   4  2.584 0.005  12.69 -21.28 0.10   25.6
120344   38.25417   6.52778  7957   0  2.558 0.042  12.77 -21.76 0.07   15.2
120337   38.28000  32.53750  9445   5  2.571 0.039  13.71 -21.20 0.08   18.3
  2037   38.28667   6.47306  8094   3  2.612 0.005  12.85 -21.72 0.10   23.7
121426   38.52667  32.42361  4677   0  2.417 0.008  13.95 -19.42 0.11   16.3
121427   38.79125  32.65222  9550   1  2.663 0.005  13.93 -21.01 0.08   16.9
  2079   39.04042  23.89889  5421   5  2.422 0.018  12.73 -20.96 0.11   70.2
  2134   39.50792  27.84667  4365   3  2.529 0.008  11.48 -21.74 0.10   39.4
  2138   39.52333   9.09722  4894   5  2.544 0.028  12.11 -21.35 0.09   32.5
120414   39.77917  10.84361  8368   3  2.455 0.052  13.15 -21.49 0.10   19.2
  2153   39.75208  18.02444  8319   3  2.821 0.010  11.53 -23.10 0.07   47.5
120417   40.01625  17.88222  8387   3  2.708 0.080  13.07 -21.58 0.06   16.5
  2167   40.02167   8.59556  5199   5  2.522 0.009  12.86 -20.74 0.10   24.4
  2185   40.75583  40.42667  4154   5  2.622 0.011  11.48 -21.63 0.10   60.9
  2205   40.77042  33.16833  5274   5  2.471 0.024  13.08 -20.55 0.11   23.9
  2220   41.01250  15.24000  7291   4  2.559 0.005  12.95 -21.39 0.08   27.9
  2223   41.26750  35.18861  4779   5  2.407 0.015  12.94 -20.47 0.11   29.9
  2239   41.52375  32.44944  4617   4  2.500 0.008  12.60 -20.73 0.12   28.1
  2295   42.03667   3.16889  3940   3  2.584 0.010  11.69 -21.31 0.07   33.9
  2312   42.28750  14.61944  8855   3  2.640 0.014  13.02 -21.75 0.07   19.9
120539   42.26292  14.40167  8463   3  2.567 0.007  13.55 -21.12 0.08   16.8
120544   42.52208  13.26611  8280   0  2.773 0.012  12.86 -21.76 0.08   20.3
  2338   42.78875   2.59333  4289   5  2.464 0.017  12.58 -20.60 0.10   38.9
120589   43.51000   9.45111  7995   4  2.413 0.047  13.46 -21.08 0.12   14.1
  2404   43.78708   1.07889  4828   5  2.436 0.006  13.55 -19.88 0.14   23.9
  2424   44.28125  17.51389  6770   4  2.739 0.003  11.60 -22.58 0.11   43.2
  2435   44.51417  35.25722  4657   5  2.441 0.015  12.15 -21.21 0.12   52.3
  2461   45.01083  34.07222  6610   5  2.483 0.010  13.20 -20.92 0.11   30.7
  2483   45.27834  31.81917  6030   5  2.465 0.007  13.39 -20.53 0.14   27.4
  2498   45.50875  17.34556  6733   5  2.521 0.009  13.06 -21.11 0.10   31.6
  2589   48.01292  12.38417  9676   4  2.702 0.032  12.33 -22.64 0.17   27.1
130453   50.50042  14.88361  9913   3  2.517 0.015  13.80 -21.22 0.11   14.6
  2703   50.51833  14.91361  9942   3  2.842 0.006  12.20 -22.82 0.12   35.4
  2711   50.79083   1.32389  9732   3  2.635 0.029  13.26 -21.72 0.09   21.6
  2727   51.28250   5.23472  8660   5  2.538 0.012  13.52 -21.20 0.16   26.6
  2786   53.51000   2.97333  5618   6  2.258 0.031  13.72 -20.05 0.17   43.3
  2796   54.01083  13.40639  8924   4  2.680 0.006  12.29 -22.50 0.19   37.6
  2802   54.25375   4.94861  9512   3  2.698 0.016  12.32 -22.60 0.11   32.4
  2804   54.52125   1.93667  6789   5  2.459 0.009  13.68 -20.50 0.12   20.8
  2806   54.50084   7.63556  8749   3  2.706 0.007  12.70 -22.04 0.14   25.6
130373   54.75000  15.74139  7766   5  2.453 0.036  13.86 -20.62 0.18   29.8
130374   54.76125  15.98083  9322   5  2.597 0.041  13.56 -21.32 0.12   19.7
130308   54.76458  15.81917  9665   5  2.574 0.024  12.84 -22.12 0.11   19.5
130396   55.25875  13.57389  9906   5  2.679 0.009  13.86 -21.16 0.17   24.8
130381   55.27625  13.57278  9842   5  2.709 0.011  12.77 -22.23 0.18   26.7
  2839   55.75084  14.29500  6396   6  2.544 0.006  13.19 -20.86 0.20   36.0
  2860   57.77792  78.29778  4174   5  2.400 0.020  13.69 -19.42 0.14   29.7
  2888   58.28875  32.32944  3906   4  2.400 0.052  12.13 -20.84 0.14   29.1
  2910   59.51208   6.71444  5389   4  2.346 0.007  13.35 -20.33 0.15   25.5
  2915   59.77166  32.61250  5184   5  2.446 0.007  13.47 -20.12 0.15   27.2
  2931   60.53542  25.81694  5626   5  2.453 0.101  12.80 -20.97 0.13   22.2
  2956   61.53583  31.28250  4432   5  2.531 0.007  12.18 -21.07 0.17   34.8
  3084   68.03458  10.39111  3993   5  2.508 0.005  11.79 -21.23 0.18   45.9
  3085   69.03584  72.90305  4245   5  2.484 0.012  13.00 -20.16 0.12   24.5
  3092   69.53834  72.28194  4735   5  2.512 0.017  13.19 -20.21 0.14   29.0
  3171   71.77209   1.81889  4513   5  2.637 0.108  12.85 -20.44 0.06   26.4
  3187   72.77209   6.83361  4700   5  2.431 0.022  13.12 -20.26 0.10   27.5
  3231   75.51875   0.24556  4819   5  2.446 0.015  12.83 -20.61 0.10   28.1
  3238   75.77917   1.57278  4739   5  2.770 0.017  11.35 -22.05 0.07   31.9
  3242   76.02792   4.47889  6034   3  2.668 0.011  12.75 -21.18 0.08   28.4
  3235   76.26417  67.00916  3913   5  2.375 0.022  13.52 -19.46 0.16   54.9
  3248   76.77750   3.97806  8922   3  2.637 0.005  12.46 -22.33 0.08   45.6
  3259   78.52541  72.33389  4896   5  2.481 0.033  12.22 -21.25 0.12   51.4
150046   78.51417   5.41222  8846   3  2.757 0.011  12.77 -21.99 0.08   19.0
150059   78.77500   7.19667  8910   5  2.569 0.007  13.06 -21.73 0.10   19.4
  3277   79.75250  65.46972  5081   5  2.549 0.014  12.38 -21.16 0.12   47.4
  3253   79.75708  84.05222  4077   3  2.575 0.012  11.89 -21.18 0.07   31.9
  3291   80.02625   6.57028  4343   5  2.362 0.055  13.31 -19.90 0.11   23.3
  3284   80.26292  72.70139  4663   5  2.396 0.050  13.53 -19.83 0.11   25.3
  3319   83.51958  70.19195  4181   5  2.507 0.017  13.43 -19.69 0.11   31.4
  3326   84.78000  77.31223  4065   5  2.699 0.006  11.26 -21.80 0.18   64.2
  3373   89.78292  78.50945  4727   5  2.512 0.017  12.41 -20.98 0.09   36.8
  3398   91.51376  60.56778  7048   5  2.507 0.020  13.22 -21.05 0.11   35.5
  3411   92.52084  62.01972  6802   5  2.693 0.106  13.10 -21.09 0.10   45.8
  3432   94.01583  57.05139  5012   5  2.456 0.012  12.96 -20.56 0.12   29.6
  3413   94.25417  81.13805  4187   5  2.549 0.074  11.42 -21.70 0.08   42.7
  3477   97.75875  50.09333  6541   5  2.587 0.013  12.50 -21.61 0.11   48.4
  3511  100.75667  65.20611  3581   5  2.615 0.015  11.29 -21.49 0.06   32.2
  3539  102.01708  66.26139  3327   4  2.483 0.008  12.57 -20.05 0.11   33.8
  3593  103.76791  40.96056  6792   5  2.617 0.013  12.28 -21.90 0.08   37.1
  3581  104.76334  80.00361  4948   5  2.540 0.027  12.48 -21.01 0.07   29.2
  3652  105.75458  22.36917  4678   5  2.560 0.005  11.85 -21.52 0.08   39.4
  3694  107.02792  32.68139  4897   5  2.455 0.013  13.79 -19.67 0.10   26.8
  3717  108.26958  73.84333  4194   4  2.572 0.015  11.61 -21.52 0.08   45.1
  3763  108.53750  34.81445  7290   5  2.471 0.016  13.93 -20.41 0.13   26.3
  3759  109.01708  64.71111  4464   4  2.741 0.011  11.25 -22.02 0.07   34.7
  3774  109.01625  32.93750  7375   2  2.632 0.009  12.49 -21.88 0.09   29.3
170343  109.02208  32.95417  7444   6  2.364 0.011  14.66 -19.72 0.13   21.4
  3777  109.01167  29.85500  3355   5  2.412 0.005  11.84 -20.80 0.14   51.6
  3764  109.01250  67.11083  4149   3  2.431 0.027  12.45 -20.66 0.09   27.0
  3783  109.26459  24.75667  6336   5  2.545 0.003  13.22 -20.81 0.13   29.4
  3791  109.50834  27.15833  5229   4  2.517 0.009  13.11 -20.50 0.10   24.5
  3827  110.78083  22.20778  5538   3  2.509 0.084  12.33 -21.41 0.05   24.9
  3828  111.02458  57.96778  3577   3  2.513 0.049  11.13 -21.65 0.07   42.2
  3835  111.25709  23.78278  5665   3  2.683 0.011  11.87 -21.91 0.06   29.8
  3843  111.26583  20.10222  5451   5  2.294 0.008  14.36 -19.34 0.10   18.4
  3854  111.78959  33.83194  8003   3  2.569 0.018  12.42 -22.12 0.06   30.4
  3862  111.78250  20.39833  8327   3  2.625 0.009  13.08 -21.55 0.08   35.7
  3873  112.01666  20.59139  4644   5  2.533 0.007  12.19 -21.17 0.08   42.2
  3879  112.26708  33.69000  4944   6  2.380 0.016  13.10 -20.39 0.11   38.6
  3884  112.51958  34.02722  5041   5  2.505 0.031  12.54 -20.99 0.08   26.4
  3892  112.79041  13.05944  8294   5  2.583 0.004  12.92 -21.71 0.09   31.7
  3902  113.26542  31.48306  5177   3  2.702 0.035  11.80 -21.79 0.06   37.4
  3922  114.02917  55.04083  8873   5  2.663 0.010  13.18 -21.59 0.07   28.0
  3932  114.26334  22.35222  4761   2  2.568 0.010  12.48 -20.93 0.08   27.5
  3919  114.27126  64.55250  4918   5  2.444 0.014  13.40 -20.08 0.14   26.8
  3933  114.27917  41.94611  6027   3  2.614 0.050  12.36 -21.57 0.06   35.2
  3944  114.52708  37.61666  4044   5  2.467 0.019  12.60 -20.45 0.09   32.1
  3943  114.75375  59.16111  3602   5  2.436 0.009  12.77 -20.03 0.10   34.6
  3962  115.04000  13.87167  8918   2  2.747 0.020  11.60 -23.18 0.07   52.4
  3959  115.03834  39.23278  3496   3  2.623 0.009  11.02 -21.72 0.10   54.4
  3969  115.26792  27.61389  8305   5  2.656 0.009  12.66 -21.97 0.12   27.7
  3967  115.53959  62.94639  5935   5  2.246 0.072  14.61 -19.28 0.10   20.1
  3980  115.51667  18.32694  8600   3  2.679 0.008  12.80 -21.90 0.09   25.3
  3987  115.75166  22.93028  7450   3  2.534 0.011  13.03 -21.35 0.11   27.2
  3986  115.76250  31.53472  3903   5  2.173 0.023  14.83 -18.14 0.12   24.5
  3985  115.75125  49.61389  5796   3  2.780 0.025  11.72 -22.11 0.06   36.0
  3979  116.00375  67.27306  4107   4  2.554 0.009  12.24 -20.84 0.11   36.7
  3991  116.27292  65.75889  4135   5  2.342 0.011  12.90 -20.20 0.08   26.8
  4029  117.03708  34.33194  4582   4  2.530 0.008  12.04 -21.28 0.11   43.6
  4032  117.02126  30.15361  8300   5  2.542 0.004  13.71 -20.91 0.12   31.1
  4034  117.28792  30.90222  4146   5  2.286 0.020  14.35 -18.76 0.10   23.5
  4039  117.25333  29.94361  3884   3  2.446 0.014  12.74 -20.22 0.12   24.8
  4042  117.29124  30.02500  8470   3  2.746 0.034  12.66 -22.01 0.06   23.2
  4059  118.02834  62.54611  6639   5  2.458 0.039  13.58 -20.55 0.10   23.7
  4132  119.76250  32.91500  5388   4  2.699 0.005  11.61 -22.07 0.07   34.9
170378  119.78875  26.55222  7601   5  2.571 0.004  13.06 -21.37 0.14   26.0
  4154  120.02625  13.15194  4845   5  2.444 0.009  12.83 -20.61 0.09   33.3
  4128  120.01125  60.28806  6058   5  2.595 0.026  12.13 -21.80 0.07   35.3
  4183  120.50624   6.87833  9520   3  2.716 0.010  11.99 -22.94 0.07   49.4
  4166  121.03500  74.04750  3831   5  2.462 0.037  12.76 -20.17 0.08   25.9
  4233  121.78041   8.86861  9135   3  2.693 0.004  12.60 -22.24 0.13   31.0
  4226  121.75584  40.39806  8076   5  2.695 0.040  12.60 -21.96 0.08   45.9
  4252  122.50001  40.10250  6292   5  2.490 0.012  13.46 -20.56 0.10   32.5
  4243  122.52208  67.24277  5007   2  2.602 0.016  12.28 -21.24 0.06   24.4
  4258  122.53251  46.91139  3264   5  2.288 0.020  13.85 -18.73 0.13   39.1
  4269  123.00625  19.36444  8747   3  2.745 0.017  12.05 -22.70 0.06   31.1
  4275  123.02708  26.36111  6512   5  2.571 0.023  12.33 -21.76 0.06   35.0
  4301  124.00875  28.62444  6173   4  2.565 0.005  12.66 -21.32 0.07   28.4
  4317  124.26042  12.89778  9951   3  2.593 0.032  13.68 -21.35 0.06   14.7
  4321  124.50750  11.62583  9878   2  2.677 0.004  13.04 -21.97 0.10   22.6
180814  124.52042  11.61889  9922   3  2.418 0.049  14.89 -20.13 0.11   14.0
  4326  125.02250  68.60056  4739   4  2.616 0.011  11.78 -21.62 0.06   32.2
180613  126.01792  34.32806  5398   5  2.312 0.014  14.54 -19.15 0.14   32.0
  4511  129.51666  30.79806  7902   5  2.573 0.013  12.59 -21.93 0.07   28.3
  4512  129.79124  60.96861  8016   5  2.631 0.014  12.66 -21.89 0.07   28.3
  4515  130.04001  52.45555  5108   3  2.594 0.038  12.14 -21.42 0.07   38.5
  4558  131.03749  33.51528  7891   4  2.658 0.008  12.64 -21.88 0.11   30.3
  4597  131.75043  25.89333  6787   3  2.537 0.013  13.13 -21.05 0.07   24.2
  4607  132.03792  17.61083  6451   4  2.602 0.007  12.80 -21.27 0.10   24.6
  4611  132.00208  29.86972  6198   5  2.588 0.007  12.89 -21.10 0.11   29.2
  4617  132.28000  29.51972  8413   5  2.581 0.011  13.48 -21.18 0.08   35.1
  4625  132.53250   3.49694  8766   5  2.606 0.004  12.94 -21.81 0.17   42.1
  4655  133.26126   4.78139  6486   5  2.422 0.006  14.05 -20.03 0.14   23.5
  4691  134.25250   2.92056  4217   4  2.814 0.004   9.98 -23.16 0.07   81.6
  4698  134.51083  28.26639  8247   2  2.836 0.014  12.27 -22.34 0.07   35.7
  4697  135.01208  70.01917  3794   5  2.246 0.017  14.07 -18.84 0.15   45.2
180589  135.27208  12.99139  9049   2  2.533 0.008  13.90 -20.91 0.07   18.9
  4747  135.77042  30.59139  4556   5  2.498 0.005  12.36 -20.95 0.11   32.9
  4792  137.02417  20.50389  7956   4  2.539 0.007  13.27 -21.27 0.12   22.8
  4844  138.25958  49.63917  4171   5  2.447 0.038  12.42 -20.69 0.09   32.0
  4900  139.04042   7.26611  5939   4  2.415 0.011  13.16 -20.73 0.09   29.6
  4895  139.03917  27.48917  7333   3  2.652 0.005  12.59 -21.77 0.07   24.3
  4925  139.54083  17.75278  3306   5  2.281 0.006  14.00 -18.60 0.12   35.6
  5010  141.02208  26.77472  4381   3  2.776 0.018  10.87 -22.35 0.11   49.0
  5034  141.76584  57.37500  3352   4  2.516 0.007  11.56 -21.07 0.11   55.7
  5033  142.00667  64.93417  5305   5  2.408 0.025  13.75 -19.89 0.16   36.9
190713  143.00291  12.26167  6213   5  2.324 0.016  15.05 -18.94 0.14   21.0
190347  143.00708  12.28722  5014   5  2.346 0.051  14.41 -19.11 0.10   23.3
  5121  144.27167  13.89417  8892   5  2.565 0.005  13.57 -21.21 0.12   27.0
  5140  144.78291  34.00639  4678   5  2.534 0.047  11.92 -21.45 0.08   56.2
  5148  144.76418  11.50917  6221   5  2.529 0.006  13.26 -20.73 0.10   27.2
  5149  144.77499  20.99972  5031   5  2.338 0.005  14.15 -19.38 0.14   28.2
  5157  145.03416  47.62056  5025   3  2.471 0.010  12.40 -21.12 0.11   34.9
  5192  145.78500  21.18167  5239   3  2.661 0.009  12.05 -21.56 0.08   40.9
  5201  146.02124  55.76250  7780   5  2.519 0.046  13.52 -20.97 0.11   34.2
  5215  146.26791   9.11000  5813   4  2.645 0.017  11.96 -21.88 0.06   36.1
190788  146.50333  15.88583  4114   3  2.371 0.022  13.72 -19.37 0.09   19.1
  5240  146.75751  25.74556  7219   5  2.507 0.004  13.63 -20.69 0.13   28.3
  5244  147.03375  64.16666  3132   5  2.362 0.022  12.88 -19.61 0.12   38.5
  5258  147.27415  14.65750  6242   5  2.480 0.005  13.24 -20.76 0.13   29.5
  5267  147.26167   9.09528  5981   3  2.649 0.005  12.00 -21.90 0.10   35.8
  5283  147.77249  44.92333  4785   5  2.236 0.030  13.69 -19.72 0.09   32.0
  5320  148.53250  23.28722  4441   5  2.535 0.041  12.55 -20.70 0.07   43.3
  5324  148.52583  13.37417  6286   3  2.346 0.021  14.36 -19.66 0.10   24.1
190715  148.77708  13.52417  7866   5  2.260 0.033  15.23 -19.28 0.10   19.2
  5359  149.50667  19.21445  8779   4  2.643 0.003  12.86 -21.89 0.07   29.6
  5389  150.28084  39.62667  7215   5  2.525 0.012  13.03 -21.29 0.15   37.7
  5426  151.03958  14.76889  7299   5  2.594 0.006  13.00 -21.34 0.13   33.2
  5471  152.02625  18.23083  5400   3  2.724 0.036  11.37 -22.31 0.07   47.1
  5519  153.75958  74.22000  6497   2  2.629 0.030  12.46 -21.63 0.06   23.0
  5537  153.75917   7.32750  4101   5  2.450 0.006  13.08 -20.00 0.14   37.5
  5552  154.27417  17.09694  8625   4  2.651 0.007  12.43 -22.28 0.11   35.1
201117  155.26874  23.95944  6640   3  2.417 0.018  14.16 -19.97 0.10   18.9
  5599  155.52251  43.84667  5489   5  2.405 0.018  13.81 -19.91 0.13   44.7
  5604  155.50334  46.23833  5278   5  2.575 0.019  12.22 -21.42 0.08   52.8
  5625  155.78542  12.62944  3469   3  2.272 0.009  13.64 -19.08 0.07   21.5
200356  156.26334  10.95639  9912   3  2.512 0.008  14.19 -20.82 0.08   13.6
200376  156.52625  12.03806  9747   5  2.615 0.017  13.34 -21.64 0.07   20.9
  5656  156.54041  34.92000  6932   4  2.547 0.019  12.91 -21.31 0.07   29.5
  5670  156.76707  27.14278  6866   4  2.428 0.011  13.84 -20.37 0.12   16.5
  5687  157.27292   6.12750  3916   5  2.400 0.010  12.78 -20.20 0.12   44.6
  5711  157.79126  24.86889  6564   4  2.715 0.005  11.45 -22.66 0.08   49.6
  5746  158.78583  45.08445  7767   2  2.713 0.016  12.00 -22.48 0.05   33.6
  5775  159.25917  37.07695  7332   5  2.577 0.006  13.47 -20.89 0.09   30.3
  5818  160.27374   6.36083  6610   5  2.480 0.011  13.67 -20.46 0.12   49.5
  5852  161.00917   6.75833  6498   3  2.588 0.034  12.23 -21.85 0.06   33.0
  5869  161.26125  11.34361  6916   3  2.538 0.042  13.04 -21.18 0.08   31.0
  5965  162.79124  14.02278  3417   4  2.384 0.005  12.91 -19.77 0.12   32.7
  5968  162.78958   9.27917  8374   3  2.702 0.012  12.44 -22.20 0.06   24.8
  5994  163.01416  10.01861  6738   5  2.524 0.005  13.52 -20.65 0.10   21.6
  6012  163.28583  26.90944  6646   4  2.592 0.005  12.82 -21.32 0.12   31.1
  6096  165.26541  57.67750  3151   5  2.476 0.030  12.00 -20.50 0.08   37.0
  6152  166.52875  29.93222  9222   3  2.590 0.007  12.81 -22.05 0.07   26.0
  6208  167.27708   7.23306  6639   3  2.567 0.016  13.04 -21.10 0.09   22.8
  6212  167.52000   4.82944  9423   3  2.658 0.025  12.56 -22.35 0.06   22.1
  6215  167.52834  53.38750  3036   5  2.619 0.005  10.76 -21.66 0.07   70.5
  6246  168.00209  23.25611  6655   5  2.428 0.008  13.47 -20.67 0.14   32.4
  6260  168.26042   4.29056  7397   3  2.720 0.019  12.48 -21.90 0.08   35.0
  6325  169.53458  25.32333  7858   5  2.561 0.007  12.82 -21.69 0.08   35.0
  6437  171.27626  18.93944  5663   4  2.458 0.009  13.45 -20.33 0.09   24.8
  6467  172.00458  25.66083  3046   5  2.618 0.015  10.99 -21.44 0.06   33.9
  6507  172.76041  34.20306  6583   5  2.502 0.032  13.56 -20.56 0.08   25.3
  6533  173.00958   5.72667  5730   3  2.543 0.017  12.76 -21.05 0.08   21.7
  6539  173.26625  32.60305  6549   4  2.511 0.006  12.99 -21.11 0.09   27.4
  6551  173.53168  36.68250  6702   5  2.423 0.006  13.97 -20.18 0.15   36.4
  6556  173.52167  16.11555  5777   5  2.396 0.006  13.65 -20.17 0.14   36.6
  6559  173.78459  15.95833  5458   5  2.417 0.004  14.18 -19.53 0.12   21.7
211422  173.76500  24.96278  7249   6  2.524 0.011  14.06 -20.27 0.14   22.0
  6564  173.78166  25.08833  9914   4  2.684 0.003  12.84 -22.18 0.07   26.0
210520  174.27959   2.84889  9151   3  2.491 0.067  13.59 -21.25 0.08   15.3
210529  174.27000  20.16945  8062   4  2.590 0.021  13.20 -21.36 0.14   17.2
  6607  174.52083  20.74000  3683   5  2.369 0.009  13.24 -19.61 0.10   33.7
210565  174.77542  20.42722  8093   2  2.744 0.017  12.99 -21.59 0.06   20.0
  6650  175.27834  47.69056  3296   5  2.623 0.060  11.41 -21.19 0.06   35.4
210633  175.51500   8.97417  6886   3  2.522 0.016  12.96 -21.25 0.07   22.9
  6700  175.76791  10.78444  6239   3  2.500 0.023  12.24 -21.76 0.08   21.4
  6722  176.27292   8.46917  4842   4  2.679 0.005  11.21 -22.23 0.10   53.2
  6736  176.27542   3.02917  6352   5  2.483 0.010  13.26 -20.78 0.11   29.5
  6772  177.01375  30.35944  6576   4  2.743 0.025  11.50 -22.61 0.07   37.4
211029  177.52916  21.19417  8701   5  2.575 0.027  13.60 -21.13 0.12   23.6
  6862  178.27251  11.63361  3082   5  2.243 0.012  14.32 -18.13 0.11   32.6
  6982  179.75041  37.79194  3469   5  2.316 0.056  12.67 -20.04 0.10   51.5
  6994  180.00542   8.86306  6606   5  2.464 0.005  13.57 -20.55 0.11   29.2
  7192  182.78125  12.14306  4354   5  2.438 0.009  12.50 -20.71 0.09   35.7
220199  183.01041  12.31000  7331   5  2.540 0.003  13.49 -20.86 0.07   20.5
  7212  183.03999  34.68945  6650   5  2.324 0.018  14.10 -20.04 0.14   34.4
  7240  183.52708  14.72528  8211   1  2.694 0.070  12.45 -22.15 0.05   24.2
221828  184.00708  13.99278  8009   6  2.307 0.021  14.60 -19.95 0.11   18.7
  7327  184.28207  16.72694  7015   5  2.549 0.004  13.55 -20.71 0.10   28.2
  7330  184.27875  10.84417  7621   4  2.628 0.009  12.50 -21.94 0.07   25.1
  7334  184.28416   7.18556  4061   5  2.575 0.008  11.55 -21.51 0.07   59.3
  7341  184.50584  25.21667  7246   3  2.505 0.012  12.57 -21.76 0.09   33.1
  7358  184.75958  49.35444  3851   5  2.456 0.013  12.20 -20.75 0.11   39.6
  7393  185.01083  58.09250  4349   4  2.575 0.011  12.10 -21.11 0.09   46.7
  7464  185.75626   2.96139  7893   5  2.681 0.003  12.53 -21.99 0.09   25.9
  7478  185.78667  48.77917  4349   3  2.662 0.017  11.11 -22.10 0.06   64.8
  7487  186.03043   0.15250  7964   3  2.600 0.068  13.01 -21.52 0.07   21.0
221659  186.25708   7.16694  7480   3  2.516 0.022  14.44 -19.96 0.07    9.8
222003  186.77751   6.42556  7935   3  2.512 0.010  14.27 -20.26 0.09   13.3
  7558  186.78667  16.32500  6542   5  2.556 0.004  12.86 -21.24 0.08   34.8
  7570  186.76208   6.21667  6740   5  2.373 0.057  13.67 -20.50 0.09   25.1
  7617  187.27626  44.65500  7183   5  2.601 0.008  12.74 -21.57 0.12   37.0
  7632  187.28166  27.24306  7679   3  2.628 0.015  12.43 -22.03 0.07   40.8
  7689  188.03708  39.58972  6449   5  2.590 0.007  12.70 -21.37 0.14   41.6
220756  188.04124   3.29917  5325   4  2.425 0.045  13.50 -20.15 0.09   29.9
  7792  189.26416   4.36778  5677   3  2.548 0.022  12.38 -21.41 0.07   38.7
  7806  189.52458   1.40167  5538   5  2.455 0.009  13.13 -20.61 0.13   38.3
  7808  189.53041  10.47583  7606   4  2.706 0.005  12.87 -21.56 0.07   35.4
  7810  189.52251   6.76778  5940   5  2.447 0.007  13.29 -20.60 0.11   31.5
  7836  190.02583  29.46500  9609   5  2.664 0.003  12.77 -22.18 0.09   29.7
  7849  190.27292  13.72889  6435   4  2.565 0.003  12.91 -21.16 0.09   24.1
  7873  190.50291   1.34528  5361   5  2.487 0.016  12.73 -20.93 0.09   39.6
  7897  190.78625  29.46639  9631   3  2.660 0.005  13.41 -21.54 0.07   19.1
  7899  190.77335  10.76972  9020   5  2.653 0.009  12.75 -22.06 0.07   24.8
  7917  191.02583  37.12056  7235   4  2.641 0.065  11.48 -22.84 0.04   45.3
  7921  191.01083  40.67833  5357   5  2.769 0.011  12.71 -20.96 0.07   29.7
  7937  191.52292   8.34806  6782   1  2.680 0.017  12.22 -21.96 0.06   29.2
  7977  192.26793  25.46972  4662   5  2.592 0.008  11.70 -21.66 0.07   53.9
  7978  192.27875  30.84500  8340   5  2.548 0.013  13.00 -21.64 0.06   25.2
  7981  192.25626  30.75222  5129   5  2.265 0.009  14.66 -18.90 0.11   29.8
  7993  192.50667  52.12250  4961   5  2.502 0.013  12.93 -20.56 0.14   38.3
  8064  194.02708  11.09139  6781   3  2.513 0.006  13.90 -20.29 0.09   20.0
  8088  194.51167  13.87222  6741   3  2.449 0.009  13.34 -20.83 0.10   26.2
  8149  195.53293   6.78528  7455   5  2.423 0.006  14.24 -20.15 0.14   23.9
  8166  195.76001  10.97222  3252   5  2.199 0.008  14.52 -18.06 0.11   28.2
  8186  196.28542   3.95611  7327   4  2.669 0.004  12.13 -22.22 0.12   48.5
230082  196.53334  28.84833  5008   6  2.204 0.016  13.66 -19.86 0.08   26.0
  8306  198.26875  15.99139  7083   3  2.677 0.023  12.22 -22.06 0.11   28.3
  8324  198.77458   3.04500  6829   5  2.487 0.007  13.50 -20.70 0.13   31.0
  8391  200.26292   0.34194  5881   1  2.620 0.033  11.87 -22.00 0.06   30.4
  8410  200.52374  26.98083  3143   5  2.539 0.005  11.54 -20.96 0.07   40.5
230295  200.75291  13.77278  7535   1  2.508 0.010  13.60 -20.81 0.07   15.4
  8421  201.00291   9.71000  7228   3  2.757 0.039  11.62 -22.71 0.06   37.1
  8460  202.02499   2.98278  6617   5  2.493 0.006  13.16 -20.97 0.10   33.2
  8477  202.28792  17.05194  4306   5  2.678 0.009  10.88 -22.31 0.06   57.5
  8488  202.50958  13.41583  7655   3  2.763 0.004  11.81 -22.63 0.07   44.9
  8518  203.01668  13.89194  7927   3  2.801 0.029  11.69 -22.83 0.06   32.8
  8554  203.51958  37.20750  5733   4  2.486 0.008  13.41 -20.40 0.10   29.1
  8555  203.51291   9.33667  7354   5  2.667 0.022  11.92 -22.44 0.07   41.5
  8580  203.77458  33.47917  7686   5  2.574 0.006  13.23 -21.23 0.13   26.9
  8582  204.00583   6.58500  6869   3  2.635 0.023  12.28 -21.93 0.06   24.1
  8590  204.02708  37.08778  7780   5  2.566 0.029  13.43 -21.05 0.15   28.8
231140  204.04001  33.42361  7700   0  2.638 0.061  12.94 -21.52 0.07   22.2
231092  204.02292   8.19278  7254   3  2.471 0.013  13.91 -20.42 0.11   16.9
  8624  204.50917  18.39083  8270   4  2.614 0.006  13.22 -21.40 0.07   19.7
  8660  205.27042  13.85583  7439   5  2.396 0.010  14.32 -20.07 0.13   23.4
  8668  205.27708  18.14250  5734   5  2.387 0.010  14.10 -19.72 0.12   29.3
  8702  206.28082  47.92222  8578   5  2.656 0.017  12.82 -21.87 0.06   27.8
231195  206.27875  22.05445  8219   5  2.377 0.020  15.16 -19.44 0.10   14.1
  8705  206.50917  20.84694  7189   3  2.626 0.007  12.38 -21.93 0.06   26.1
  8746  207.50792  18.15417  8073   5  2.530 0.010  13.35 -21.21 0.09   28.6
  8772  208.03500  14.11583  7094   1  2.758 0.042  11.99 -22.29 0.05   26.1
231174  208.00542  38.19528  5850   3  2.521 0.060  13.74 -20.12 0.07   13.9
  8796  208.28958   4.96056  5347   5  2.318 0.010  14.40 -19.26 0.13   24.8
231135  208.28000  20.94972  8728   3  2.519 0.022  14.74 -20.00 0.10   10.7
  8828  208.52834  21.82917  8579   4  2.789 0.009  12.65 -22.05 0.06   31.5
  8879  209.29042  25.77417  8820   5  2.651 0.005  13.00 -21.76 0.13   33.6
  8891  209.51958   6.07028  5483   4  2.542 0.007  12.46 -21.26 0.11   37.0
  8895  209.51958   2.45611  7486   5  2.522 0.009  13.78 -20.62 0.12   27.2
230917  210.02501   9.28889  6056   3  2.375 0.027  13.87 -20.06 0.10   15.6
  8924  210.02333   2.02222  3866   5  2.367 0.005  13.02 -19.93 0.12   36.8
  8942  210.51459   9.92944  4537   3  2.543 0.034  12.42 -20.88 0.07   22.5
  8943  210.51291   8.03667  5139   1  2.808 0.023  11.21 -22.36 0.06   34.5
  8967  210.77917   9.46694  5898   4  2.555 0.010  12.58 -21.29 0.09   33.9
  9084  213.01126   8.66167  7480   3  2.517 0.109  12.75 -21.65 0.06   28.6
  9101  213.27542  27.00750  5515   4  2.615 0.011  12.41 -21.32 0.07   40.5
  9133  214.03166  35.34333  4037   3  2.679 0.010  10.40 -22.65 0.06   83.1
  9182  215.02499  21.93583  4868   4  2.501 0.004  11.83 -21.62 0.12   61.1
  9190  215.29124   5.07278  8372   3  2.589 0.007  13.24 -21.41 0.08   26.3
  9199  215.29083  11.09972  7971   3  2.624 0.006  12.65 -21.88 0.09   26.8
241270  216.00833  35.14583  8739   3  2.584 0.046  13.50 -21.24 0.06   15.0
  9231  216.00291  36.46083  8594   4  2.753 0.003  11.64 -23.07 0.10   45.0
241336  216.03416  35.35417  8814   3  2.387 0.010  14.87 -19.89 0.11   17.0
  9239  216.26334  13.74417  5795   4  2.589 0.005  12.89 -20.94 0.11   29.3
241273  216.50209   5.25639  8567   3  2.705 0.073  12.42 -22.27 0.06   38.0
  9253  216.53542  31.51639  4105   4  2.427 0.006  12.42 -20.66 0.11   42.9
  9257  216.78917  30.94750  4280   1  2.401 0.022  13.24 -19.93 0.09   28.6
  9277  217.01375   3.26167  8836   3  2.573 0.023  12.23 -22.54 0.09   29.1
  9291  217.02916  38.99889  3041   5  2.439 0.006  11.74 -20.69 0.10   78.4
  9339  217.78333   7.94444  8302   3  2.623 0.014  12.68 -21.94 0.06   20.1
  9410  219.26625   8.64583  8634   4  2.517 0.013  13.58 -21.13 0.08   22.9
  9414  219.25209  18.24889  6035   5  2.484 0.004  12.98 -20.94 0.15   37.3
  9455  220.03958  16.68500  9181   1  2.661 0.009  12.98 -21.87 0.07   24.9
  9471  220.26250   5.95222  4824   3  2.365 0.046  12.96 -20.47 0.09   35.0
  9537  222.02791  34.99722  8972   3  2.786 0.004  11.70 -23.10 0.10   59.8
  9598  223.78751  43.81833  5704   5  2.588 0.012  12.35 -21.46 0.08   48.2
  9673  225.50833  23.31667  5849   5  2.412 0.037  12.33 -21.52 0.09   56.9
  9745  227.26376  52.52806  3604   3  2.626 0.019  11.40 -21.40 0.07   49.2
  9780  228.50458  44.59000  5261   5  2.468 0.007  12.68 -20.95 0.15   58.2
  9794  229.00333  10.50944  6615   5  2.710 0.027  11.38 -22.75 0.11   51.5
  9807  229.28625  10.89556  9782   2  2.661 0.016  12.94 -22.04 0.08   21.1
  9814  229.77208  11.05417  3392   5  2.294 0.015  13.49 -19.17 0.10   24.1
  9826  230.26250  39.20028  8931   5  2.425 0.034  13.27 -21.52 0.09   23.5
  9828  230.50417  19.26083  7019   4  2.627 0.004  12.94 -21.32 0.15   29.5
  9849  231.27708  53.40667  3522   5  2.336 0.016  13.25 -19.50 0.12   43.3
  9896  232.77208  67.55556  6479   5  2.659 0.042  12.53 -21.55 0.07   31.2
  9914  233.50917  56.68528  3460   3  2.763 0.005  10.26 -22.45 0.09   93.6
  9905  233.51208   8.33389  6024   5  2.459 0.030  14.30 -19.62 0.13   17.0
  9990  235.79124   4.79417  6569   5  2.464 0.010  13.71 -20.40 0.11   31.2
 10000  236.03958   3.95611  3673   5  2.307 0.008  14.67 -18.17 0.11   20.7
 10022  236.01500  57.36111  3981   5  2.297 0.055  14.52 -18.50 0.14   39.6
 10042  237.02959   7.22167  4347   5  2.513 0.007  12.53 -20.68 0.11   26.7
 10056  237.51126  18.93889  3936   5  2.520 0.024  11.29 -21.70 0.07   44.9
 10094  238.77208  24.49361  9845   5  2.652 0.007  13.14 -21.86 0.15   21.9
251371  239.27333  18.03000  9509   5  2.524 0.011  13.63 -21.30 0.07   13.4
 10136  240.25792  36.59083  9442   3  2.533 0.005  13.78 -21.13 0.08   20.1
251511  240.28584  15.59194  9991   4  2.393 0.022  14.90 -20.13 0.11   15.7
 10137  240.29042   8.14778  5356   5  2.435 0.014  13.31 -20.36 0.10   33.5
 10212  240.75250  77.60583  3918   4  2.442 0.010  13.00 -19.97 0.12   28.0
 10166  240.75917  39.98389  9346   3  2.735 0.054  12.41 -22.48 0.06   18.8
 10218  241.78459  10.77917  4974   1  2.528 0.012  12.73 -20.78 0.08   21.8
 10226  242.25252  35.79306  9119   3  2.582 0.007  13.49 -21.34 0.07   23.3
 10233  242.25543  22.61500  9893   4  2.634 0.015  12.87 -22.14 0.16   36.3
 10306  244.01498   0.24611  9266   3  2.775 0.013  12.07 -22.80 0.08   48.0
 10388  246.76208  16.38194  4684   1  2.637 0.006  12.23 -21.14 0.07   29.9
 10413  247.27959  21.33667  3036   4  2.400 0.008  12.61 -19.82 0.11   47.6
 10416  247.50166   8.62861  6272   4  2.676 0.149  13.17 -20.84 0.06   21.7
 10442  247.75334  59.62611  5628   5  2.650 0.018  11.85 -21.92 0.06   40.8
 10475  249.26459   7.56222  9533   4  2.567 0.005  13.43 -21.50 0.09   25.0
 10504  250.01083  33.67944  9272   2  2.702 0.008  12.62 -22.25 0.06   22.0
 10542  251.28168  61.83944  5893   5  2.598 0.010  12.54 -21.34 0.12   40.5
 10632  253.28874  79.06889  4209   5  2.391 0.010  13.81 -19.33 0.14   31.7
 10619  253.76375  54.39750  5317   5  2.324 0.028  14.16 -19.49 0.14   50.4
 10681  255.76166  45.45917  9823   5  2.710 0.010  12.85 -22.15 0.11   33.3
 10692  256.28333  23.15306  9308   3  2.717 0.005  12.63 -22.25 0.08   37.1
 10716  256.76874  30.32611  9673   5  2.588 0.007  13.85 -21.11 0.10   19.9
 10738  257.77460   5.85194  6713   4  2.760 0.004  12.06 -22.10 0.12   35.0
 10752  258.03625  23.26972  6614   2  2.737 0.014  11.58 -22.55 0.06   40.0
 10826  260.77249  12.69528  9110   3  2.761 0.032  12.09 -22.74 0.08   19.6
 10874  262.03043  29.30722  6754   5  2.371 0.005  14.76 -19.41 0.14   24.5
 10931  264.25125  60.42694  6164   5  2.400 0.041  14.44 -19.53 0.13   22.3
 10951  265.26373  60.44917  6268   5  2.537 0.049  12.56 -21.45 0.08   36.9
 10998  267.03418  51.15667  6705   5  2.723 0.009  11.41 -22.74 0.07   44.0
 11021  268.03918  29.05833  5107   3  2.576 0.005  13.03 -20.53 0.10   23.5
 11073  269.53876  10.53889  6342   4  2.583 0.011  12.47 -21.57 0.10   24.5
 11085  269.76666  56.23167  5404   5  2.538 0.016  12.48 -21.20 0.08   41.7
 11091  270.01541  35.01361  7130   5  2.504 0.014  13.41 -20.89 0.09   25.3
 11101  270.76749  45.25611  5770   5  2.407 0.015  13.44 -20.39 0.12   34.6
 11125  272.00751  11.71167  5930   5  2.607 0.048  11.68 -22.21 0.09   53.3
 11176  273.51083  61.31944  6629   5  2.455 0.019  13.50 -20.64 0.10   29.8
 11236  276.03958  71.60139  5679   4  2.597 0.008  12.00 -21.79 0.07   29.7
 11237  276.78000  24.88472  5199   5  2.498 0.027  12.66 -20.94 0.11   38.9
 11255  277.03082  51.65083  9612   5  2.628 0.006  12.90 -22.05 0.12   32.3
 11262  277.52374  42.69250  5435   5  2.500 0.013  13.07 -20.63 0.10   42.4
 11268  278.02875  37.61333  7766   4  2.649 0.014  12.59 -21.89 0.07   26.8
 11294  279.03000  19.92111  4760   3  2.866 0.014  11.01 -22.39 0.11   36.8
 11297  279.27292  19.97833  5706   4  2.528 0.006  12.49 -21.32 0.15   27.0
 11307  279.27209  27.79306  3005   5  2.350 0.007  12.66 -19.74 0.11   35.4
 11320  280.03375  23.68389  4665   4  2.656 0.004  11.57 -21.79 0.16   39.4
 11328  280.04126  38.00389  5516   5  2.464 0.017  13.60 -20.13 0.13   28.3
 11341  280.50375  39.54861  5691   5  2.554 0.013  12.95 -20.84 0.09   20.9
 11351  281.51791  32.27945  4440   5  2.704 0.018  11.50 -21.76 0.07   38.5
 11429  290.03082  43.13222  4464   3  2.756 0.023  10.70 -22.56 0.07   55.5
 11438  291.53043  49.75834  3822   5  2.436 0.049  12.64 -20.28 0.09   35.4
 11443  291.77460  54.37278  4204   5  2.490 0.015  11.73 -21.40 0.09   37.3
 11455  292.27502  72.11222  5285   5  2.777 0.004  11.11 -22.53 0.14   56.9
 11492  298.04126  57.45972  3398   4  2.522 0.018  11.48 -21.19 0.09   50.4
 11552  306.02335  12.44361  4247   2  2.702 0.006  11.86 -21.30 0.08   38.2
 11568  307.03543  10.75528  3948   5  2.652 0.005  11.30 -21.69 0.09   63.8
 11584  307.78998   1.54444  5071   5  2.636 0.004  12.52 -21.02 0.14   29.7
 11611  310.00708  14.27472  5125   5  2.456 0.013  13.44 -20.13 0.10   27.7
300152  312.00500  16.33778  8872   5  2.520 0.006  14.09 -20.68 0.10   18.9
 11633  312.03165   7.74028  4391   1  2.630 0.039  11.93 -21.30 0.08   25.9
 11647  313.50876  17.77944  7700   5  2.661 0.003  12.77 -21.69 0.13   30.7
 11650  314.03165  12.04056  8757   5  2.624 0.003  12.91 -21.83 0.10   27.0
300091  314.52707  13.51472  8582   3  2.534 0.030  13.39 -21.31 0.08   18.3
 11656  314.77209  11.28083  4268   5  2.400 0.008  13.37 -19.80 0.14   23.9
 11660  315.00665  13.49167  4487   3  2.196 0.022  13.84 -19.44 0.15   54.6
 11662  315.01001  17.80472  4996   3  2.548 0.024  12.19 -21.32 0.07   27.6
310007  316.03665   7.98000  5204   4  2.500 0.005  13.30 -20.30 0.10   18.6
 11683  317.02750  18.19083  4721   5  2.513 0.007  12.73 -20.66 0.11   34.4
 11696  317.77084  11.37917  4979   6  2.303 0.021  13.88 -19.62 0.14   34.1
310030  318.00500  11.49583  4699   1  2.607 0.037  12.73 -20.64 0.07   20.6
310298  318.02585  11.34472  4696   5  2.167 0.056  15.24 -18.14 0.09   14.6
310444  319.00751   1.08472  9140   0  2.486 0.009  15.31 -20.53 0.08   13.2
 11765  323.26331   8.77222  6349   3  2.480 0.021  13.37 -20.67 0.08   25.0
 11768  323.51749  18.95028  6277   4  2.627 0.005  12.85 -21.16 0.14   26.4
310136  324.51041  29.83722  4622   5  2.428 0.012  13.41 -19.93 0.11   17.7
 11785  324.77750   2.82667  3728   5  2.502 0.004  12.56 -20.31 0.14   32.9
 11790  325.29123   0.89472  4206   5  2.493 0.025  12.46 -20.68 0.11   41.5
310160  325.78125   2.63472  7550   5  2.543 0.007  13.09 -21.33 0.08   24.2
310171  326.28583   7.87278  3396   4  2.449 0.013  13.10 -19.57 0.10   21.3
310173  326.50708   9.56333  8047   3  2.497 0.012  13.72 -20.84 0.09   13.9
310174  326.52710   9.68556  8137   2  2.602 0.024  13.45 -21.13 0.07   14.7
 11810  326.53915   1.71250  4377   5  2.566 0.008  12.28 -20.94 0.09   42.5
310194  327.79041  22.84444  5007   3  2.425 0.022  14.02 -19.49 0.09   18.3
 11837  328.01376  36.09833  5030   5  2.574 0.044  12.40 -21.13 0.12   23.8
 11838  328.02417  28.30611  3151   5  2.375 0.007  12.87 -19.64 0.14   43.1
 11845  328.53293  15.01639  6890   4  2.494 0.004  13.39 -20.83 0.12   28.7
310219  328.76877  30.58389  6703   5  2.477 0.055  13.41 -20.74 0.09   15.3
310227  329.02084   2.17250  8103   4  2.574 0.027  12.70 -21.88 0.07   20.6
 11873  330.00336  19.66750  7079   3  2.534 0.005  13.25 -21.03 0.10   23.5
 11876  330.53793   2.81667  3617   5  2.367 0.011  13.97 -18.83 0.14   23.5
 11881  330.51083  17.90250  3315   3  2.294 0.008  14.16 -18.45 0.09   24.7
 11896  331.03000  15.79389  7308   4  2.551 0.012  13.37 -20.98 0.07   18.7
320025  331.51627  17.43361  9936   5  2.441 0.011  14.78 -20.24 0.12   21.8
 11941  332.76666  29.85944  6519   4  2.446 0.007  14.22 -19.87 0.12   17.8
 11948  333.00958  14.02417  7606   3  2.629 0.033  12.79 -21.64 0.06   27.2
320082  333.02124  13.86306  7695   3  2.473 0.016  14.18 -20.28 0.09   18.1
320796  333.27249  13.96667  7769   4  2.389 0.008  14.00 -20.48 0.10   18.9
 11987  335.03290   9.01750  8265   3  2.504 0.009  13.27 -21.35 0.09   22.7
320751  335.52332   2.73417  9179   3  2.554 0.009  13.48 -21.37 0.07   13.0
 12000  335.52374   2.86000  9214   5  2.516 0.011  13.43 -21.42 0.08   20.7
 12018  335.77917  30.85667  6407   3  2.645 0.011  12.23 -21.83 0.10   44.6
 12021  336.00665   6.00389  4112   3  2.438 0.011  13.20 -19.89 0.11   31.3
320193  336.01334  18.07111  5773   3  2.442 0.051  13.43 -20.39 0.09   21.2
320213  336.54001  19.58167  8491   5  2.493 0.034  14.04 -20.64 0.08   15.0
 12038  336.51831  19.54806  8226   3  2.631 0.006  12.73 -21.87 0.07   28.9
320218  336.75708  31.50611  6121   4  2.526 0.006  13.06 -20.90 0.11   24.9
 12050  337.26334  19.10028  7720   3  2.582 0.010  12.90 -21.57 0.07   23.5
320785  337.50336  35.29194  6039   3  2.258 0.004  15.37 -18.55 0.12   16.4
 12059  337.51752  22.54222  7202   3  2.620 0.075  12.80 -21.51 0.04   24.2
 12067  337.77667  20.60389  6833   1  2.592 0.022  13.53 -20.67 0.06   17.8
 12072  338.02710  23.93139  7106   3  2.515 0.006  14.34 -19.95 0.10   16.8
 12083  338.52002   5.81694  7913   3  2.810 0.017  12.16 -22.36 0.08   31.7
 12093  338.53918  18.63833  7970   5  2.612 0.013  12.94 -21.60 0.08   31.0
 12103  339.03333  21.62111  6795   3  2.731 0.029  11.71 -22.48 0.06   35.5
320522  339.03583  18.85611  8067   5  2.435 0.007  14.47 -20.09 0.13   17.6
 12123  339.26291  25.19111  3735   5  2.248 0.007  13.98 -18.89 0.13   25.1
 12135  339.53207  72.54667  3922   5  2.464 0.016  12.28 -20.71 0.22   35.4
 12134  339.78125  11.76972  6982   4  2.607 0.005  12.58 -21.66 0.07   39.1
320540  339.78168  33.57944  6242   5  2.305 0.027  14.43 -19.57 0.14   25.0
 12143  340.02292  31.84111  7515   2  2.592 0.011  12.91 -21.50 0.08   28.3
 12142  340.02625  11.90611  7137   5  2.505 0.027  13.16 -21.13 0.08   24.8
320308  340.28751  13.33917  4831   5  2.375 0.010  13.68 -19.75 0.11   18.7
320541  340.76791   8.43444  9443   5  2.377 0.009  14.47 -20.44 0.14   20.8
 12168  340.75040   6.12139  6969   3  2.590 0.007  13.64 -20.60 0.09   19.5
320542  340.75626   8.43306  7601   5  2.367 0.009  14.65 -19.79 0.14   16.3
 12172  340.77917   7.39028  7204   5  2.592 0.007  12.63 -21.68 0.09   34.2
 12180  341.28790  21.80750  6733   0  2.521 0.009  14.14 -21.03 0.08   20.6
320367  341.77582  31.53917  6115   1  2.352 0.015  13.88 -20.07 0.09   15.6
 12197  342.00873  24.83750  7116   4  2.529 0.005  13.54 -20.75 0.13   26.2
 12201  342.29001  34.99139  4729   2  2.583 0.009  12.48 -20.91 0.09   25.1
320786  342.27960  34.94917  6811   3  2.508 0.006  13.96 -20.23 0.11   12.5
 12222  343.01123  11.66167  8267   3  2.722 0.051  12.34 -22.28 0.07   35.8
320443  343.76917  36.66861  5337   5  2.784 0.026  11.87 -21.78 0.08   20.6
 12249  343.75082  28.34611  7208   5  2.470 0.007  13.98 -20.34 0.14   26.9
 12250  343.77460  12.79000  6870   3  2.664 0.008  11.99 -22.22 0.06   38.8
 12252  343.76376  31.77111  6777   5  2.456 0.009  13.81 -20.38 0.15   42.4
320453  343.77206  31.67139  6844   3  2.517 0.029  12.98 -21.22 0.07   17.8
 12253  344.00751  12.76611  7405   3  2.516 0.011  13.05 -21.32 0.10   27.5
 12259  344.02875  18.70444  4940   3  2.358 0.009  13.62 -19.86 0.12   38.9
 12260  344.00790  37.73861  5225   5  2.386 0.012  13.48 -20.13 0.14   31.3
 12264  344.28793  12.91556  7608   5  2.471 0.007  14.14 -20.29 0.16   27.5
 12278  344.54126  20.29806  5414   5  2.513 0.028  13.36 -20.32 0.06   21.5
320546  344.76791  26.38861  7289   5  2.233 0.020  16.11 -18.23 0.12   16.3
 12290  344.78085  24.84722  6934   3  2.637 0.004  12.70 -21.53 0.13   32.5
 12288  344.78958  20.14389  6717   3  2.344 0.081  13.91 -20.25 0.11   27.8
 12291  344.78461  26.30194  7414   5  2.562 0.011  13.36 -21.02 0.07   24.1
 12299  345.00336   8.46750  6313   4  2.582 0.007  12.53 -21.49 0.07   26.9
 12318  345.53293  25.67000  9413   3  2.633 0.025  13.20 -21.71 0.10   18.2
330039  346.28918  14.17028  6917   3  2.597 0.009  12.61 -21.62 0.10   22.8
331801  346.26874  31.81000  6407   0  2.494 0.012  14.88 -20.18 0.09   15.6
 12358  346.28165  34.15556  4991   4  2.483 0.025  13.42 -20.09 0.11   22.4
 12353  346.28458   3.54472  4573   1  2.487 0.032  11.43 -21.89 0.08   44.8
 12355  346.29041  24.56472  7368   5  2.453 0.007  13.58 -20.79 0.16   31.4
 12362  346.52249  31.88417  6135   3  2.539 0.015  12.74 -21.22 0.08   26.7
 12363  346.50626   0.17167  7079   3  2.425 0.016  12.63 -21.65 0.09   26.4
331157  346.52750   6.11333  5559   5  2.336 0.006  14.44 -19.31 0.12   20.6
 12367  346.75540  17.14500  7416   5  2.433 0.009  13.98 -20.40 0.14   30.8
 12370  346.77625   9.96056  4527   5  2.405 0.006  13.20 -20.09 0.12   30.1
330078  347.29126  29.48306  3370   4  2.396 0.006  13.50 -19.15 0.12   20.8
 12395  347.26834  15.65472  7213   6  2.551 0.006  12.89 -21.43 0.13   25.3
 12398  347.50626   2.62083  9398   3  2.615 0.003  13.45 -21.45 0.11   21.0
 12407  347.75583   9.50639  6081   3  2.657 0.019  12.59 -21.36 0.06   20.2
 12423  348.26291   6.43028  4492   5  2.675 0.004  11.49 -21.79 0.16   69.2
 12426  348.26083   6.56806  4351   5  2.354 0.007  13.77 -19.44 0.14   30.6
 12429  348.28833  22.69583  3925   5  2.380 0.036  13.09 -19.90 0.12   32.7
 12432  348.28333  24.89500  8031   5  2.501 0.008  13.33 -21.23 0.14   28.8
330128  348.51917   9.93750  4037   6  2.307 0.008  14.36 -18.69 0.11   25.0
330137  348.51752   6.55556  5993   4  2.571 0.011  13.01 -20.90 0.09   20.7
330145  348.50876  31.31750  6677   3  2.449 0.017  13.72 -20.43 0.13   20.4
330144  348.53290   7.71861  4345   3  2.312 0.010  14.11 -19.10 0.09   16.9
 12452  348.76123   1.43528  4594   5  2.459 0.006  13.00 -20.32 0.14   36.1
 12469  349.02081  24.49667  8055   3  2.622 0.031  12.93 -21.63 0.07   22.9
330174  349.03497  15.89750  7239   4  2.575 0.004  13.05 -21.27 0.08   21.0
 12484  349.28833   9.68000  8392   1  2.793 0.016  12.02 -22.63 0.06   32.3
 12486  349.52664   6.58556  4589   3  2.626 0.009  11.54 -21.79 0.07   37.0
330212  349.52249  20.16361  7184   5  2.587 0.014  13.55 -20.76 0.09   20.2
 12487  349.52957   9.21667  7662   4  2.617 0.019  12.82 -21.63 0.06   26.0
 12503  349.78751   0.94500  9934   3  2.686 0.010  12.99 -22.03 0.07   27.9
331948  349.78958   1.01611  8532   1  2.500 0.008  13.91 -20.78 0.08   12.1
 12506  349.75208  16.07417  6874   5  2.649 0.003  12.37 -21.84 0.12   46.9
331946  349.75125   1.06944  8619   4  2.515 0.003  13.92 -20.79 0.11   18.8
 12513  349.75790   1.21778  8704   3  2.276 0.004  15.01 -19.72 0.11   20.0
330249  350.01459  25.59417  5709   5  2.438 0.022  13.63 -20.17 0.09   15.6
 12528  350.04083  35.49111  7708   4  2.584 0.012  13.28 -21.18 0.08   23.9
 12527  350.01083  27.31528  3929   5  2.549 0.024  11.62 -21.36 0.09   29.0
 12533  350.01126  23.80722  5655   3  2.658 0.004  12.59 -21.20 0.14   26.8
331683  350.27414  16.79056  6771   6  2.220 0.020  15.62 -18.56 0.27   27.6
 12552  350.51917  13.03528  7498   2  2.658 0.004  12.99 -21.41 0.07   21.0
 12557  350.53583  29.18056  5581   3  2.721 0.004  12.04 -21.71 0.10   29.4
 12556  350.50333  11.89222  7508   1  2.789 0.013  12.09 -22.31 0.07   37.7
 12565  350.51999  23.21056  8177   3  2.559 0.016  13.38 -21.21 0.07   16.7
 12566  350.52417  29.13778  5441   2  2.706 0.066  11.93 -21.77 0.08   46.1
332085  351.00082  13.30889  9283   3  2.438 0.022  14.28 -20.59 0.09   11.1
 12583  351.01666  23.98639  4708   5  2.398 0.010  13.72 -19.66 0.13   33.9
 12598  351.54083  25.08028  3123   3  2.571 0.012  11.42 -21.07 0.07   30.5
330451  351.52875  26.60389  5363   5  2.550 0.155  13.69 -19.97 0.07   15.0
330453  351.51666   8.78417  5740   5  2.405 0.008  13.67 -20.14 0.13   25.4
 12634  352.52957  40.22445  5147   5  2.439 0.015  13.28 -20.30 0.13   37.9
331194  352.76166  25.87167  6405   3  2.301 0.037  14.46 -19.60 0.08   14.9
330529  353.28418  16.20861  4807   5  2.301 0.015  13.85 -19.57 0.08   16.1
330530  353.25833  25.65333  6721   3  2.407 0.107  13.67 -20.50 0.06    9.1
330537  353.27499  25.63333  3373   3  2.164 0.014  13.80 -18.85 0.06   14.8
 12667  353.28876  30.06000  3454   5  2.417 0.024  11.94 -20.76 0.09   32.2
 12680  353.51541  17.29667  6353   4  2.584 0.004  13.46 -20.58 0.12   29.8
 12715  354.52917   4.80139  5781   3  2.493 0.005  12.76 -21.07 0.08   22.9
 12731  355.03751  20.44111  6401   3  2.695 0.004  12.85 -21.21 0.11   34.0
 12734  355.28958   4.01750  5911   3  2.627 0.007  11.75 -22.13 0.09   43.2
331185  356.01291  28.27194  6802   5  2.322 0.012  14.49 -19.70 0.12   22.1
330940  357.28165  30.03889  4795   3  2.225 0.054  13.27 -20.15 0.05   14.6
 12810  357.77585   1.05667  7748   3  2.647 0.012  12.40 -22.08 0.06   36.9
 12814  357.75333  49.07833  5521   5  2.525 0.016  12.98 -20.75 0.15   29.1
 12818  358.00458   8.39472  5201   5  2.446 0.009  12.67 -20.93 0.10   33.7
331811  358.25458  11.28306  4878   4  2.270 0.004  15.05 -18.41 0.12   23.0
 12844  358.78915  19.51528  7542   5  2.573 0.009  13.59 -20.83 0.08   20.7
 12866  359.26334  22.35528  7725   5  2.465 0.016  14.13 -20.34 0.11   20.1
 12871  359.50211   9.97250  6050   5  2.566 0.049  12.98 -20.95 0.07   26.7
 12881  359.78918   4.76056  3508   3  2.512 0.004  12.37 -20.37 0.10   32.4
 12886  359.75165  18.20333  6275   4  2.556 0.018  13.47 -20.54 0.07   17.8
332117  359.77585   4.87722  8852   4  2.225 0.007  15.03 -19.74 0.09   13.7
332118  359.78250   4.90278  8840   6  2.258 0.012  16.11 -18.65 0.18   19.8
