# This file created by Martha from SFI++ Table 4+1 on March 27, 2009   
# Select galaxies, with cluster membership assignment                 
# Restrict to 3000 < Vcmb < 10000                                    
#                                                                    
#   Col  1:   AGC number                                             
#        2:   R.A.(J2000), in degrees                                
#        3:   Dec.(J2000), in degrees                                
#        4:   Vel in CMB rest frame, in km/s                         
#        5:   Morphological type code (see RC3 to decode)            
#        6:   log Width, in km/s, corrected for inclination          
#        7:   error in log W                                         
#        8:   Apparent magnitude, I-band, corrected for inclination, 
#                      Galactic extinction, and redshift             
#        9:   Absolute magnitude, I-band                             
#       10:   Error in absolute magnitude   
#       11:   Radius containing 83% of total I-band light, in arcsec                         
# (1)       (2)       (3)     (4)  (5)  (6)   (7)    (8)    (9)  (10)   (11)   
#                                                                     
 20512   11.53750 -55.56861  7513   1  2.629 0.027  12.43 -22.08 0.07   23.3  12.99
   633   15.25500  31.50722  5273   3  2.580 0.006  12.40 -21.13 0.10   28.7  12.83
   646   15.77625  32.23695  5000   3  2.580 0.008  11.88 -21.65 0.08   40.7  12.96
   669   16.28750  31.68167  5556   5  2.435 0.011  12.73 -20.72 0.12   36.5  12.67
   679   16.76542  32.38945  4814   6  2.238 0.012  14.34 -19.11 0.13   32.9  12.17
110051   16.78042  33.30305  3921   2  2.230 0.090  13.80 -19.41 0.07   16.7  11.77
 20824   17.00375 -46.09389  5925   4  2.748 0.028  11.23 -23.02 0.10   59.6  13.54
 20827   17.02792 -46.75361  6655   5  2.540 0.036  13.17 -21.07 0.12   41.9  13.02
 20832   17.01208 -47.09833  6462   5  2.541 0.022  13.19 -21.06 0.07   19.2  12.67
   714   17.26708  32.15167  4346   5  2.465 0.028  12.52 -20.93 0.08   28.9  12.52
   724   17.28917  32.36833  4880   2  2.662 0.022  11.78 -21.83 0.06   28.1  12.95
   732   17.51792  33.55833  5147   5  2.487 0.015  12.47 -20.99 0.10   39.8  12.78
111423   17.51833  33.03139  4398   3  2.250 0.004  14.54 -18.69 0.11   22.3  11.99
110119   18.00167  32.00361  4941   3  2.422 0.019  13.50 -19.89 0.08   11.3  12.08
   764   18.26042  34.96556  4455   5  2.297 0.010  14.70 -18.73 0.13   31.3  12.23
   784   18.51750  -1.74250  4587   3  2.502 0.015  12.97 -20.56 0.08   23.4  12.53
410090   18.50125  -1.85389  4764   3  2.317 0.079  13.44 -19.93 0.08   17.0  12.04
110158   18.79000  33.78972  4152   4  2.286 0.018  13.52 -19.91 0.10   31.5  12.18
   809   18.75792  33.81055  3920   5  2.474 0.005  12.81 -20.62 0.13   33.5  12.56
   847   19.76875  -0.13889  4935   5  2.396 0.010  13.65 -19.88 0.16   38.5  12.56
   841   19.75042  33.03000  5287   4  2.444 0.010  12.98 -20.45 0.12   30.1  12.58
111137   20.00917   1.35917  4922   3  2.272 0.020  14.28 -19.03 0.08   18.1  11.99
   875   20.02458   1.44528  5112   5  2.297 0.050  13.64 -19.89 0.08   23.8  12.17
   890   20.28333   1.37278  4661   3  2.500 0.006  12.07 -21.46 0.09   45.2  12.82
   921   20.52917  -1.39222  5399   2  2.697 0.034  11.42 -22.29 0.07   37.6  13.20
   927   20.75667  33.52889  5722   4  2.522 0.010  12.29 -21.14 0.09   38.7  12.88
   944   20.79083  33.90778  4587   2  2.710 0.007  11.40 -22.22 0.07   31.4  13.07
410171   21.00417  -1.69111  5125   0  2.448 0.092  12.98 -20.50 0.13   24.6  12.49
   987   21.25625  32.13583  4373   1  2.579 0.004  11.43 -22.07 0.07   34.5  12.83
410201   21.53208  -1.79361  5282   3  2.527 0.024  13.40 -20.15 0.08   13.6  12.40
  1013   21.50792  34.70306  4911   3  2.716 0.005  10.79 -22.83 0.07   67.4  13.45
  1016   21.52125  -1.63889  5338   0  2.590 0.134  11.63 -21.98 0.12   46.8  13.07
110334   21.75417  33.95222  3863   3  2.403 0.018  13.92 -19.42 0.12   17.1  12.12
  1052   22.00083  -1.30611  4230   1  2.691 0.038  11.69 -22.01 0.07   26.6  12.93
410229   22.01208  -1.91528  4500   1  2.490 0.033  12.55 -20.97 0.09   18.5  12.39
  1055   22.02833  -1.73194  5929   1  2.623 0.015  12.35 -21.29 0.07   25.9  12.93
  1060   22.02375  -1.81944  4479   5  2.421 0.017  14.07 -19.39 0.10   18.9  12.26
  1120   23.51000  -1.07583  4367   2  2.561 0.009  12.22 -21.36 0.08   29.3  12.72
  1123   23.53333  -1.03278  4373   1  2.567 0.009  11.64 -21.95 0.09   26.8  12.70
  1238   26.51083  36.46000  4240   3  2.572 0.015  11.72 -21.70 0.06   38.4  12.85
  1248   26.77667  35.56278  4415   2  2.857 0.005  10.17 -23.51 0.11   56.3  13.60
  1257   27.02958  36.45278  4404   2  2.545 0.007  12.52 -20.88 0.07   23.9  12.61
  1302   27.51750  35.28417  3894   3  2.644 0.025  11.44 -22.06 0.07   77.0  13.26
  1307   27.53292  35.93278  4642   3  2.639 0.054  11.70 -21.79 0.08   41.2  13.05
  1316   27.78167  34.84833  4432   5  2.352 0.011  14.10 -19.26 0.10   25.3  12.25
  1319   27.78792  36.06583  5056   3  2.549 0.029  12.43 -20.97 0.07   22.1  12.64
111771   28.00167  35.63889  4704   3  2.292 0.011  13.65 -19.52 0.09   25.2  12.15
110579   28.01125  36.13028  5802   4  2.236 0.066  13.37 -19.99 0.08   23.6  12.10
110603   28.25250  36.56417  4428   6  2.430 0.040  13.25 -20.11 0.11   29.4  12.47
  1361   28.26417  36.58472  5492   5  2.330 0.016  13.90 -19.46 0.11   28.9  12.35
111656   28.50458  35.53472  4751   3  2.190 0.014  14.75 -18.33 0.10   15.1  11.73
  1366   28.54125  36.62944  4862   5  2.615 0.012  11.96 -21.40 0.08   39.4  13.01
  1380   28.53167  37.34306  4352   3  2.299 0.019  13.73 -19.45 0.10   23.9  12.11
110621   28.53208  35.42028  4394   0  2.423 0.034  12.53 -20.76 0.10   21.0  12.30
110618   28.75667  36.91945  5369   3  2.332 0.056  12.94 -20.27 0.11   49.5  12.58
  1387   28.75292  36.26056  4289   6  2.301 0.026  13.64 -19.72 0.09   22.6  12.08
110625   28.76625  35.45833  5451   1  2.640 0.017  12.74 -20.75 0.08   17.9  12.76
  1390   28.75542  36.30695  4117   3  2.515 0.027  12.85 -20.52 0.09   17.3  12.38
  1405   29.00542  37.45167  4720   5  2.380 0.009  13.83 -19.53 0.14   30.7  12.41
  1416   29.02542  36.88556  5222   3  2.622 0.015  12.76 -20.72 0.07   21.2  12.78
  1437   29.26000  35.91500  4654   5  2.655 0.039  10.98 -22.38 0.07   48.0  13.15
  1456   29.52042  36.67445  4591   2  2.619 0.034  11.56 -21.91 0.06   24.8  12.79
  1459   29.77875  36.06250  5221   5  2.560 0.019  12.36 -21.00 0.14   36.7  12.90
  2364   43.25667   6.53889  5218   3  2.521 0.005  12.76 -21.49 0.12   25.1  12.65
  2367   43.25500   6.26500  7168  -2  2.757 0.006  11.21 -23.25 0.11   50.0  13.56
121012   43.28625   6.66611  7340   5  2.365 0.029  14.40 -19.83 0.11   15.5  12.28
  2375   43.51458   6.25722  7393   2  2.634 0.006  12.16 -22.20 0.11   27.2  13.07
  2399   43.77875   6.21694  7788   5  2.560 0.078  12.50 -21.73 0.10   31.3  13.00
  2405   43.78125   6.49417  7488   5  2.625 0.008  12.56 -21.67 0.10   32.6  13.13
  2406   44.03625  15.79222  9959   1  2.707 0.013  12.46 -22.68 0.08   26.9  13.34
  2415   44.01167   6.15500  7565   4  2.501 0.009  13.38 -20.86 0.11   23.0  12.74
121028   44.00750   6.27917  7075   5  2.292 0.013  14.81 -19.42 0.12   17.5  12.17
120638   44.02417   6.05472  7609   3  2.332 0.014  14.21 -19.88 0.11   14.9  12.21
  2423   44.02875   4.97750  7495   5  2.604 0.017  12.71 -21.52 0.09   27.5  13.02
  2420   44.04125  15.98361  9672   3  2.774 0.011  12.58 -22.62 0.15   28.3  13.48
  2426   44.28875   5.32056  7207   3  2.636 0.021  12.59 -21.76 0.08   21.9  12.96
120684   44.25875   5.43250  7380   3  2.620 0.009  12.95 -21.39 0.08   22.0  12.94
  2444   44.54083   6.30611  6504   3  2.639 0.016  12.45 -21.92 0.09   24.0  12.97
  2453   44.77042  16.03833  8862   3  2.687 0.074  12.24 -22.87 0.10   31.2  13.31
  2454   44.77625   7.30500  7415   5  2.548 0.007  13.15 -21.08 0.16   27.4  12.90
120852   45.04000   5.71167  8203   4  2.415 0.052  13.81 -20.42 0.09   16.6  12.46
180141  123.75375  21.55722  4496   5  2.420 0.009  13.46 -20.03 0.13   29.1  12.45
  4299  123.78749  23.19944  4506   4  2.585 0.006  11.93 -21.56 0.11   41.1  12.93
  4324  124.53917  20.76056  5046   3  2.505 0.012  12.55 -20.94 0.08   30.9  12.70
180202  124.75834  21.39444  4326   3  2.566 0.058  12.84 -20.70 0.07   26.2  12.68
180209  124.78667  21.06611  4444   3  2.314 0.016  14.29 -19.03 0.09   19.0  12.05
  4383  125.76792  21.34778  5656   5  2.449 0.020  12.72 -20.76 0.09   23.6  12.52
180598  125.75875  21.41667  5331   5  2.290 0.011  14.28 -19.21 0.11   27.6  12.24
  4400  126.52333  21.66694  4630   5  2.322 0.006  14.20 -19.29 0.12   29.4  12.27
  4399  126.53124  21.45639  4718   6  2.362 0.009  13.25 -20.23 0.10   25.9  12.30
  4926  139.52292  34.55333  6598   3  2.680 0.006  12.35 -22.13 0.11   30.4  13.16
  4941  139.75542  33.73806  6349   4  2.638 0.003  12.54 -21.90 0.10   27.3  13.01
  4949  140.00792  33.10167  6634   4  2.572 0.006  13.38 -20.93 0.11   23.3  12.83
190224  140.02875  33.07389  6723   2  2.543 0.014  12.93 -21.43 0.07   16.8  12.63
  4960  140.01167  35.36806  7737   3  2.568 0.035  12.36 -22.01 0.06   25.5  12.92
190243  140.51917  33.93750  6268   5  2.375 0.012  14.56 -19.64 0.10   14.3  12.20
  5011  141.28708  34.11222  6999   5  2.417 0.137  14.45 -19.87 0.09   22.3  12.52
190293  141.77501  34.42722  7165   1  2.616 0.011  13.01 -21.41 0.08   16.1  12.79
  5041  141.75876  32.65250  8335   5  2.558 0.006  13.32 -21.00 0.09   27.0  12.96
 26934  152.76208 -31.64222  3161   5  2.473 0.005  11.17 -21.32 0.13   57.9  12.70
 26979  153.52333 -34.06055  3311   3  2.458 0.013  12.02 -20.42 0.14   35.6  12.48
 26999  154.03833 -33.56472  3245   3  2.612 0.016  10.21 -22.37 0.08   76.4  13.11
 27067  155.27333 -34.26583  3214   5  2.739 0.021   9.44 -23.04 0.08   88.8  13.43
 27113  156.28833 -39.82778  3067   4  2.417 0.055  11.19 -21.30 0.08   44.6  12.46
 27127  156.50833 -34.96305  3727   5  2.446 0.083  11.64 -20.84 0.08   40.8  12.57
 27136  156.76334 -36.22500  3455   5  2.545 0.019  11.55 -20.93 0.14   47.9  12.80
 27177  157.25334 -40.07972  3106   5  2.473 0.112  11.61 -20.87 0.08   39.0  12.52
 27187  157.27541 -24.11306  4151   5  2.436 0.019  12.66 -20.40 0.13   80.9  12.89
 27201  157.50041 -34.40333  3388   3  2.393 0.043  12.30 -20.08 0.10   28.9  12.27
 27247  158.01875 -28.61028  3947   3  2.714 0.023  11.41 -21.84 0.10   47.4  13.19
 27248  158.03667 -27.52222  3949   5  2.392 0.050  12.72 -20.35 0.09   29.3  12.34
 27255  158.25125 -24.54472  4124   4  2.456 0.029  12.81 -20.26 0.13   32.2  12.53
 27269  158.28792 -30.16750  3832   3  2.572 0.024  12.19 -20.94 0.11   36.7  12.79
 27345  159.01042 -32.34806  3190   3  2.580 0.012  11.04 -21.52 0.08   41.2  12.77
 27374  159.25708 -30.67000  3747   3  2.424 0.022  12.76 -20.23 0.12   33.6  12.44
 27386  159.53209 -28.88528  4728   4  2.467 0.011  12.89 -20.17 0.11   39.2  12.70
 27393  159.50082 -28.56778  3798   3  2.533 0.016  12.28 -20.82 0.08   24.4  12.53
 27402  159.77126 -30.29861  4095   5  2.624 0.005  10.97 -22.09 0.12   60.9  13.14
 27404  159.78291 -26.84028  3425   4  2.517 0.007  11.97 -21.10 0.09   48.8  12.75
 27407  159.76042 -29.58556  4223   5  2.382 0.034  13.06 -20.00 0.13   47.0  12.56
 27408  159.77708 -23.75389  4323   3  2.390 0.026  12.66 -20.31 0.12   39.7  12.51
 27441  160.03751 -27.08278  5587   5  2.573 0.018  11.41 -21.65 0.07   59.5  13.16
 27462  160.29083 -36.93500  3502   5  2.538 0.028  11.29 -21.20 0.11   83.4  13.04
 27475  160.52625 -36.35750  3321   5  2.639 0.048   9.97 -22.52 0.08   88.0  13.24
 27489  160.78542 -28.86583  3806   5  2.435 0.031  13.03 -20.04 0.15   27.0  12.38
 27491  160.78207 -24.36750  4082   5  2.551 0.015  11.77 -21.30 0.08   42.6  12.84
 27495  160.75125 -38.26250  3246   5  2.588 0.007  10.97 -21.51 0.10   60.8  12.97
 27501  161.01625 -32.20917  3298   3  2.488 0.045  11.82 -20.66 0.08   41.3  12.60
 27529  161.78792 -24.43889  3995   3  2.682 0.105  11.67 -21.56 0.05   27.3  12.90
 27598  163.76416 -26.15833  4265   3  2.667 0.021  11.66 -21.55 0.07   30.2  12.94
 27698  166.50667 -37.65167  3185   3  2.606 0.016  10.68 -22.04 0.08   56.4  12.96
 27705  166.77875 -37.17194  3442   5  2.615 0.023  10.90 -21.72 0.09   54.4  13.00
 27755  167.52583 -35.98139  3086   3  2.425 0.016  11.72 -20.83 0.10   49.3  12.53
 27803  169.00374 -33.96611  3342   5  2.531 0.015  11.84 -20.78 0.09   47.5  12.76
 27829  169.26250 -40.59333  3411   5  2.542 0.032  11.28 -21.34 0.46  116.2  13.18
 27863  170.53250 -38.06417  3268   5  2.371 0.037  12.54 -20.08 0.10   46.4  12.42
 27907  172.01917 -36.54194  3345   5  2.436 0.028  11.61 -21.01 0.10   58.3  12.66
  6479  172.00208  20.79445  6588   3  2.705 0.017  11.58 -22.77 0.07   49.7  13.42
  6583  174.01791  19.97056  6518   1  2.587 0.014  12.64 -21.60 0.06   13.0  12.60
210570  174.76875  19.53417  7105   3  2.491 0.012  13.32 -20.84 0.08   17.2  12.56
210629  175.51791  20.11917  6299   4  2.573 0.012  12.73 -21.44 0.07   22.1  12.78
210634  175.52167  20.03222  6657   3  2.502 0.009  12.74 -21.42 0.08   23.1  12.68
210666  175.76668  20.27194  7220   2  2.532 0.039  12.48 -21.72 0.08   18.5  12.68
  6697  175.78667  19.96861  7050   3  2.703 0.021  12.18 -22.16 0.12   32.3  13.26
  6702  175.78708  20.07639  7693   4  2.543 0.022  12.72 -21.45 0.07   24.9  12.86
210681  176.00792  19.78417  5205   3  2.345 0.149  13.94 -20.08 0.09   22.7  12.26
  6719  176.02917  20.12472  6895   2  2.762 0.022  12.04 -22.37 0.07   26.4  13.28
  6718  176.03792  19.79445  6272   3  2.678 0.086  12.03 -22.30 0.06   30.7  13.13
  6721  176.00958  19.45361  5794   3  2.605 0.010  12.66 -21.60 0.08   25.2  12.87
  6724  176.26625  19.97305  5410   3  2.720 0.014  11.26 -23.11 0.07   54.6  13.40
210758  176.28667  20.62833  7384   2  2.461 0.031  12.97 -21.15 0.10   21.7  12.62
  6746  176.50917  20.39111  7269   1  2.798 0.028  10.95 -23.48 0.06   54.1  13.68
210789  176.78334  18.05333  6185   3  2.547 0.009  13.64 -20.57 0.12   12.3  12.47
210791  176.78874  19.93917  6490   4  2.592 0.007  12.98 -21.18 0.07   21.0  12.81
210795  177.01375  20.00611  7533   3  2.684 0.111  12.41 -21.92 0.05   20.8  13.06
  6863  178.25168  20.75139  6519   3  2.651 0.052  11.80 -22.50 0.07   40.1  13.21
 28558  187.02042 -38.48639  3698   5  2.220 0.039  13.63 -18.99 0.09   37.8  12.08
 28566  187.28166 -40.67250  3392   5  2.375 0.064  12.77 -19.85 0.12   29.1  12.24
 28661  189.25291 -40.53611  3262   5  2.525 0.027  11.02 -21.60 0.09   43.2  12.69
 28686  189.78000 -40.73917  3965   5  2.441 0.017  11.55 -21.07 0.11   40.1  12.58
 28691  190.00708 -42.04083  3303   3  2.462 0.017  11.49 -21.10 0.11   35.9  12.49
 28721  190.53250 -40.82056  3028   3  2.489 0.031  11.49 -21.12 0.10   39.3  12.55
 28756  191.04083 -36.50972  3603   4  2.348 0.007  13.30 -19.31 0.12   27.5  12.19
  7955  191.75708  26.71333  7034   5  2.556 0.009  12.98 -21.32 0.12   30.8  12.94
 28820  192.00917 -40.59389  4048   5  2.274 0.048  13.16 -19.46 0.12   39.8  12.25
 28821  192.01375 -40.81889  3916   3  2.531 0.020  11.48 -21.17 0.14   50.2  12.85
 28832  192.00958 -45.00694  3746   5  2.439 0.025  12.29 -20.33 0.10   25.0  12.34
 28836  192.26707 -41.33917  3750   5  2.289 0.021  13.45 -19.17 0.10   34.9  12.19
  8013  193.02583  26.74972  8157   3  2.548 0.004  13.24 -21.11 0.09   42.0  13.12
 28928  193.00125 -40.45111  4118   5  2.611 0.020  11.26 -21.36 0.08   41.8  12.95
 28969  193.51875 -39.85250  3796   5  2.497 0.047  11.62 -21.00 0.08   38.7  12.65
221130  194.03500  27.29083  7796   5  2.334 0.036  13.85 -20.45 0.09   20.5  12.37
221147  194.03958  27.09361  7117   1  2.542 0.030  13.13 -21.21 0.07   16.7  12.65
221149  194.00250  28.92945  8297   5  2.508 0.044  13.19 -21.12 0.09   18.3  12.69
  8069  194.25626  29.04445  7927   3  2.617 0.060  12.36 -22.05 0.07   27.7  13.07
 29024  194.26459 -46.37833  3649   5  2.525 0.012  11.40 -21.22 0.16   69.7  12.95
221174  194.25417  26.51167  7533   3  2.526 0.037  13.27 -21.05 0.08   20.2  12.73
221206  194.53874  28.70806  7881   5  2.418 0.008  13.11 -21.20 0.10   25.8  12.64
  8096  194.52499  27.83278  7803   1  2.589 0.036  12.36 -22.03 0.12   21.9  12.90
 29086  195.00626 -43.29889  3546   5  2.407 0.011  13.25 -19.37 0.10   37.6  12.43
  8108  195.01457  26.89722  6173   3  2.641 0.030  12.09 -22.35 0.09   28.5  13.02
221402  195.02292  27.57361  5389   4  2.413 0.048  13.68 -20.63 0.10   16.7  12.27
221406  195.03250  28.05833  7896   6  2.454 0.055  13.56 -20.74 0.10   15.6  12.49
  8118  195.03958  29.01889  7551   3  2.591 0.013  12.57 -21.82 0.06   28.1  13.00
  8128  195.02542  27.79000  8251   4  2.733 0.041  11.78 -22.52 0.05   32.9  13.39
  8140  195.26375  29.04389  7357   2  2.667 0.004  12.22 -22.24 0.08   32.4  13.21
221460  195.51750  29.25333  7573   3  2.692 0.045  12.33 -22.14 0.08   15.2  12.94
221465  195.50667  28.17222  9214   6  2.170 0.062  14.91 -19.40 0.07   14.2  11.95
  8161  195.78792  26.53333  6945   3  2.584 0.005  12.84 -21.55 0.06   25.4  12.91
230051  196.02708  27.30528  5766   5  2.344 0.069  14.27 -20.04 0.09   19.7  12.24
 29234  196.54083 -44.16694  3523   5  2.245 0.041  13.24 -19.38 0.11   41.7  12.15
 29256  196.76083 -45.01305  3497   5  2.474 0.045  12.06 -20.56 0.10   36.2  12.54
  8209  196.76208  24.81028  6599   3  2.480 0.036  12.44 -21.87 0.08   35.0  12.82
  8220  197.00626  24.70028  7398   5  2.713 0.003  12.02 -22.28 0.13   33.1  13.31
 29277  197.03625 -41.45972  3394   4  2.238 0.058  12.49 -20.13 0.09   35.2  12.05
 29280  197.02959 -43.67639  3447   5  2.235 0.063  13.89 -18.73 0.13   41.4  12.12
  8229  197.01749  28.16667  6248   3  2.590 0.036  12.38 -22.01 0.06   30.3  12.95
230117  197.02916  28.28056  6108   4  2.332 0.056  14.36 -19.95 0.09   17.4  12.18
 29307  197.25208 -24.24083  3246   5  2.369 0.027  12.45 -20.09 0.11   40.9  12.35
  8244  197.25917  28.38194  7358   5  2.413 0.006  13.76 -20.54 0.09   49.5  12.88
 29327  197.52333 -21.74889  3273   4  2.350 0.009  12.10 -20.44 0.10   51.5  12.42
230139  197.53125  29.70972  6619   5  2.461 0.028  13.35 -20.96 0.08   20.8  12.55
 29339  198.04042 -43.30667  3451   3  2.519 0.037  11.75 -20.89 0.09   38.7  12.66
 29361  198.27126 -19.97806  3069   5  2.471 0.004  11.38 -21.15 0.14   69.8  12.77
 29371  198.25166 -19.54667  3319   5  2.546 0.017  10.92 -21.61 0.12   51.0  12.81
  8328  198.77251  27.30361  6740   5  2.405 0.006  14.35 -19.96 0.11   25.0  12.53
 29486  199.75749 -22.27861  3189   5  2.542 0.042  11.18 -21.36 0.08   63.5  12.88
 29890  204.01833 -29.08917  4748   3  2.337 0.023  13.35 -19.94 0.09   24.1  12.23
 29918  204.27499 -30.93361  4358   3  2.605 0.020  11.64 -21.88 0.11   33.6  12.87
 29991  205.51958 -31.03833  4660   3  2.596 0.015  12.06 -21.47 0.07   30.4  12.84
 30014  205.77542 -29.80445  4927   3  2.615 0.020  11.76 -21.77 0.08   37.5  12.99
 30019  205.78416 -32.91778  4361   5  2.357 0.025  13.15 -20.28 0.13   34.1  12.38
 30065  206.51459 -30.87861  5463   5  2.604 0.005  12.63 -20.80 0.11   40.8  13.05
 30103  207.02625 -30.42861  4618   3  2.760 0.020  11.17 -22.49 0.07   35.3  13.23
 30106  207.01791 -30.21917  5638   3  2.452 0.030  12.83 -20.56 0.09   25.5  12.56
 30124  207.25958 -33.06917  4495   3  2.557 0.023  11.81 -21.68 0.08   43.8  12.90
 30152  207.78708 -30.78028  5911   3  2.526 0.080  12.41 -21.04 0.06   29.7  12.79
 30158  207.78416 -31.14833  5318   4  2.601 0.018  11.84 -21.59 0.08   35.3  12.97
 30236  209.01750 -32.63194  4621   5  2.640 0.003  11.46 -21.97 0.12   36.0  12.99
 30273  209.53250 -31.77611  4546   5  2.338 0.027  13.81 -19.62 0.14   33.4  12.35
 10362  245.52249  39.79111  9658   3  2.701 0.008  12.53 -22.46 0.07   28.6  13.34
260538  246.75668  39.11083  9945   3  2.725 0.033  12.73 -22.28 0.05   18.0  13.20
 10420  247.25418  39.76583  9637   3  2.634 0.049  12.82 -22.10 0.08   34.6  13.28
260640  247.53625  39.62583  9165   2  2.755 0.018  12.35 -22.68 0.07   23.1  13.33
 10485  249.26376  39.24944  9307   3  2.646 0.016  13.08 -21.85 0.12   26.0  13.17
 10488  249.53751  39.91722  8894   2  2.723 0.015  12.18 -22.83 0.07   26.8  13.32
 31871  275.03290 -64.71667  4670   5  2.645 0.027  11.19 -22.07 0.08   58.7  13.22
 31880  275.25168 -63.34555  4549   3  2.356 0.013  12.86 -20.27 0.12   30.2  12.34
 32004  279.75833 -66.69833  4477   5  2.373 0.035  13.71 -19.55 0.09   23.8  12.27
 32068  281.00500 -62.36333  4229   5  2.564 0.063  11.81 -21.45 0.08   35.3  12.80
 32101  281.76791 -63.15583  4508   5  2.537 0.032  11.71 -21.55 0.08   43.8  12.86
 32190  284.02460 -61.40083  4435   3  2.505 0.024  12.33 -20.93 0.08   25.1  12.55
 32195  284.27460 -61.61000  4574   5  2.177 0.044  14.08 -19.17 0.09   23.5  11.88
 32366  288.25415 -60.86500  4349   3  2.763 0.008  10.36 -23.13 0.12   64.8  13.47
 32786  297.25500 -70.22639  4082   3  2.458 0.023  12.21 -20.80 0.12   40.7  12.63
 33025  301.50583 -71.68166  4159   5  2.489 0.022  12.07 -20.99 0.10   31.9  12.59
 33104  302.78207 -71.01167  4051   5  2.434 0.016  12.79 -20.27 0.10   31.6  12.47
 33875  313.27081 -71.02389  4260   3  2.504 0.038  11.89 -21.16 0.08   45.9  12.79
 12417  348.00543   5.80583  3119   5  2.459 0.009  12.27 -20.47 0.10   22.6  12.26
330179  349.27335   7.12306  3213   5  2.354 0.030  13.24 -19.51 0.11   28.0  12.16
 12483  349.27917  11.34889  3741   3  2.481 0.030  12.47 -20.25 0.08   21.5  12.36
 12494  349.51083   6.87694  3824   5  2.324 0.012  13.09 -19.66 0.11   39.1  12.32
 12501  349.75415  10.80222  3439   3  2.389 0.014  13.13 -19.51 0.11   18.4  12.07
 12498  349.75708   8.10917  3812   3  2.477 0.018  12.10 -20.62 0.09   40.2  12.63
 12500  349.77206   8.34972  3163   3  2.438 0.007  12.16 -20.53 0.11   35.4  12.42
 12511  349.75583  10.18472  3186   5  2.477 0.039  12.27 -20.47 0.10   66.4  12.77
 12518  350.01166   7.93167  3537   3  2.545 0.012  12.19 -20.60 0.10   33.2  12.65
 12535  350.25668   8.17889  3848   4  2.262 0.009  13.30 -19.45 0.10   31.1  12.10
330260  350.27374   8.10250  3504   4  2.223 0.031  13.23 -19.52 0.08   32.2  11.99
 12539  350.27750   8.21722  3387   3  2.569 0.009  11.42 -21.38 0.07   38.1  12.74
331411  350.27792   9.04306  3305   5  2.140 0.009  15.23 -17.51 0.27   43.0  11.93
 12562  350.53043  11.77250  3465   6  2.190 0.016  14.06 -18.69 0.11   36.0  11.97
 12563  350.50165  11.98889  3474   3  2.539 0.022  11.62 -21.16 0.07   32.7  12.63
 12561  350.53500   8.99389  3375   7  2.279 0.009  13.65 -19.09 0.25   63.1  12.38
331412  350.53583   7.67222  3106   5  2.137 0.015  14.90 -17.85 0.13   27.2  11.69
 12631  352.50500  27.08639  8833   3  2.657 0.003  12.71 -22.21 0.07   24.2  13.14
 12678  353.53583  26.31056  8608   3  2.690 0.007  12.64 -22.31 0.12   27.5  13.25
 12701  354.02374  27.93556  8512   5  2.561 0.014  13.70 -21.08 0.11   18.4  12.81
330630  354.29126  26.45917  8770   4  2.486 0.079  12.98 -21.80 0.10   21.6  12.74
330721  354.75748  27.16000  7267   3  2.440 0.075  13.80 -20.93 0.11   11.7  12.30
 12721  354.75793  27.11528  7258   3  2.628 0.024  12.50 -22.40 0.07   33.2  13.13
330768  355.27460  25.55222  9052   3  2.663 0.010  12.68 -22.25 0.06   18.7  13.05
331281  355.50375  25.99806  8929   4  2.384 0.008  14.68 -20.10 0.11   17.6  12.46
 12755  355.79041  28.33917  8459   3  2.742 0.012  11.92 -23.08 0.08   32.3  13.41
331322  356.28458  27.47222  8856   3  2.449 0.020  13.83 -20.90 0.10   23.0  12.70
330888  356.28085  27.59750  8625   5  2.542 0.078  13.44 -21.34 0.05   18.8  12.79
330923  356.76294  27.42667  8956   5  2.615 0.009  13.21 -21.57 0.08   16.2  12.89
