174522   119.2258377  14.6411114
  4552   130.8391724  10.7261114
192542   135.0991669   7.3077779
192885   138.7441711   4.7002778
192040   146.8866577  10.7524996
203640   153.0399933   6.0727777
  5543   154.0849915   4.8216667
  5737   158.4725037  11.2063885
205181   161.1087494  15.3966665
  6066   164.7474976   6.5222220
200844   165.4808350  11.8483334
  6206A  167.4554138  12.7700005
215200   177.3087463  15.6141663
  6895   178.8695831  11.9680557
210986   180.1166687   9.6152782
220013   180.8675079   8.3702774
224993   180.8950043   8.2947226
  8475   202.3575134  11.0077782
  8585   204.0558319  10.4777775
231506   207.3483276   8.5074997
230856   209.1583252  12.2586107
  8871   209.3533325   5.9486113
  8973   210.9108276  11.3880558
240138   212.4591675  10.9611111
  9134   214.1470795   9.9849997
  9162   214.7020721  10.8436108
244246   215.8666687   8.5950003
714136   218.5316772   8.1319447
  9490   220.9141693  11.1391668
  9515   221.5891571  13.0205555
242053   225.5991669  11.2063885
  9794   229.0449982  10.5094442
250456   229.5962524  12.1858330
  9864   232.3575134   5.0847220
 10079   238.3466797  11.9591665
260013A  240.6933441   8.8761110
262058   240.8425140  15.0080557
260110   241.2004242  14.1288891
260164   241.4083405  10.0352774
