### Formatted ALFALFA Catalog generated: Mon Mar 24 10:49:56 2008  by martha....  HIGHMASS in SDSS region
#                                  J2000                    J2000                    km/s                  Jykm/s                      mJy        
#Object              AGC     Other Ellipse Center  dRA dDEC Optical Center   hsize   v50 verr   W50 werr   SintP  Serr  Sintmap   SN   rms                 
HI075654.2+143854 174522           075654.8+143842   8  14  075654.2+143828    1.5 14234    1    35    2    3.11  0.05    3.18   49.7  2.30   1     0756+15                        
HI084321.3+104412   4552  060-039  084321.5+1044 3   1  29  084321.4+104334    1.3 14048    4   489    7    3.73  0.12    2.92   16.0  2.12   1     0844+11                        
HI090021.0+071936 192542           090020.9+071929 -43  60  090023.8+071828    2.3 17651   14   324   28    2.46  0.10    1.21   13.3  2.30   1     0900+07                        
HI091458.0+044111 192885  034-018  091457.7+0441 5 -12 -56  091458.6+044201    1.9 16630   10   502   19    2.59  0.14    1.94    9.4  2.47   1     0916+05                        
HI094732.3+104530 192040           094732.5+104522  -3  12  094732.8+104509    1.4 14254    7   223   13    5.09  0.11    4.81   33.0  2.30   1     0948+11                        
HI101210.1+060400 203640  036-055  101209.9+060353   4 -29  101209.6+060422    0.5 16231    3   487    5    2.22  0.13    1.48    8.6  2.36   1     1012+07                        
HI101621.2+044918   5543  036-080  101620.9+044911   7  -6  101620.4+044918    1.0 13737    4   547    7    4.99  0.13    4.63   18.1  2.26   1     1020+05                        
HI103352.4+111157   5737  065-057  103352.6+111149 -11 -34  103353.4+111223    1.1 14956    3   351    6    3.29  0.11    2.68   16.7  2.14   1     1036+11                        
HI104426.2+152408 205181           104426.8+152355  12   6  104426.0+152348    1.2 16364    3   442    5    2.59  0.16    2.32    8.7  2.99   1     1044+15                        
HI105859.7+063141   6066  038-074  105859.7+063141   6  19  105859.3+063121    1.1 11807    2   667    4    6.25  0.14    4.95   19.5  2.14   1     1100+07                        
HI110155.4+115106 200844  066-102  110155.6+115058   2   3  110155.4+115054    1.5 14111    3   232    5    2.57  0.07    2.52   23.0  1.63   1     1100+13                        
HI110949.1+124639   6206 067-017a  110949.4+124630   1  17  110949.3+124612    1.4 12774    6   261   12    4.06  0.09    3.61   28.2  1.99   1     1108+13                        
HI114912.5+153720 215200           114913.0+153708 -15  16  114914.1+153651    1.2 16951   14   377   29    2.13  0.11    1.16   10.1  2.31   1     1148+15                        
HI115527.8+115823   6895    N3968  115528.0+115814 -10   9  115528.7+115805    1.7  6389    1   490    3   17.23  0.12   17.02   73.2  2.14   1     1156+11                        
HI120027.0+093718 210986  069-016  120027.1+093710 -13  14  120028.0+093655    1.0 17062    8   326   16    1.65  0.09    1.34   10.4  1.97   1     1204+09                        
HI120329.6+082142 220013  069-033  120329.7+082135  21 -38  120328.2+082213    1.0 12153    9   563   19    3.89  0.20    2.66    9.2  3.37   1     1204+09                        
HI120333.3+081757 224993           120333.3+081750 -21   8  120334.8+081741    2.7 12227    7   604   15    3.71  0.18    2.54    9.4  2.91   1     1204+09                        
HI132925.5+110023   8475    N5174  132925.7+110015  -1 -13  132925.8+110028    1.7  6835    1   591    2   15.71  0.14   15.59   52.8  2.25   1     1332+11                        
HI133614.3+102842   8585  073-049  133614.4+102834  15  -6  133613.4+102840    1.0 16158    3   422    7    3.07  0.12    2.94   13.6  2.39   1     1340+11                        
HI134923.6+083030 231506  073-079  134923.7+083022   1  -4  134923.6+083027    1.3 11386    6   534   12    4.32  0.11    3.87   19.7  1.84   1     1348+09                        
HI135638.7+121550 230856  074-011  135639.0+121540  15   9  135638.0+121531    2.3 17215    6   341   12    2.13  0.10    1.37   11.0  2.18   1     1356+13                        
HI135723.1+055648   8871  046-015  135722.9+055641 -27 -14  135724.8+055655    1.0 16075   36   355   72    2.09  0.10    1.49   11.1  2.22   1     1356+05                        
HI140338.3+112319   8973  074-073  140338.5+112311   0  -6  140338.6+112317    1.1 11511    3   511    6    8.90  0.13    8.73   34.3  2.26   1     1404+11                        
HI140951.0+105730 240138  074-125  140951.2+105722  14 -18  140950.2+105740    1.5 17703   35   218   70    1.34  0.08    1.06   10.0  2.02   1     1412+11                        
HI141635.4+095920   9134  074-154  141635.5+095912   5   3  141635.2+095908    1.2 11148    4   302    8    3.65  0.08    3.38   25.6  1.84   1     1412+11                        
HI141849.5+105100   9162  075-006  141849.7+105052  17  14  141848.5+105037    1.0 16759    3   321    6    2.89  0.10    2.22   17.1  2.10   1     1420+11                        
HI142328.3+083618 244246           142328.3+083610   4  28  142328.0+083542    0.5 16848   32   581   63    2.37  0.14    1.72    7.9  2.29   1     1428+09                        
HI143408.3+080822 714136           143408.3+080815  10  19  143407.6+080755    2.4 15993   37   332   73    2.67  0.10    2.38   16.2  2.02   1     1436+07                        
HI144339.2+110853   9490  076-008  144339.4+110845   0  23  144339.4+110821    1.3 10936    2   421    5    5.21  0.12    4.83   22.4  2.46   1     1444+11                        
HI144620.9+130123   9515  076-026  144621.2+130114  -2   0  144621.4+130114    1.8 14017    2   382    4    4.25  0.10    3.82   23.4  2.08   1     1444+13                        
HI150225.4+111241 242053  076-137  150225.6+111232  26   9  150223.8+111223    1.8 13960    2   421    4    2.63  0.14    2.30   10.5  2.66   1     1500+11                        
HI151608.9+103041   9794  077-054  151609.1+103033 -25  -1  151610.8+103034    1.6  6406    2   630    5   22.03  0.13   21.10   71.0  2.20   1     1516+11                        
HI151821.8+121127 250456  077-067  151822.1+121119 -14   9  151823.1+121109    2.4 16557    5   519    9    2.14  0.13    1.24    8.0  2.30   1     1516+13                        
HI152926.9+050503   9864  049-179  152926.6+050456  12  -9  152925.8+050505    1.1 11307    3   535    5    5.36  0.12    4.65   21.1  2.12   1     1532+05                        
HI155323.4+115730  10079    N6007  155323.6+115721   6 -11  155323.2+115733    1.4 10545    3   388    7    7.22  0.11    6.74   38.4  2.13   1     1556+13                        
HI160247.1+085310 260013 079-025a  160247.2+085302  11  28  160246.4+085234    1.2 16155   15   265   31    2.31  0.10    1.64   14.4  2.19   1     1604+09                        
HI160319.2+150036 262058           160319.8+150024 -35  -5  160322.2+150029    2.3 17157   31   508   62    2.59  0.18    1.31    6.8  3.34   1     1604+15                        
HI160448.0+140752 260110  079-040  160448.5+140741   5  -2  160448.1+140744    1.1 10160    8   610   15    5.99  0.16    4.51   16.1  2.73   1     1604+15                        
HI160537.8+100235 260164  079-045  160537.9+100227  -1  20  160538.0+100207    1.2 12157    6   422   13    4.17  0.13    3.51   18.2  2.43   1     1604+09                       
