# Title: Groups of galaxies in the Two Micron All-Sky Redshift Survey
# Authors: Crook A.C., Huchra J.P., Martimbeau N., Masters K.L., Jarrett T.,
#         Macri L.M.   ApJ 655, 790
# Table: Low-density-contrast (LDC) catalog of groups in the 2MASS Redshift Survey
#  These only in ALFALFA sky area

1434 2202378+111937    3   0 121.19  8841   50.5  2.12 12.772 12.811  0.685   35 0.00   0
1442 2213345+134835    8   0 107.11  7816  263.7  2.11 14.207 14.469  2.001   66 0.23  86
1449 2223491+323631    4   0  90.12  6552   74.9  1.07 12.817 12.872  1.084   50 0.00   0
1454 2228348+354015   76   0  84.62  6143  532.0  4.23 15.118 15.445  2.295  255 0.15 126
1463 2233583+315155    5   0  14.38   874   97.9  1.50 13.196 13.340  1.927  334 0.46  92
1468 2238248+351202    4   0 122.95  8993  263.5  1.04 13.898 14.206  1.962   45 0.00   0
1469 2238366+353402    6   0 110.38  8063  204.3  0.44 13.300 13.773  1.410   18 0.19  11
1470 2242218+301206    3   0 100.26  7330   56.5  2.07 12.860 12.909  1.192   31 0.00   0
1471 2242386+092006    9   0 101.14  7416  178.0  2.67 13.967 14.192  1.870   60 0.32  29
1475 2250065+114752    3   0  94.99  6970  289.2  0.61 13.745 13.871  1.919   16 0.00   0
1476 2251493+113552    6   0 111.81  8216  297.7  1.68 14.212 14.246  2.023   39 0.14  74
1477 2252561+011159    4   0  65.79  4809  124.2  0.36 12.779 12.814  1.031   16 0.00   0
1481 2256331+125350    3   0 102.34  7521  270.5  0.87 13.842 13.971  2.045   26 0.00   0
1482 2258223+183213    5   0 134.25  9877  116.4  1.87 13.444 13.842  1.421   45 0.33 143
1483 2259146+241214    3   0 137.31 10097  133.4  1.54 13.476 13.308  1.072   15 0.00   0
1487 2300473+262705   13   0 102.29  7507  223.1  2.76 14.177 14.141  1.589   73 0.20  34
1488 2302461+305828    6   0  91.61  6709  301.2  0.59 13.766 14.391  2.386   41 0.60 115
1489 2303386+022548    7   0  67.92  4980  152.5  1.76 13.653 13.671  1.780   52 0.47  40
1492 2305448+163739    6   0  28.29  1999  303.5  0.38 13.588 14.380  3.087   90 0.41  69
1495 2312571+220842    3   0 128.45  9461   63.1  3.53 13.188 13.121  1.024   42 0.00   0
1496 2314028+133052    9   0  62.59  4589  217.5  1.61 13.922 14.017  2.121   38 0.63  80
1497 2314485+191517    5   0  68.21  5003  188.7  0.30 13.072 13.464  1.583   19 0.20 155
1500 2315481+045814    4   0 134.85  9947   98.8  2.93 13.495 13.521  1.266   51 0.00   0
1501 2315528+251439    4   0 109.60  8067  101.0  2.35 13.419 13.296  1.054   37 0.00   0
1502 2316463+064116    3   0  66.84  4914   65.0  1.98 12.964 13.082  1.600   55 0.00   0
1503 2316598+292325   18   0  91.13  6691  450.0  2.35 14.717 14.938  2.421   59 0.93 143
1507 2319250+075237   16   0  46.72  3413  290.7  1.15 14.026 14.082  1.889   90 0.22  40
1508 2320521+261200    3   0  58.93  4304  119.7  1.97 13.490 13.475  2.082   67 0.00   0
1510 2328006+141403   14   0  55.17  4049  185.2  2.94 14.043 14.239  2.169  145 0.49  29
1512 2328496+322130    6   0  68.24  4993  255.0  0.56 13.598 13.645  1.859   14 0.70  17
1513 2329216+233901    5   0  46.65  3395  198.7  1.14 13.692 14.049  2.631   58 0.81 149
1514 2330133+293928    3   0  74.77  5488  179.3  0.51 13.252 13.641  2.027   35 0.00   0
1518 2334013+044612    5   0  77.06  5692   59.0  0.88 12.528 12.900  1.070   35 0.14  46
1523 2340078+265753   15   0 125.26  9245  320.1  2.96 14.521 14.615  1.643   58 0.52  40
1524 2340128+022955    4   0  38.21  2798  161.7  3.04 13.940 14.036  2.914  143 0.00   0
1525 2341288+271153    3   0 136.85 10101   74.2  2.58 13.193 13.368  1.180   42 0.00   0
1527 2342451+271636    6   0 103.51  7638  119.1  1.28 13.298 12.831  0.608   37 0.29  80
1529 2347146+295418    8   0  70.08  5152  128.6  1.28 13.365 13.782  1.759   97 0.53  69
1531 2351515+271016    5   0 110.01  8127  192.5  1.35 13.738 14.225  1.927   52 0.12  97
1533 2352178+202914    4   0  57.86  4263   35.2  0.15 11.307 12.256  0.424   79 0.00   0
1534 2353356+075621    5   0  71.79  5318  212.7  0.27 13.120 13.187  1.225    4 0.78   6
1535 2354553+104853    4   0  71.47  5294   69.9  2.19 13.069 13.150  1.592   68 0.00   0
1536 2355238+284257    7   0  93.84  6929  102.1  2.03 13.366 13.454  1.235   50 0.37  69
1537 2356150+005433    6   0  92.82  6882  339.7  1.36 14.236 14.408  2.406   28 0.80  40
   1 0000095+324428    3   0 136.62 10087  284.5  0.45 13.597 13.398  1.161    5 0.00   0
   2 0000483+040518    3   0 119.62  8870  272.9  3.29 14.429 14.320  2.373   39 0.00   0
   3 0000501+281700    5   0 120.31  8894  199.7  0.93 13.609 13.930  1.585   33 0.22  80
   4 0002070+065755    4   0  71.53  5306   74.7  4.66 13.455 13.505  1.815  122 0.00   0
   6 0005315+272937    3   0 102.61  7590   86.8  1.95 13.207 13.206  1.498   29 0.00   0
   7 0005418+050911    3   0  71.94  5340   41.0  0.64 12.072 11.974  0.594   15 0.00   0
   9 0006320+322502   10   0  66.21  4871  102.6  0.84 12.988 13.406  1.426   86 0.19  40
  12 0010212+281859    3   0 110.50  8176  134.7  2.38 13.675 13.789  1.954   37 0.00   0
  14 0012146+220746    4   0  82.43  6108  178.7  1.00 13.545 13.875  2.138   54 0.00   0
  15 0013055+305712    3   0  65.04  4792   61.3  0.56 12.360 12.424  0.969   12 0.00   0
  16 0013282+145901    4   0  14.26   974  148.8  1.69 13.613 13.679  2.786  221 0.00   0
  18 0015390+181158    4   0  71.41  5297  198.8  2.85 14.092 14.083  2.155   86 0.00   0
  19 0016092+292552   18   0  94.52  6992  300.7  1.75 14.240 14.580  2.051   56 0.86  29
  22 0019172+100849    4   0  71.81  5339   66.7  2.80 13.135 13.088  1.370   59 0.00   0
  24 0022035+221149   18   0  77.67  5761  347.6  0.79 14.017 14.315  1.962   31 0.84  52
  27 0028027+310407    4   0  84.52  6253  105.2  0.71 12.938 13.094  1.433   41 0.00   0
  28 0028440+020519    3   0  71.74  5343   32.3  2.68 12.488 12.469  0.858   51 0.00   0
  35 0034439+093238    4   0  71.42  5320   61.6  2.98 13.093 13.046  1.187   73 0.00   0
  39 0039149+015835   10   0  58.00  4325  199.3  1.00 13.640 14.136  2.231   80 0.38 172
  41 0039500+025704    8   0  71.30  5317  160.5  1.00 13.450 13.714  1.662   28 0.93  69
  42 0039584+253539    3   0  62.17  4608   69.1  0.54 12.447 12.597  1.129   21 0.00   0
  44 0043000+300110   13   0  71.22  5273  266.8  1.42 14.043 14.228  2.145   60 0.48  86
  48 0045135+231733    7   0  98.66  7333   72.1  0.47 12.432 13.254  1.158   35 0.08 115
  50 0045331+322055    6   0  63.78  4712  131.6  1.93 13.564 13.542  1.682   54 0.57  86
  53 0049000+075832    3   0  70.29  5246   28.6  1.78 12.201 12.186  0.622   43 0.00   0
  60 0057414+241215    4   0  67.41  5011   82.1  2.30 13.230 13.319  1.819   62 0.00   0
  62 0101141+300819    4   0  91.82  6815  136.0  0.25 12.703 12.727  0.985    8 0.00   0
  79 0115175+324701   98   0  67.60  5006  431.7  3.35 14.836 15.071  1.974  207 0.23  63
  80 0116003+132745    3   0  55.84  4172   30.9  3.69 12.587 12.515  1.451   98 0.00   0
  81 0116026+044210    6   0  71.19  5326  170.3  1.84 13.767 13.845  1.866   78 0.21 160
  83 0118133+005250   26   0  70.80  5297  277.3  3.44 14.462 14.659  2.093  167 0.24  86
  90 0122568+070515   14   0  32.41  2415  152.2  1.06 13.431 13.893  1.871  195 0.12   6
  92 0123330+003913    3   0 111.71  8334  240.4  1.80 14.058 14.144  2.108   26 0.00   0
  93 0124125+170643    3   0  33.54  2485  336.2  2.07 14.409 14.458  3.382   96 0.00   0
 105 0139013+061650    3   0  42.98  3219   79.8  1.66 13.064 12.999  2.082   58 0.00   0
 113 0147183+280450    3   0  49.68  3684  142.9  1.73 13.587 13.670  2.087   55 0.00   0
 114 0147316+114256   17   0  70.11  5247  185.5  1.43 13.733 14.124  1.773   84 0.30  11
 116 0150140+214757    6   0  38.45  2852  159.9  0.51 13.157 13.339  1.702   36 0.23  11
 123 0153511+195711    3   0 122.88  9152   40.8  0.90 12.217 12.268  0.113   12 0.00   0
 125 0155193+181036    4   0  67.61  5053  154.8  1.76 13.663 13.636  2.229   69 0.00   0
 126 0156005+051010   12   0  70.69  5296  234.2  2.37 14.153 14.218  2.010   87 0.26 172
 127 0157185+341908   71   0  66.22  4905  388.1  3.05 14.702 14.966  2.043  164 0.31 155
 128 0157278+210517    5   0  66.20  4942  109.4  1.58 13.316 13.104  1.629   41 0.38  80
 130 0200468+175955    3   0  31.49  2333  201.1  0.18 12.911 14.088  2.610  125 0.00   0
 131 0200516+082551    3   0 107.66  8040   61.2  1.00 12.615 12.989  0.885   32 0.00   0
 132 0201128+152147    5   0  61.32  4588   76.2  1.41 12.953 12.746  1.184   54 0.10  17
 138 0202205+252738   15   0  66.64  4964  125.6  2.13 13.566 13.945  1.822  112 0.44  11
 141 0203176+061903    3   0  76.16  5704  217.7  3.01 14.194 14.090  2.780   44 0.00   0
 142 0203223+150915    3   0  49.99  3738  155.9  0.18 12.682 13.692  2.528   53 0.00   0
 147 0206370+091350    3   0 123.46  9208   76.1  0.78 12.694 12.850  0.896   13 0.00   0
 149 0207401+071830    4   0  46.09  3455   43.9  0.59 12.091 12.734  1.534   86 0.00   0
 155 0212028+141315    5   0 104.81  7824  118.3  0.63 12.982 13.109  1.033   10 0.92  23
 158 0213371+165822   10   0 108.69  8107  136.5  2.54 13.715 14.037  1.556   83 0.17  23
 159 0213388+225635    3   0 125.13  9312  117.8  2.81 13.631 13.497  1.460   41 0.00   0
 160 0213571+005220    3   0  82.29  6159  235.4  2.69 14.212 14.270  2.585   52 0.00   0
 164 0216483+323415    3   0  64.11  4754   89.0  0.19 12.227 12.633  1.250   17 0.00   0
 165 0219371+150202    9   0  51.83  3876  137.1  1.01 13.317 13.853  2.121   96 0.18  11
 167 0224531+270322    7   0  69.08  5141  120.2  3.51 13.745 13.661  1.893   90 0.42 155
 170 0227358+252441   30   0 131.40  9767  517.2  3.67 15.031 15.540  2.281  149 0.26 172
 173 0230431+204552   12   0  55.99  4175  155.5  1.03 13.435 13.889  1.805   77 0.59  40
 175 0231091+095241    3   0 113.26  8451   71.0  0.97 12.730 12.915  0.973   32 0.00   0
 176 0232407+205047    4   0 120.08  8940   97.6  2.89 13.480 13.427  1.361   40 0.00   0
 177 0233206+061402    3   0 110.98  8282   57.7  0.63 12.365 12.884  0.965   33 0.00   0
 178 0234233+012718   17   0  88.76  6636  300.1  2.01 14.297 14.650  2.126   73 0.21  57
 179 0234302+331403    3   0 132.24  9806  136.1  1.09 13.344 13.676  1.473   32 0.00   0
 183 0236242+320837   40   0  66.14  4903  353.6  2.63 14.557 14.801  2.072  109 0.77  40
 185 0237061+344229    3   0  51.14  3770  137.4  1.47 13.482 13.667  2.363   68 0.00   0
 186 0238222+110539    3   0  47.58  3559   66.9  0.47 12.364 12.781  1.259   45 0.00   0
 187 0238236+075025    8   0  83.90  6274  195.2  1.15 13.681 14.044  1.870   69 0.20  29
 196 0246556+035533    4   0  90.61  6770  281.1  1.84 14.201 14.415  2.502   67 0.00   0
 201 0248187+214112    5   0  96.87  7216  161.4  0.81 13.365 13.552  1.543   21 0.53  46
 202 0248225+005003    3   0 112.82  8414   68.0  3.84 13.290 13.332  1.378   50 0.00   0
 203 0248325+231528    3   0  82.31  6131   72.0  1.62 12.963 12.895  1.295   43 0.00   0
 205 0248382+003929    6   0  90.86  6787  376.4  1.90 14.471 14.495  2.437   46 0.45  86
 206 0249150+131322    4   0 117.36  8745  351.5  1.26 14.233 14.047  1.929   22 0.00   0
 207 0249435+205504    3   0  85.13  6346   68.4  1.37 12.848 12.790  0.965   19 0.00   0
 213 0255087+122057    3   0  47.33  3534  125.9  0.72 13.095 13.663  2.269   81 0.00   0
 214 0255350+160250    8   0 133.46  9930  269.2  1.11 13.945 14.231  1.566   29 0.82  74
 215 0256518+060250   18   0  96.45  7199  450.4  1.56 14.540 14.685  2.127   35 0.45 126
 216 0257130+160024    3   0 120.85  8998   62.0  1.22 12.711 13.027  1.087   29 0.00   0
 217 0257153+100447   13   0 103.97  7754  278.0  2.12 14.254 14.520  1.952   80 0.21  29
 219 0257430+031141    6   0  40.84  3054  109.5  0.88 13.063 13.120  1.758   31 0.91 149
 509 0732429+181218    4   0  71.86  5071   35.5  2.42 12.524 12.585  0.773   63 0.00   0
 511 0734017+190322    7   0 116.28  8336  156.6  2.15 13.761 13.693  1.260   58 0.26  46
 513 0736065+123218    3   0  69.35  4886  168.9  2.47 13.887 13.848  2.467   65 0.00   0
 514 0737582+322743   10   0  66.64  4671  187.2  1.96 13.877 14.260  2.219  123 0.34  40
 516 0742030+183547    3   0 118.42  8481   96.5  1.09 13.045 13.086  1.051   19 0.00   0
 522 0746150+080859    3   0  70.44  4955  174.8  2.87 13.983 14.047  2.704   64 0.00   0
 538 0758204+271005    3   0  93.75  6644   67.0  1.95 12.982 12.974  1.153   27 0.00   0
 539 0758322+325339    5   0  75.41  5292   97.2  0.85 12.943 13.070  1.333   20 0.39 103
 540 0758597+243534    6   0  67.76  4731   77.9  1.30 12.937 13.054  1.295   36 0.58 143
 543 0801100+154958    6   0  66.53  4644  191.7  1.30 13.719 13.856  1.946   34 0.48  17
 544 0802334+094420    9   0  65.85  4597  273.8  1.09 13.952 14.110  2.087  100 0.22 166
 545 0803022+270210    3   0  74.17  5197   38.7  2.05 12.529 12.690  1.333   63 0.00   0
 552 0808575+181404    5   0  70.39  4915  256.5  1.36 13.992 14.130  2.437   45 0.51  80
 559 0817467+224644    8   0  56.43  3876  333.7  1.41 14.236 14.452  2.584   98 0.33  23
 562 0822115+040720    7   0  59.86  4143  112.0  1.04 13.157 13.197  1.594   44 0.57 149
 563 0822169+003835    4   0  68.31  4761  281.4  1.85 14.206 14.342  2.557   65 0.00   0
 565 0823027+041459    3   0 118.89  8447  198.9  0.90 13.590 13.503  1.500    8 0.00   0
 566 0823265+211600   22   0  68.68  4770  263.9  2.05 14.194 14.371  1.990   83 0.39  63
 567 0823332+190657    3   0 111.28  7893  245.1  3.20 14.323 14.297  2.311   37 0.00   0
 571 0827180+224608    4   0  83.08  5820  286.6  1.12 14.002 14.243  2.499   47 0.00   0
 576 0838092+250520    3   0 120.60  8558   98.5  0.95 13.005 12.714  0.683   12 0.00   0
 582 0843354+294947    3   0  32.43  2081   55.6  2.84 12.983 13.070  2.142  136 0.00   0
 592 0851555+191412    5   0  59.02  4029  159.3  1.79 13.697 13.955  2.250   55 0.85  11
 601 0901192+031645    6   0  55.20  3767   98.6  1.56 13.222 13.356  1.440   63 0.17  80
 603 0903454+134907    4   0 122.76  8671  284.7  0.96 13.931 14.476  2.215   47 0.00   0
 604 0904270+252732    3   0  41.26  2708  277.1  1.03 13.939 13.970  3.010   37 0.00   0
 605 0905260+214624    3   0  45.10  2994  240.3  0.26 13.217 13.946  2.889   44 0.00   0
 609 0907121+181356    4   0 124.10  8767   76.5  3.78 13.384 13.256  0.866   57 0.00   0
 612 0914369+301546    4   0  97.88  6847  113.7  0.39 12.747 13.509  1.278   47 0.00   0
 614 0915453+345750    5   0  31.51  1977  204.1  0.95 13.636 14.111  2.820  135 0.29  34
 615 0916213+170019    9   0 122.06  8604  232.3  1.72 14.006 14.329  1.621   48 0.33 160
 617 0916510+195257   10   0 122.39  8630  317.6  1.13 14.095 14.461  1.809   55 0.23 172
 622 0918470+274300    3   0 112.07  7879  219.3  1.58 13.921 13.854  1.956   19 0.00   0
 623 0919139+335817    3   0  90.08  6272  144.4  0.94 13.333 13.532  1.824   36 0.00   0
 625 0920566+334356    4   0 100.92  7065  192.8  1.39 13.754 13.699  1.395   23 0.00   0
 626 0921065+011319    4   0  74.75  5162   76.0  2.91 13.266 13.224  1.561   75 0.00   0
 634 0924250+224802    4   0 135.07  9549  156.3  2.74 13.866 13.797  1.461   38 0.00   0
 638 0926579+015917    5   0 105.03  7349  234.1  1.71 14.011 14.366  2.257   44 0.39  69
 643 0930376+082739    5   0  33.80  2190  139.3  1.06 13.351 13.727  2.498   58 0.32  34
 644 0931444+194215    3   0  64.35  4374   37.6  1.97 12.485 12.501  1.266   43 0.00   0
 646 0933010+101508    6   0  48.00  3201   96.3  1.05 13.029 13.344  1.636   87 0.24 126
 647 0933206+344623    5   0 115.45  8116   65.7  1.01 12.678 13.197  1.069   48 0.20 166
 653 0937275+231952    3   0 107.50  7517   26.1  0.67 11.697 11.922 -0.009   16 0.00   0
 654 0938000+024138    3   0  99.11  6906  113.6  0.13 12.273 12.950  1.059   11 0.00   0
 656 0938306+334257    3   0  64.69  4388   32.1  1.39 12.198 12.271  1.143   54 0.00   0
 657 0938348+321430    4   0  96.17  6695   91.2  3.32 13.482 13.621  1.681   83 0.00   0
 660 0942139+113114    8   0  90.23  6252  332.2  1.67 14.304 14.526  2.387   51 0.40 172
 663 0944299+020718    6   0  29.63  1922   73.6  1.92 13.058 13.223  1.979  157 0.35 166
 666 0946324+161202    3   0  86.06  5942   83.6  1.67 13.108 13.069  1.459   38 0.00   0
 667 0948206+090725    3   0  79.43  5464  204.2  0.51 13.365 13.850  2.181   46 0.00   0
 672 0952041+154640    3   0 122.56  8593  110.2  0.51 12.832 13.194  1.174   14 0.00   0
 678 0957095+154209    4   0  54.72  3654   68.1  2.00 13.007 13.113  1.691   81 0.00   0
 679 0959290+101758    4   0  78.36  5374   53.0  0.96 12.471 12.707  0.984   42 0.00   0
 688 1004515+031558    3   0  98.59  6842   92.0  3.63 13.527 13.483  1.796   43 0.00   0
 690 1005385+123911    3   0  42.97  2798   24.1  3.82 12.385 12.339  1.538  106 0.00   0
 691 1006544+305209    3   0  91.25  6303   98.5  2.83 13.479 13.352  1.477   50 0.00   0
 692 1007098+143029    4   0 129.74  9097  231.2  0.99 13.765 14.030  1.549   42 0.00   0
 702 1013340+032024    3   0  17.82  1250   70.9  0.15 11.926 12.051  0.869   18 0.00   0
 706 1015580+164234    5   0 118.97  8304  207.3  2.86 14.129 14.164  1.869   42 0.55  92
 709 1020440+252809    3   0  90.72  6247   45.5  0.35 11.897 11.753 -0.122    6 0.00   0
 713 1025111+130419    7   0 136.57  9572  200.6  1.00 13.643 14.109  1.525   37 0.65  34
 715 1027135+104218    3   0 138.30  9694   19.1  1.11 11.648 12.023 -0.268   41 0.00   0
 726 1036075+133421    4   0  45.95  2986   79.8  1.21 12.926 13.045  1.784   57 0.00   0
 731 1040290+051257    5   0 118.33  8239  206.0  4.03 14.273 14.293  2.121   42 0.60 149
 733 1044169+140223    3   0 138.26  9675  151.2  5.77 14.160 14.044  1.655   61 0.00   0
 735 1044574+214420    4   0  84.90  5802   56.2  1.93 12.823 12.762  0.894   58 0.00   0
 737 1048030+260602    7   0  91.45  6276  118.7  1.49 13.362 13.581  1.615   41 0.61  69
 739 1050116+333753    7   0  28.46  1675  171.4  0.25 12.913 13.713  2.606   68 0.29 155
 741 1050480+161352    3   0  95.98  6604  127.5  0.58 13.011 13.455  1.648   35 0.00   0
 742 1052384+075835    5   0  94.93  6535   69.5  2.14 13.053 13.148  1.044   38 0.65 149
 743 1052483+100538    3   0  41.98  2689   51.4  2.91 12.925 12.953  1.906  107 0.00   0
 746 1054416+210114    3   0 138.13  9660  154.3  0.74 13.283 13.485  1.215   18 0.00   0
 751 1058328+243449    3   0  90.31  6184  213.5  1.03 13.712 13.930  2.186   34 0.00   0
 753 1059000+171610    3   0 128.99  8990  215.9  0.40 13.313 14.166  2.006   32 0.00   0
 758 1104065+040922    3   0 109.64  7597   92.9  3.28 13.491 13.485  1.495   51 0.00   0
 764 1109089+233034    4   0  94.88  6508  194.5  3.17 14.119 14.129  2.334   48 0.00   0
 768 1111046+284122    3   0 126.03  8776   31.0  0.16 11.213 11.552 -0.491    4 0.00   0
 769 1112494+034120    5   0 127.98  8917  139.6  5.24 14.048 14.050  1.685   70 0.31 138
 778 1118326+231503    3   0  97.04  6658  162.0  0.87 13.398 13.638  1.710   23 0.00   0
 781 1121524+201045    4   0  64.96  4329   87.1  0.87 12.859 12.976  1.158   35 0.00   0
 782 1122038+243321    4   0 111.69  7720  109.1  0.90 13.071 13.594  1.529   44 0.00   0
 790 1128374+085221    5   0  91.95  6298   86.1  0.70 12.755 13.194  1.277   16 0.40   6
 791 1128481+205054    3   0  91.95  6283   42.3  0.42 11.918 12.041  0.345   10 0.00   0
 794 1131203+281635    4   0 101.07  6944   65.9  1.18 12.750 12.947  0.925   30 0.00   0
 795 1134040+234044    9   0 102.91  7074  119.6  5.90 13.966 13.971  1.658  116 0.36 115
 799 1136554+322457    4   0  42.42  2636   97.6  0.19 12.290 13.238  1.969   55 0.00   0
 801 1137298+215048    4   0 127.06  8822  177.4  0.71 13.390 13.494  1.165   21 0.00   0
 804 1139551+255625    4   0  99.79  6845   32.2  1.31 12.172 12.343  0.527   38 0.00   0
 805 1139579+165011    3   0  93.88  6419  109.5  2.95 13.588 13.669  1.959   53 0.00   0
 806 1140060+250056    4   0  54.60  3553  192.2  0.65 13.417 13.880  2.383   57 0.00   0
 809 1142445+264035    6   0 130.09  9043  242.3  1.48 13.980 14.092  1.553   31 0.58  52
 810 1142559+094815   12   0  90.16  6160  198.7  1.45 13.798 14.180  1.731   57 0.51 172
 811 1145241+200813   56   0  95.74  6548  550.8  1.83 14.785 14.825  1.731   73 0.42  80
 812 1145301+330941    7   0 137.61  9602  296.5  0.89 13.936 14.137  1.470   23 0.50 160
 816 1147469+170911   19   0  55.03  3596  395.2  1.38 14.373 15.105  3.042  154 0.40  86
 817 1147590+295134    3   0  96.34  6591  306.5  1.88 14.286 14.286  2.414   30 0.00   0
 818 1150549+213935    4   0 114.07  7872  156.9  1.31 13.547 13.668  1.455   23 0.00   0
 824 1154539+264737    8   0  54.70  3551  140.2  1.23 13.422 13.773  2.125   95 0.28  34
 826 1155555+281002    4   0 123.36  8548  113.3  2.13 13.477 13.855  1.681   66 0.00   0
 827 1156313+230904   10   0  98.06  6709  194.2  2.45 14.006 14.264  1.939   66 0.49 115
 828 1157190+314311    8   0  50.17  3211   93.9  0.46 12.648 13.329  1.693   72 0.49 155
 829 1157580+250203    8   0  67.70  4503  197.9  0.53 13.353 13.711  1.780   19 0.53  17
 832 1202294+043241    4   0  92.02  6303   91.5  1.18 13.035 12.996  1.187   20 0.00   0
 834 1204310+020237   11   0  87.52  5985  291.4  1.25 14.064 13.918  1.478   28 0.56 178
 835 1204361+203144   20   0 103.41  7094  381.6  0.89 14.154 14.424  1.638   21 0.85 132
 839 1209545+163259    7   0 100.00  6849  177.6  3.02 14.019 14.175  1.942   75 0.39 160
 840 1210226+245138   17   0  98.62  6743  213.7  2.30 14.061 14.279  1.770   68 0.38 143
 843 1212150+285749   10   0  59.61  3903   79.9  0.59 12.618 13.198  1.243   41 0.68 149
 847 1215269+325848    4   0  95.74  6536  163.2  0.35 13.009 13.894  1.862   38 0.00   0
 848 1215418+142443    3   0 113.29  7810  102.3  2.49 13.456 13.451  1.528   30 0.00   0
 852 1219120+165652  810   2  19.46  1314  671.4 10.42 15.712 16.102  2.641 2080 0.51 160
 854 1220120+070849    4   0  60.28  4008  268.9  0.80 13.802 14.144  2.570   52 0.00   0
 855 1220426+254421    3   0 100.12  6847  155.4  1.17 13.491 13.391  1.492   17 0.00   0
 857 1222366+103518    3   0 112.87  7786  149.3  0.64 13.191 13.375  1.429   13 0.00   0
 865 1227445+271214    3   0 103.35  7079   84.5  2.26 13.247 13.234  1.446   39 0.00   0
 870 1235066+002401    3   0 100.13  6902   17.0  4.27 12.133 11.958  0.035   61 0.00   0
 876 1244105+261003    4   0  69.53  4618  188.2  2.69 14.018 14.111  2.625   84 0.00   0
 882 1254526+083118    4   0  43.71  2771   53.2  0.05 11.150 12.648  1.372   73 0.00   0
 890 1258538+275323   84   0 100.24  6842  648.0  3.31 15.183 15.271  1.916  109 0.36  69
 894 1300189+275907    3   0 123.90  8556  197.2  1.38 13.770 13.670  1.514   18 0.00   0
 906 1308283+345507    3   0  72.97  4862  137.0  2.59 13.727 13.797  2.369   54 0.00   0
 908 1309460+005850    4   0  80.13  5445  219.3  0.87 13.663 13.915  2.019   42 0.00   0
 911 1314183+165248    4   0 100.34  6853   97.7  0.37 12.590 13.290  1.302   54 0.00   0
 912 1314584+063949    3   0  93.06  6357   95.7  0.46 12.660 13.474  1.790   51 0.00   0
 914 1316136+061505    3   0 102.40  7035  106.8  2.16 13.432 13.411  1.673   44 0.00   0
 915 1317330+311918    3   0  83.69  5637  225.4  0.74 13.617 14.117  2.498   51 0.00   0
 917 1318158+304347    3   0 137.80  9563  218.5  1.11 13.765 13.765  1.620   18 0.00   0
 918 1318165+042705    3   0  90.82  6203   45.2  0.33 11.866 11.844  0.227    6 0.00   0
 927 1323293+314745    3   0  70.43  4672  143.1  3.22 13.858 13.668  1.957   64 0.00   0
 938 1329211+171158    6   0  97.32  6630   73.1  3.39 13.298 13.215  1.109   59 0.41 138
 941 1329385+112743   10   0 100.40  6868  319.5  0.85 13.977 14.054  1.656   21 0.71 143
 943 1330393+133215    3   0 109.67  7530  143.1  1.17 13.421 13.589  1.443   31 0.00   0
 946 1331129+330815   23   0 107.43  7361  244.8  3.59 14.373 14.710  1.857  113 0.39  34
 947 1333570+092951    3   0 103.58  7103  139.7  1.35 13.459 13.337  1.497   15 0.00   0
 949 1334571+070508    8   0 100.70  6904  178.4  1.62 13.753 13.949  1.574   40 0.74 115
 950 1335079+134501    3   0 101.74  6957   96.9  0.48 12.698 12.695  0.611    7 0.00   0
 955 1337509+042218   12   0  99.33  6816  151.0  3.22 13.906 14.068  1.609   81 0.43  46
 960 1345211+223639    5   0 118.17  8127  188.8  2.47 13.984 13.961  1.773   29 0.60  29
 961 1345594+035343    5   0 101.61  6982   56.3  1.51 12.721 12.960  0.790   35 0.52  86
 964 1349041+335944    7   0  69.93  4633  317.2  0.83 13.961 14.314  2.507   28 0.73 172
 966 1352403+214209    4   0 121.52  8369  155.3  4.07 14.031 13.983  1.834   50 0.00   0
 967 1352534+165143    3   0  98.30  6697  102.6  4.10 13.674 13.734  1.897   59 0.00   0
 968 1353055+135644    6   0 101.33  6923  203.7  1.06 13.682 13.886  1.606   24 0.35 126
 971 1354100+022526    5   0  68.48  4599  223.5  2.85 14.192 14.234  2.405   51 0.52  23
 972 1354345+245601    9   0 130.76  9036  229.1  1.08 13.793 14.042  1.355   21 0.83 109
 973 1355316+001156    3   0 128.48  8945   39.4  0.50 11.933 12.491  0.416   29 0.00   0
 977 1358051+060133    4   0  64.47  4295   13.9  0.60 11.106 11.427 -0.157   37 0.00   0
 982 1402155+082618    4   0  71.08  4756  198.5  1.92 13.918 13.907  2.255   63 0.00   0
 983 1402575+334707    4   0 117.83  8113  148.0  0.64 13.183 13.658  1.485   55 0.00   0
 984 1402590+092231   11   0  86.41  5856  291.4  0.88 13.911 14.226  2.015   25 0.50  23
 991 1407353+152116    8   0 113.63  7804   78.6  3.53 13.379 13.470  0.998   40 1.00  69
 995 1410135+355330    5   0 119.76  8259  147.2  3.68 13.941 13.955  1.668   57 0.31  74
 996 1410525+175613    7   0  76.50  5117  262.2  0.80 13.778 13.943  1.885   28 0.59  23
 997 1411318+010559    5   0 110.14  7608   80.5  1.64 13.066 13.012  0.958   23 0.55 178
 998 1412299+081200   28   0 105.04  7205  284.4  4.09 14.559 14.909  1.991  154 0.19 126
1001 1414304+152737    3   0  69.75  4636   59.4  0.34 12.114 12.529  1.138   19 0.00   0
1002 1414435+030611    4   0 111.52  7695  349.1  0.53 13.849 13.844  1.728    9 0.00   0
1005 1419050+110205    3   0 109.07  7484  219.0  3.03 14.202 14.244  1.933   43 0.00   0
1006 1420060+245226    4   0  76.70  5122  114.1  1.14 13.210 13.352  1.498   61 0.00   0
1007 1420300+353743   11   0  52.11  3330  317.7  1.83 14.306 14.412  2.253   69 0.81 126
1011 1426596+045715    3   0 119.72  8273  177.5  0.63 13.335 13.647  1.325   21 0.00   0
1013 1428390+112619    8   0 115.12  7917  409.4  1.13 14.316 14.630  2.138   39 0.26  46
1015 1429475+274135   16   0  64.74  4253  352.9  1.91 14.416 14.948  2.706  141 0.18 178
1019 1433213+281109    3   0 134.37  9303  191.0  1.46 13.764 14.013  1.880   27 0.00   0
1029 1440466+031406    6   0 116.36  8033  215.3  0.57 13.460 14.063  1.582   15 0.67  40
1031 1445366+331156    3   0 128.99  8925  257.7  2.92 14.326 14.213  1.952   27 0.00   0
1032 1445484+114010    8   0 127.18  8782  319.9  0.27 13.487 14.359  1.723   32 0.43 120
1035 1447320+134047    5   0 126.72  8746  336.3  0.66 13.910 14.043  1.719   13 0.38  34
1038 1453026+293151    3   0 101.06  6891   71.6  0.65 12.559 12.975  1.167   40 0.00   0
1039 1453125+040628    8   0 121.87  8421  212.7  3.21 14.202 14.311  1.667   68 0.27 160
1076 1534150+231128    3   0  79.74  5350   78.5  3.91 13.421 13.269  1.648   67 0.00   0
1079 1535535+134534    8   0  31.62  1919   78.8  0.28 12.274 13.146  1.688  118 0.23 172
1084 1538290+211803    4   0  67.09  4436   95.0  2.57 13.405 13.468  1.908   77 0.00   0
1085 1538434+295047    4   0  33.20  1981  164.0  2.75 13.908 13.857  3.177  139 0.00   0
1089 1543551+270412    9   0 139.61  9702  154.2  3.60 13.972 14.313  1.508   89 0.15 155
1090 1544521+021648    3   0  57.76  3819  243.5  0.61 13.595 13.939  2.461   38 0.00   0
1092 1545568+242209    3   0 100.65  6869  180.4  4.60 14.215 14.240  2.408   62 0.00   0
1097 1549510+184958    3   0  61.33  4027  182.7  0.77 13.450 13.401  1.969   18 0.00   0
1104 1558303+195453    3   0 139.33  9676  221.7  2.89 14.193 14.001  1.657   32 0.00   0
1105 1600274+004638    5   0  31.10  1955   66.9  3.35 13.215 13.276  2.012  210 0.13  92
1106 1601354+204136   13   0  67.41  4466  153.5  1.11 13.458 13.667  1.552   80 0.75   0
1107 1601468+070001    3   0  41.69  2662  178.9  2.99 14.021 14.103  3.232  108 0.00   0
1112 1605003+143056    3   0  69.71  4640   63.6  1.48 12.816 12.826  1.519   49 0.00   0
1113 1605180+034933    3   0  83.35  5640  154.0  0.40 13.012 13.350  1.614   24 0.00   0
1115 1608060+065916    3   0  24.54  1481  131.4  2.91 13.741 13.673  3.101  172 0.00   0
1116 1608229+011118    3   0 119.66  8263   74.4  2.30 13.145 13.194  1.293   29 0.00   0
1118 1612215+140452    3   0 133.25  9238  127.6  2.78 13.695 13.581  1.159   29 0.00   0
1119 1612479+225019    7   0 138.17  9605  150.8  3.13 13.892 14.036  1.404   61 0.24 166
1123 1617173+345505    6   0 129.60  9014  281.1  1.22 14.024 14.268  1.841   24 0.26  40
1127 1621113+142523    3   0 127.05  8794  127.5  2.61 13.668 13.718  1.524   34 0.00   0
1129 1624259+113446    3   0  73.77  4942   39.8  1.73 12.477 12.465  1.151   34 0.00   0
