# Title: Groups of galaxies in the Two Micron All-Sky Redshift Survey
# Authors: Crook A.C., Huchra J.P., Martimbeau N., Masters K.L., Jarrett T.,
#          Macri L.M.
# Table: High-density-contrast (HDC) catalog of groups in the 2MASS Redshift
#       Survey
#  These ones in ALFALFA sky area and volume

1178 2214168+135628    5   0 106.43  7767  176.3  1.26 13.633 13.758  1.677   26 0.33  80  1442
1182 2223446+321958    3   0  90.25  6562   88.7  0.63 12.737 12.685  0.996   13 0.00   0  1449
1193 2236481+341614    8   0  86.85  6321  301.9  0.47 13.674 14.069  1.769   22 0.97  11  1454
1194 2238366+353402    6   0 110.38  8063  204.3  0.44 13.300 13.773  1.410   18 0.19  11  1469
1195 2238461+352625    3   0 123.82  9057  281.5  0.60 13.714 13.745  1.595    7 0.00   0  1468
1196 2240021+082439    3   0 101.87  7467   38.5  1.20 12.290 12.299  0.509   22 0.00   0  1471
1197 2242218+301206    3   0 100.26  7330   56.5  2.07 12.860 12.909  1.192   31 0.00   0  1470
1198 2242301+341739    6   0  91.73  6690  210.4  2.09 14.006 13.950  1.832   36 0.68 166  1454
1199 2244106+094931    3   0  99.79  7318   36.6  0.67 11.991 12.169  0.391   24 0.00   0  1471
1204 2249323+312234    3   0  91.50  6686  100.9  1.11 13.092 13.036  1.289   27 0.00   0  1454
1205 2249470+112831    3   0 108.66  7981  121.5  0.87 13.149 13.017  1.096   11 0.00   0  1476
1207 2250065+114752    3   0  94.99  6970  289.2  0.61 13.745 13.871  1.919   16 0.00   0  1475
1208 2252561+011159    4   0  65.79  4809  124.2  0.36 12.779 12.814  1.031   16 0.00   0  1477
1210 2253518+114311    3   0 114.96  8452  201.1  0.96 13.630 13.826  1.905   20 0.00   0  1476
1211 2254203+321615    5   0  89.47  6539  189.1  0.64 13.397 13.342  1.387    9 0.79 149  1454
1216 2258551+255717    8   0 102.21  7500  275.9  2.08 14.240 14.376  2.008   49 0.30   6  1487
1217 2259146+241214    3   0 137.31 10097  133.4  1.54 13.476 13.308  1.072   15 0.00   0  1483
1220 2300193+311031    3   0  88.20  6453  164.3  0.28 12.924 13.591  1.993   26 0.00   0  1488
1221 2301156+160444    4   0  30.51  2164  209.0  0.18 12.929 13.123  1.964   19 0.00   0  1492
1222 2303386+022548    7   0  67.92  4980  152.5  1.76 13.653 13.671  1.780   52 0.47  40  1489
1223 2303486+271434    5   0 102.43  7520  126.2  1.43 13.398 13.194  1.105   26 0.33  46  1487
1226 2314253+062252    4   0  48.90  3573  122.3  0.53 12.936 13.248  1.697   42 0.00   0  1507
1227 2314576+251450    3   0 109.48  8057  121.3  1.86 13.476 13.491  1.332   27 0.00   0  1501
1228 2315043+132403    7   0  62.45  4580  206.1  1.18 13.741 13.829  2.027   51 0.34  52  1496
1229 2315175+185939    3   0  69.67  5112   53.3  0.20 11.801 11.858  0.125    5 0.00   0  1497
1230 2316018+285324   10   0  93.89  6896  245.0  1.37 13.956 14.091  1.814   35 0.45  52  1503
1233 2321053+082229   12   0  45.99  3360  314.3  0.81 13.941 13.976  1.896   38 0.62  29  1507
1234 2322291+291546    4   0  81.92  6013  201.5  0.61 13.431 13.526  1.822   25 0.00   0  1503
1236 2327583+120557    3   0  52.61  3859  142.8  0.45 12.999 13.455  2.008   42 0.00   0  1510
1237 2328051+231050    3   0  47.82  3483   74.5  0.47 12.456 12.753  1.524   46 0.00   0  1513
1238 2328496+322130    6   0  68.24  4993  255.0  0.56 13.598 13.645  1.859   14 0.70  17  1512
1240 2334211+154722    5   0  54.96  4037   81.1  1.80 13.114 13.087  1.339   59 0.29  86  1510
1241 2334535+045913    4   0  77.22  5705   59.7  0.58 12.358 12.385  0.615   17 0.00   0  1518
1243 2338546+270732    5   0 126.74  9353  170.8  0.68 13.337 13.454  0.801    9 0.75  57  1523
1246 2343278+271830    5   0 103.60  7645  131.8  0.97 13.268 13.043  0.864   12 0.88  74  1527
1249 2347441+293054    4   0  70.65  5196   98.3  0.36 12.586 12.989  1.186   35 0.00   0  1529
1251 2351171+200711    3   0  57.79  4258   41.0  0.08 11.146 11.429 -0.374    4 0.00   0  1533
1252 2351331+270721    3   0 110.01  8127   99.3  0.54 12.763 12.978  0.826   16 0.00   0  1531
1254 2353356+075621    5   0  71.79  5318  212.7  0.27 13.120 13.187  1.225    4 0.78   6  1534
1255 2353426+283245    5   0  93.65  6914  110.5  1.28 13.234 13.254  1.132   17 0.83 172  1536
1256 2355413+004449    5   0  93.94  6965  304.6  1.03 14.021 14.062  2.099   27 0.49 143  1537
1257 2356273+104958    3   0  71.08  5266   50.5  1.62 12.655 12.511  1.128   39 0.00   0  1535
1258 2359541+281640    4   0 120.69  8921  219.5  0.62 13.512 13.851  1.598   24 0.00   0     3
   1 0000095+324428    3   0 136.62 10087  284.5  0.45 13.597 13.398  1.161    5 0.00   0     1
   3 0002375+312047    4   0  66.16  4867   99.6  0.17 12.278 13.006  1.586   24 0.00   0     9
   4 0005315+272937    3   0 102.61  7590   86.8  1.95 13.207 13.206  1.498   29 0.00   0     6
   5 0005418+050911    3   0  71.94  5340   41.0  0.64 12.072 11.974  0.594   15 0.00   0     7
   6 0009113+330736    6   0  66.25  4873  113.9  1.05 13.174 13.328  1.488   23 0.69  46     9
   8 0012007+160937    3   0  13.51   912  101.3  1.18 13.123 13.216  2.390  174 0.00   0    16
   9 0013055+305712    3   0  65.04  4792   61.3  0.56 12.360 12.424  0.969   12 0.00   0    15
  10 0013188+221748    3   0  81.42  6034  121.2  0.58 12.973 13.454  1.879   31 0.00   0    14
  11 0014385+283508    4   0  96.68  7154  244.4  1.01 13.822 13.845  2.099   33 0.00   0    19
  14 0017482+295108    8   0  93.70  6932  226.1  0.52 13.468 13.876  1.645   22 0.50  52    19
  17 0021154+221530   14   0  78.50  5822  357.6  0.51 13.855 14.080  1.787   21 0.34  11    24
  19 0028272+305125    3   0  84.36  6242  126.1  0.41 12.854 13.110  1.563   12 0.00   0    27
  29 0039141+031735    4   0  58.99  4399  305.2  0.58 13.776 13.821  2.257   16 0.00   0    39
  30 0039190+025700    7   0  70.68  5271   99.5  0.82 12.948 12.994  0.966   29 0.23  11    41
  31 0039220+005244    3   0  57.44  4283  104.3  0.14 12.235 12.241  0.788    3 0.00   0    39
  32 0039584+253539    3   0  62.17  4608   69.1  0.54 12.447 12.597  1.129   21 0.00   0    42
  34 0042356+295808   11   0  70.63  5229  266.8  1.10 13.934 14.156  2.160   61 0.32  63    44
  35 0043075+232941    4   0  98.44  7314   55.0  0.21 11.838 12.150  0.339    8 0.00   0    48
  39 0046275+322814    5   0  63.95  4724  143.0  1.63 13.564 13.577  1.775   43 0.32 115    50
  40 0048011+230113    3   0  98.97  7357   97.2  0.24 12.399 13.198  1.421   23 0.00   0    48
  41 0048073+275324    3   0  66.74  4948  167.0  0.96 13.467 13.432  1.818   23 0.00   0    79
  43 0057414+241215    4   0  67.41  5011   82.1  2.30 13.230 13.319  1.819   62 0.00   0    60
  45 0059195+303541    6   0  67.38  4992  188.5  0.68 13.423 13.544  1.426   30 0.15  52    79
  46 0101141+300819    4   0  91.82  6815  136.0  0.25 12.703 12.727  0.985    8 0.00   0    62
  49 0105524+004644    4   0  70.80  5293  115.4  0.81 13.074 13.185  1.605   24 0.00   0    83
  56 0109526+324306   29   0  68.38  5064  368.8  1.30 14.286 14.442  1.848   38 0.69  63    79
  62 0112226+002040    6   0  72.15  5396  227.4  0.55 13.496 13.792  1.985   24 0.42 115    83
  65 0115243+052838    3   0  69.45  5195  146.5  0.78 13.262 13.361  1.786   31 0.00   0    81
  70 0121333+035807    4   0  31.18  2324   55.8  0.46 12.193 12.631  0.935   77 0.00   0    90
  73 0123186+333459   35   0  66.89  4953  526.0  1.01 14.486 14.429  1.806   43 0.45  23    79
  74 0123330+003913    3   0 111.71  8334  240.4  1.80 14.058 14.144  2.108   26 0.00   0    92
  75 0123561+092516    8   0  33.44  2490  160.6  0.47 13.124 13.055  1.331   30 0.49  46    90
  79 0126436+015829    3   0  74.71  5591  217.9  1.13 13.769 13.523  1.514   22 0.00   0    83
  82 0129533+004853    3   0  73.18  5478   57.4  1.43 12.713 12.672  0.911   28 0.00   0    83
  87 0134223+333908    3   0  68.41  5069   82.5  0.51 12.583 12.972  1.425   33 0.00   0    79
  89 0137543+351723    3   0  66.98  4957  190.6  0.98 13.589 13.629  2.037   20 0.00   0    79
  95 0146523+102619    7   0  70.93  5310  150.1  0.61 13.177 13.576  1.528   30 0.58  80   114
  96 0147183+280450    3   0  49.68  3684  142.9  1.73 13.587 13.670  2.087   55 0.00   0   113
  97 0148426+130003    7   0  70.10  5246  212.3  0.55 13.436 13.706  1.806   25 0.33 166   114
  98 0150140+214757    6   0  38.45  2852  159.9  0.51 13.157 13.339  1.702   36 0.23  11   116
 104 0153511+195711    3   0 122.88  9152   40.8  0.90 12.217 12.268  0.113   12 0.00   0   123
 105 0154215+175206    3   0  68.13  5092  164.0  1.19 13.544 13.694  2.381   34 0.00   0   125
 106 0156210+060934    5   0  70.86  5309  203.2  1.12 13.704 13.839  1.829   31 0.25 166   126
 107 0156511+331529    5   0  61.29  4540  110.4  0.54 12.857 13.081  1.470   28 0.06 178   127
 108 0157278+210517    5   0  66.20  4942  109.4  1.58 13.316 13.104  1.629   41 0.38  80   128
 109 0158088+331339    4   0  68.62  5089  114.6  1.08 13.191 12.974  1.122   41 0.00   0   127
 111 0200006+241804    7   0  66.30  4942  108.1  0.91 13.068 13.400  1.554   51 0.24 166   138
 112 0200465+314747    8   0  69.42  5153  158.3  1.05 13.460 13.492  1.407   37 0.49  63   127
 114 0201038+280430    3   0   7.03   404  198.5  0.90 13.591 13.424  3.767  179 0.00   0   852
 116 0201376+154205    4   0  61.25  4582   86.6  1.00 12.916 12.606  1.202   34 0.00   0   132
 117 0202220+262516    5   0  67.11  4997   94.5  0.82 12.903 12.994  1.369   30 0.22 143   138
 121 0205381+293038    5   0  64.30  4778  164.8  0.64 13.277 13.638  1.859   33 0.05  17   127
 122 0206370+091350    3   0 123.46  9208   76.1  0.78 12.694 12.850  0.896   13 0.00   0   147
 127 0211111+155155    4   0 108.61  8104  145.5  0.87 13.307 13.493  1.459   21 0.00   0   158
 129 0212028+141315    5   0 104.81  7824  118.3  0.63 12.982 13.109  1.033   10 0.92  23   155
 133 0215451+180906    4   0 108.23  8071  168.3  1.12 13.540 13.481  1.364   12 0.00   0   158
 134 0216483+323415    3   0  64.11  4754   89.0  0.19 12.227 12.633  1.250   17 0.00   0   164
 136 0218387+142712    4   0  51.00  3814   87.9  0.25 12.319 12.841  1.308   44 0.00   0   165
 139 0221055+161516    4   0  53.37  3989   77.0  1.18 12.884 12.777  1.671   39 0.00   0   165
 143 0225597+272221    3   0 130.78  9717   99.8  0.28 12.488 13.028  0.719   18 0.00   0   170
 144 0226337+255030    3   0  69.06  5143   76.7  2.07 13.126 13.068  1.710   41 0.00   0   167
 146 0227476+200748    7   0  55.12  4112  170.4  0.41 13.114 13.552  1.726   30 0.67 149   173
 149 0230172+230300    6   0 124.99  9299  289.1  0.64 13.766 14.258  1.739   15 0.29  86   170
 151 0231480+011539    5   0  87.61  6551  124.3  0.60 13.009 13.093  1.280   28 0.04  80   178
 153 0232407+205047    4   0 120.08  8940   97.6  2.89 13.480 13.427  1.361   40 0.00   0   176
 154 0232502+321924   16   0  66.07  4898  293.5  1.60 14.178 14.399  2.006   64 0.40  57   183
 157 0234531+211222    4   0  56.90  4242   70.1  1.33 12.855 12.877  1.290   50 0.00   0   173
 160 0237208+073639    3   0  86.73  6484   78.5  1.50 13.005 13.043  1.246   28 0.00   0   187
 161 0238172+020847    8   0  91.26  6821  294.1  0.92 13.940 13.913  1.586   22 0.55  57   178
 162 0238222+110539    3   0  47.58  3559   66.9  0.47 12.364 12.781  1.259   45 0.00   0   186
 164 0240591+084607    3   0  81.76  6114  106.0  0.21 12.403 12.472  0.697    7 0.00   0   187
 167 0243378+003458    4   0  16.48  1214  217.8  0.54 13.446 13.387  1.875   47 0.00   0   181
 168 0244065+322711   12   0  64.65  4789  376.4  0.66 14.009 14.028  1.828   32 0.69  46   183
 178 0248187+214112    5   0  96.87  7216  161.4  0.81 13.365 13.552  1.543   21 0.53  46   201
 179 0248191+002629    3   0  86.56  6468   33.3  1.28 12.191 12.119  0.413   21 0.00   0   205
 181 0249435+205504    3   0  85.13  6346   68.4  1.37 12.848 12.790  0.965   19 0.00   0   207
 188 0255156+090428    5   0 106.96  7977  286.7  1.05 13.977 13.924  1.723   16 0.28  11   217
 190 0255325+155144    3   0 132.81  9882   47.0  2.24 12.735 12.634  0.440   20 0.00   0   214
 193 0256465+060055   17   0  97.13  7250  407.4  1.50 14.437 14.578  2.049   35 0.49 126   215
 194 0257380+102612    4   0 102.17  7621  169.1  0.46 13.154 13.651  1.566   32 0.00   0   217
 195 0257430+031141    6   0  40.84  3054  109.5  0.88 13.063 13.120  1.758   31 0.91 149   219
 441 0732040+184054    4   0 115.06  8249  152.2  0.97 13.392 13.817  1.648   35 0.00   0   511
 442 0732429+181218    4   0  71.86  5071   35.5  2.42 12.524 12.585  0.773   63 0.00   0   509
 444 0733562+311246    5   0  66.87  4693  241.2  0.66 13.623 13.585  1.784   15 0.53   6   514
 446 0742030+183547    3   0 118.42  8481   96.5  1.09 13.045 13.086  1.051   19 0.00   0   516
 457 0758094+244956    5   0  67.82  4737   85.6  0.97 12.890 13.007  1.369   21 0.95  86   540
 458 0758322+325339    5   0  75.41  5292   97.2  0.85 12.943 13.070  1.333   20 0.39 103   539
 460 0801100+154958    6   0  66.53  4644  191.7  1.30 13.719 13.856  1.946   34 0.48  17   543
 461 0802240+093830    4   0  67.93  4749  180.0  0.43 13.188 13.630  1.788   29 0.00   0   544
 464 0807380+181053    4   0  69.59  4858  257.1  0.94 13.833 13.937  2.307   35 0.00   0   552
 471 0817015+231249    4   0  60.18  4152  128.2  0.51 12.966 13.141  1.509   20 0.00   0   559
 472 0817092+214130    3   0  51.42  3511  109.4  1.56 13.311 13.350  1.927   45 0.00   0   559
 473 0822115+040720    7   0  59.86  4143  112.0  1.04 13.157 13.197  1.594   44 0.57 149   562
 475 0823027+041459    3   0 118.89  8447  198.9  0.90 13.590 13.503  1.500    8 0.00   0   565
 476 0823135+211328   19   0  68.10  4727  197.2  1.91 13.910 13.967  1.630   81 0.26  69   566
 478 0823437+003631    3   0  69.97  4880  183.9  1.30 13.682 13.589  1.995   20 0.00   0   563
 480 0826485+230025    3   0  81.41  5698  184.8  0.67 13.400 13.244  1.693   12 0.00   0   571
 484 0838092+250520    3   0 120.60  8558   98.5  0.95 13.005 12.714  0.683   12 0.00   0   576
 489 0849415+190844    3   0  58.98  4029   94.4  0.80 12.891 13.019  1.382   25 0.00   0   592
 494 0901192+031645    6   0  55.20  3767   98.6  1.56 13.222 13.356  1.440   63 0.17  80   601
 495 0904127+133458    3   0 121.03  8545  158.7  0.53 13.165 13.538  1.379   15 0.00   0   603
 496 0904270+252732    3   0  41.26  2708  277.1  1.03 13.939 13.970  3.010   37 0.00   0   604
 503 0913555+300241    3   0  97.28  6804   91.2  0.21 12.275 12.797  0.706   10 0.00   0   612
 504 0916151+173727    4   0 122.11  8609  113.6  0.57 12.904 12.971  0.589   13 0.00   0   615
 506 0916591+200605    3   0 117.64  8282  186.7  0.33 13.104 13.229  0.968    6 0.00   0   617
 507 0916598+185725    3   0 123.58  8716  220.7  0.15 12.905 13.557  1.525    8 0.00   0   617
 509 0918045+161853    3   0 124.92  8810  160.0  0.82 13.364 13.389  1.082   10 0.00   0   615
 511 0920566+334356    4   0 100.92  7065  192.8  1.39 13.754 13.699  1.395   23 0.00   0   625
 516 0923595+223648    3   0 135.55  9584  171.0  2.15 13.837 13.811  1.582   19 0.00   0   634
 525 0929356+080017    4   0  32.91  2130   40.0  0.72 12.100 11.923  0.771   46 0.00   0   643
 529 0934281+100054    5   0  47.90  3193  105.5  0.77 12.970 13.292  1.763   56 0.33 138   646
 533 0937275+231952    3   0 107.50  7517   26.1  0.67 11.697 11.922 -0.009   16 0.00   0   653
 534 0938000+024138    3   0  99.11  6906  113.6  0.13 12.273 12.950  1.059   11 0.00   0   654
 537 0942168+113118    6   0  92.10  6388  255.2  1.30 13.969 14.246  2.202   41 0.31 149   660
 542 0945583+004322    4   0  28.92  1880   33.7  1.34 12.223 12.069  1.157   63 0.00   0   663
 544 0948470+323756    5   0  24.38  1476   95.2  0.56 12.747 13.165  1.922   86 0.53  74   852
 547 0952041+154640    3   0 122.56  8593  110.2  0.51 12.832 13.194  1.174   14 0.00   0   672
 549 0953088+282023    3   0  23.16  1419  159.6  1.02 13.455 13.571  3.147   79 0.00   0   852
 566 1013340+032024    3   0  17.82  1250   70.9  0.15 11.926 12.051  0.869   18 0.00   0   702
 572 1020440+252809    3   0  90.72  6247   45.5  0.35 11.897 11.753 -0.122    6 0.00   0   709
 574 1022474+211945   13   0  20.54  1311   98.7  0.51 12.740 13.096  1.572   86 0.99  92   852
 582 1030101+284940    4   0  22.37  1362   36.5  0.67 11.992 11.829  0.713   42 0.00   0   852
 591 1036075+133421    4   0  45.95  2986   79.8  1.21 12.926 13.045  1.784   57 0.00   0   726
 600 1044380+220318    3   0  84.75  5791   63.3  1.30 12.756 12.779  0.964   21 0.00   0   735
 601 1044599+291940    6   0   7.14   556  146.3  1.37 13.506 13.548  3.269  314 0.39  23   852
 602 1045498+255933    4   0  91.64  6291  139.2  0.58 13.088 13.102  1.318   20 0.00   0   737
 607 1050529+332430    6   0  27.58  1616   74.8  0.19 12.055 12.639  1.572   32 0.57 166   739
 608 1051464+081912    3   0  95.36  6565   62.5  1.15 12.693 12.545  0.775   17 0.00   0   742
 611 1054416+210114    3   0 138.13  9660  154.3  0.74 13.283 13.485  1.215   18 0.00   0   746
 612 1054450+280357    7   0  23.74  1429  111.5  0.63 12.936 13.244  1.965  111 0.20  97   852
 613 1056081+024951    4   0  11.28   980  133.3  1.71 13.523 13.444  2.519  222 0.00   0   852
 626 1109011+093504    4   0  21.81  1444  122.7  1.64 13.431 13.366  2.855  148 0.00   0   852
 628 1109315+152342   39   0  13.04  1035  235.2  1.16 13.845 14.082  2.205  316 0.51  86   852
 630 1111046+284122    3   0 126.03  8776   31.0  0.16 11.213 11.552 -0.491    4 0.00   0   768
 638 1118326+231503    3   0  97.04  6658  162.0  0.87 13.398 13.638  1.710   23 0.00   0   778
 639 1120175+032333    5   0  24.72  1581  187.9  0.19 12.863 13.113  2.005   28 0.21 149   852
 642 1121524+201045    4   0  64.96  4329   87.1  0.87 12.859 12.976  1.158   35 0.00   0   781
 643 1122548+242439    3   0 110.98  7667   37.9  0.51 11.903 12.177  0.218   20 0.00   0   782
 646 1128440+090517    4   0  91.56  6270   67.7  0.46 12.359 12.320  0.462    8 0.00   0   790
 647 1128481+205054    3   0  91.95  6283   42.3  0.42 11.918 12.041  0.345   10 0.00   0   791
 649 1131203+281635    4   0 101.07  6944   65.9  1.18 12.750 12.947  0.925   30 0.00   0   794
 654 1136341+355427    4   0  28.54  1637  188.9  1.12 13.643 13.706  2.929   69 0.00   0   792
 658 1137298+215048    4   0 127.06  8822  177.4  0.71 13.390 13.494  1.165   21 0.00   0   801
 660 1139171+174020    7   0  52.13  3386   91.3  0.43 12.591 12.877  1.242   31 0.36 115   816
 662 1139551+255625    4   0  99.79  6845   32.2  1.31 12.172 12.343  0.527   38 0.00   0   804
 663 1141003+244623    3   0  55.82  3644   81.0  0.38 12.437 12.540  1.072   11 0.00   0   806
 664 1141375+154756    4   0  50.88  3298   55.3  0.21 11.856 12.522  1.086   61 0.00   0   816
 666 1142550+102506    7   0  89.97  6145  176.8  0.61 13.321 13.541  1.349   26 0.24  46   810
 667 1143406+263619    3   0 130.15  9047   57.0  1.42 12.703 12.671  0.400   24 0.00   0   809
 669 1144354+195845   42   0  95.31  6517  614.5  1.22 14.701 14.775  1.813   26 0.90 178   811
 670 1145301+330941    7   0 137.61  9602  296.5  0.89 13.936 14.137  1.470   23 0.50 160   812
 672 1150438+213215    3   0 115.02  7941   93.4  1.45 13.142 13.233  1.114   23 0.00   0   818
 675 1152071+260019    3   0  56.17  3662   76.9  1.53 12.995 13.004  1.921   39 0.00   0   824
 676 1152223+203720   10   0  97.03  6638  309.6  1.33 14.146 14.236  1.825   23 0.52  40   811
 678 1152390+233434    4   0  98.82  6767  288.6  0.92 13.923 14.128  2.183   23 0.00   0   827
 681 1156290+321457    6   0  49.96  3195   79.4  0.26 12.255 12.757  1.200   15 0.45  97   828
 682 1158115+251203    7   0  68.18  4538  186.1  0.41 13.195 13.192  1.310   11 0.75  97   829
 683 1158148+275053    4   0  53.38  3450  120.6  0.36 12.759 12.986  1.517   25 0.00   0   824
 689 1202294+043241    4   0  92.02  6303   91.5  1.18 13.035 12.996  1.187   20 0.00   0   832
 691 1204335+203232    6   0  96.47  6591  239.7  1.10 13.840 13.934  1.789   20 0.90   6   835
 692 1204351+015336   10   0  87.77  6004  300.3  1.07 14.024 13.878  1.485   17 0.95 115   834
 693 1205123+202433   12   0 105.99  7280  150.0  0.62 13.184 13.526  0.892   19 0.45  40   835
 694 1205504+175026    3   0  65.06  4319   53.6  0.20 11.790 12.110  0.904   15 0.00   0   816
 696 1208010+170526    3   0  97.95  6701   21.2  1.43 11.846 11.822  0.074   22 0.00   0   839
 698 1208240+251750   10   0  99.73  6824  235.1  1.27 13.886 14.018  1.756   21 0.71  11   840
 700 1209335+021723    3   0  18.98  1273   41.4  0.38 11.848 12.265  1.426   77 0.00   0   852
 702 1211340+285206    9   0  59.65  3906   84.1  0.49 12.580 13.219  1.315   42 0.45 149   843
 703 1215134+235403    4   0  97.39  6651  134.8  0.83 13.218 13.423  1.499   21 0.00   0   840
 706 1220426+254421    3   0 100.12  6847  155.4  1.17 13.491 13.391  1.492   17 0.00   0   855
 708 1222366+103518    3   0 112.87  7786  149.3  0.64 13.191 13.375  1.429   13 0.00   0   857
 716 1233065+074752  298   0  19.33  1353  648.7  2.95 15.134 15.257  2.212  442 0.46 166   852
 719 1242219+262350    3   0  70.61  4697  125.2  1.96 13.527 13.465  2.115   31 0.00   0   876
 723 1248131+270653    6   0 101.07  6905  335.6  1.84 14.356 14.281  2.103   33 0.50  80   890
 725 1249429+272747    3   0 112.75  7751  202.8  2.45 14.043 14.051  1.994   28 0.00   0   890
 730 1254365+265037    5   0  93.88  6381  126.6  2.20 13.588 13.475  1.549   26 0.99 149   890
 731 1255131+080732    3   0  43.41  2751   41.6  0.02 10.635 11.692  0.527    9 0.00   0   882
 734 1258510+275100   42   0 102.23  6986  628.2  1.70 14.866 14.955  1.855   39 0.52  52   890
 736 1300189+275907    3   0 123.90  8556  197.2  1.38 13.770 13.670  1.514   18 0.00   0   894
 741 1301290+290905    5   0 105.78  7243  150.1  0.72 13.250 13.160  0.971   10 0.68  40   890
 743 1301595+275520    3   0  81.27  5464   19.9  0.30 11.116 11.552 -0.178   15 0.00   0   890
 752 1308055+282103    3   0  92.46  6275  273.4  0.96 13.893 13.824  2.191   20 0.00   0   890
 754 1309504+004459    3   0  79.23  5382  218.5  0.52 13.431 13.827  2.315   27 0.00   0   908
 762 1314330+171034    3   0 100.64  6874  108.7  0.20 12.402 12.993  1.142   12 0.00   0   911
 765 1318158+304347    3   0 137.80  9563  218.5  1.11 13.765 13.765  1.620   18 0.00   0   917
 766 1318165+042705    3   0  90.82  6203   45.2  0.33 11.866 11.844  0.227    6 0.00   0   918
 783 1327564+321357    4   0 108.42  7432  190.8  2.72 14.036 14.102  2.047   45 0.00   0   946
 784 1329385+112743   10   0 100.40  6868  319.5  0.85 13.977 14.054  1.656   21 0.71 143   941
 787 1330069+312247    3   0 106.65  7302  122.0  1.13 13.267 13.127  1.200   15 0.00   0   946
 792 1332399+071617    3   0 100.68  6903  164.2  0.37 13.040 12.969  0.819    7 0.00   0   949
 794 1333570+092951    3   0 103.58  7103  139.7  1.35 13.459 13.337  1.497   15 0.00   0   947
 795 1334515+342250   12   0 108.52  7441  242.5  1.55 13.999 14.120  1.511   56 0.40 160   946
 796 1335079+134501    3   0 101.74  6957   96.9  0.48 12.698 12.695  0.611    7 0.00   0   950
 800 1337570+040657    9   0  99.58  6836  155.5  2.81 13.871 14.099  1.742   73 0.16  40   955
 805 1344118+035631    3   0 101.07  6943   19.1  0.61 11.387 11.466 -0.258   11 0.00   0   961
 809 1349565+333704    4   0  66.71  4398  161.4  0.44 13.096 13.141  1.613   18 0.00   0   964
 814 1353055+135644    6   0 101.33  6923  203.7  1.06 13.682 13.886  1.606   24 0.35 126   968
 815 1353095+024907    3   0  68.02  4564  174.7  1.63 13.735 13.777  2.499   34 0.00   0   971
 817 1354411+250024    7   0 131.57  9095  225.2  0.71 13.597 13.691  1.112   17 0.15  63   972
 820 1355550+050800    6   0  14.97  1118  209.0  0.42 13.304 13.247  2.128  133 0.14  69   852
 826 1358051+060133    4   0  64.47  4295   13.9  0.60 11.106 11.427 -0.157   37 0.00   0   977
 830 1401531+080606    3   0  71.62  4796  222.4  1.35 13.866 13.926  2.328   31 0.00   0   982
 831 1402455+091611   10   0  87.05  5902  260.5  0.75 13.748 13.889  1.699   14 0.80 178   984
 833 1403071+350334    6   0  59.56  3876  148.9  0.97 13.374 13.413  1.520   31 0.77  52   979
 834 1404163+093028    7   0 101.56  6950  192.0  0.99 13.604 13.942  1.715   38 0.56  92   998
 840 1409236+150427    4   0 113.76  7814   80.1  1.67 13.070 12.923  0.771   29 0.00   0   991
 842 1410490+354447    3   0 121.16  8360   65.6  2.37 13.049 12.947  0.794   26 0.00   0   995
 844 1410584+180605    5   0  77.86  5215  228.9  0.63 13.557 13.926  2.107   27 0.27  40   996
 845 1411318+010559    5   0 110.14  7608   80.5  1.64 13.066 13.012  0.958   23 0.55 178   997
 846 1412240+082501    8   0 104.55  7168  162.6  2.28 13.820 13.931  1.607   60 0.44 143   998
 849 1414304+152737    3   0  69.75  4636   59.4  0.34 12.114 12.529  1.138   19 0.00   0  1001
 850 1414435+030611    4   0 111.52  7695  349.1  0.53 13.849 13.844  1.728    9 0.00   0  1002
 854 1418400+245731    3   0  76.97  5141  131.2  0.68 13.107 13.052  1.312   14 0.00   0  1006
 855 1418450+072057    6   0 108.84  7481  259.9  0.93 13.837 13.977  1.554   21 0.26 143   998
 857 1421211+025118    7   0  24.88  1547  114.2  0.32 12.656 13.254  1.792   73 0.17 172   852
 860 1426596+045715    3   0 119.72  8273  177.5  0.63 13.335 13.647  1.325   21 0.00   0  1011
 861 1427509+111805    5   0 118.83  8185  203.9  0.76 13.539 13.634  1.362   11 0.62  40  1013
 862 1429350+285921    3   0  63.36  4153  225.3  0.69 13.583 13.667  2.159   19 0.00   0  1015
 864 1429543+254312    7   0  66.83  4406  249.3  0.58 13.599 14.124  2.304   26 0.42 115  1015
 873 1439496+021219   13   0  27.08  1679  133.2  1.42 13.442 13.635  1.736  113 0.59 160   852
 874 1441050+032010    5   0 115.48  7969  165.8  0.40 13.082 13.569  1.155   10 0.55 120  1029
 877 1446519+113448    4   0 130.29  9006  235.4  0.28 13.232 13.247  0.870    7 0.00   0  1032
 878 1447346+134122    3   0 123.59  8520  186.8  1.42 13.734 13.804  1.725   20 0.00   0  1035
 880 1453246+033234    5   0  25.56  1577   84.0  0.15 12.053 12.354  1.096   15 0.33   6   852
 881 1453419+043136    3   0 123.04  8504  177.8  2.03 13.847 13.758  1.445   17 0.00   0  1039
 886 1504406+015656   11   0  25.24  1577  256.4  0.63 13.656 13.765  1.855   67 0.51  69   852
 898 1534504+153007    4   0  31.68  1915   90.7  0.07 11.810 12.865  1.641   71 0.00   0  1079
 899 1536558+120100    4   0  31.56  1923   79.0  0.44 12.481 12.620  1.541   33 0.00   0  1079
 902 1539090+205402    3   0  67.60  4474   71.4  1.91 13.029 12.991  1.506   36 0.00   0  1084
 907 1549510+184958    3   0  61.33  4027  182.7  0.77 13.450 13.401  1.969   18 0.00   0  1097
 920 1602069+210536    9   0  67.65  4483  180.3  0.62 13.347 13.841  1.877   57 0.59  74  1106
 923 1605180+034933    3   0  83.35  5640  154.0  0.40 13.012 13.350  1.614   24 0.00   0  1113
 926 1612215+140452    3   0 133.25  9238  127.6  2.78 13.695 13.581  1.159   29 0.00   0  1118
 930 1617546+350045    3   0 127.95  8895   65.6  1.15 12.733 12.711  0.580   15 0.00   0  1123
