232364          1323363+111420   39  15 175     0  13018-99      0   0    0   0     00 0  0  0    0  9  0
233630          1323387+120036   30  30 188   170      0-98     63 21511631  57  A50J875  0  0    0  8  0
233798          1323387+120036   30  20 188   300      0  0     59 21211631  57  A50J875  0  0    0  8  0
232365          1323388+112608   16   9 185     0  14122-99      0   0    0   0     00 0  0  0    0  9  0
230298 072-059  1323418+130718   55  55 157   160  15505-99      0   0    0   0     00 0  0  0    0  9  0
233788          1323436+113342   28  21 175     0  18309-98      0   0    0   0     00 0  0  0    0  8  0
713353          1323532+103402   22   6 166     0  16342-98      0   0    0   0     00 0  0  0    0  8  0
232366          1323553+115813   27  21 169     0   7304-99      0   0    0   0     00 0  0  0    0  9  0
230301 072-063  1323574+120233   30  20 156   500  11712-98      0   0    0   0     00 0  0  0    0  9  0
233730          1324054+120438   15  10 183   400      0-98      0   0    0   0     J275  0  0    0  8  0
713359          1324092+104126   21  13 164     0  12035-98      0   0    0   0     00 0  0  0    0  8  0
713360          1324096+103354   28  16 173     0  13453-98      0   0    0   0     00 0  0  0    0  8  0
232367          1324127+112141   36  16 170     0  14245-99      0   0    0   0     00 0  0  0    0  9  0
232368          1324186+115848   43  10 180   150  11737-99     84 22511759 206  A50J875  0  0    0  9  0
233732          1324231+120013   17  10 196   170      0-98      0   0    0   0     J275  0  0    0  8  0
232369          1324317+114613   34  16 172     0   6922-99     95 204 6916 196  A50J875  0  0    0  9  0
713371          1324334+103907   19  11 169     0  16412-98      0   0    0   0     00 0  0  0    0  8  0
232495          1324384+120840   32  25 167     0   7270-99      0   0    0   0     00 0  0  0    0  9  0
232496          1324534+121124   37  12 176     0  13900-99    115 19613936 371  A50J875  0  0    0  9  0
232370          1324573+113909   26  25 172     0  14009-99      0   0    0   0     00 0  0  0    0  9  0
232497          1325000+122449   22  11 178     0  13894-99     69 23013925 240  A50J875  0  0    0  9  0
232283          1325023+105711   36  20 170     0  17566-99      0   0    0   0     00 0  0  0    0  9  0
232284          1325090+110007   27  18 173     0  17461-99      0   0    0   0     00 0  0  0    0  9  0
231943          1325154+131633   27  16 171     0   6549-99     71 169 6478 214  A50J875  0  0    0  9  0
232593          1325210+130810   40  31 173     0   6874-99      0   0    0   0     00 0  0  0    0  9  0
232498          1325289+122903   46  44 158     0   7272-99      0   0    0   0     00 0  0  0    0  9  0
230320 072-072  1325312+114930   50  25 157   141  11740 -1    204  8711831 418  F500165  0  0    0  9  0
232499          1325379+123741   26  17 173     0  17245-99      0   0    0   0     00 0  0  0    0  9  0
232371          1325390+113749   37  20 171     0  11965-99      0   0    0   0     00 0  0  0    0  9  0
232372          1325403+113338   30  25 169     0  12843-99     46 22212833 128  A50J875  0  0    0  9  0
713397          1325424+101736   17   9 169     0  11987-98      0   0    0   0     00 0  0  0    0  8  0
232373          1325504+114055   52  42 161     0  11941-99      0   0    0   0     00 0  0  0    0  9  0
232594          1325586+130831   33  23 170     0  11699-99      0   0    0   0     00 0  0  0    0  9  0
232374          1326220+115821   31  17 178     0   6726-99      0   0    0   0     00 0  0  0    0  9  0
232500          1326222+123633   46  43 158     0   6339-99      0   0    0   0     00 0  0  0    0  9  0
232285          1326224+105807   18  13 180   600  17666-99     71 37117675  66  A50J875  0  0    0  9  0
232375          1326280+111534   28  12 175     0  13504-99      0   0    0   0     00 0  0  0    0  9  0
230337 I 889    1326376+115219   33  33 155    10  13823 -1      0   0    0   0     00 0  0  0    0  0  0
232376          1326405+114455   22  18 171     0  11782-99      0   0    0   0     00 0  0  0    0  9  0
232501          1326412+125052   55  14 172     0   7011-99      0   0    0   0     00 0  0  0    0  9  0
233767 HIdet    1326435+130105    0   0   0     0      0  0    134 22113720 382  A50J875  0  0    0  0  0
233801A         1326497+103330   20  15 170   300  12038-98     81 23212177 167  A50J875  0  0    0  8  0
233789B         1326500+103335   25  10 169   300  12038-98      0   0    0   0     00 0  0  0    0  8  0
232377          1326511+120212   26  23 177     0   6952-99      0   0    0   0     00 0  0  0    0  9  0
713410          1326526+104443   31   7 164     0  14493-98      0   0    0   0     00 0  0  0    0  8  0
230339 072-075  1326541+113345   55  30 154   141   6834 -1      0  50 6800   0     0064  0  0    0  0  0
232378          1327190+115915   46  31 167     0  12068-99      0   0    0   0     00 0  0  0    0  9  0
230344 072-077  1327221+122127   77  20 157   300   6457  0     50  40 6457 410  P200131  0  0    0  0  0
232218          1327252+115301   58  19 168     0   7183-99     71 201 7068 324  A50J875  0  0    0  8  0
232219          1327259+115049   38  33 168     0   6801-99      0   0    0   0     00 0  0  0    0  9  0
713416          1327269+103330   16   7 162     0  11874-98      0   0    0   0     00 0  0  0    0  8  0
232379          1327275+111421   23  13 180     0  17975-99      0   0    0   0     00 0  0  0    0  9  0
232380          1327336+114349   42  28 173     0   4243-99    120 224 4228  88  A50J875  0  0    0  9  0
713419          1327401+103359   20   7 174     0  11994-98      0   0    0   0     00 0  0  0    0  8  0
232381          1327412+112027   27  15 178     0   6777-99      0   0    0   0     00 0  0  0    0  9  0
232286          1327462+105205   18  16 178     0   9423-99      0   0    0   0     00 0  0  0    0  9  0
232502          1327506+122712   17  15 179     0   6530-99      0   0    0   0     00 0  0  0    0  9  0
232382          1327574+115231   50  20 167     0   6619-99      0   0    0   0     00 0  0  0    0  9  0
232383          1328048+114137   40  32 165     0   6881-99      0   0    0   0     00 0  0  0    0  9  0
232287          1328092+105817   26  20 173     0   7179-99      0   0    0   0     00 0  0  0    0  9  0
232220          1328099+112637   36  22 175     0   6580-99      0   0    0   0     00 0  0  0    0  9  0
232288          1328110+105339   44  35 163     0  16874-99      0   0    0   0     00 0  0  0    0  9  0
232503          1328130+124214   46  16 170     0   6877-99      0   0    0   0     00 0  0  0    0  9  0
232289          1328199+105504   91  31 161     0   6812-99      0   0    0   0     00 0  0  0    0  9  0
232504          1328202+124544   60  11 176     0   7423-99    115 207 7414 172  A50J875  0  0    0  9  0
233634          1328227+131520   34  19 172   300   7421-98     69 152 7430 208  A50J875  0  0    0  8  0
232221          1328228+112651   29  22 174     0   7054-99      0   0    0   0     00 0  0  0    0  9  0
232384          1328249+114725   36  21 164     0   6192-99      0   0    0   0     00 0  0  0    0  9  0
232385          1328281+115951   41  35 165     0  13758-99     66 22713750 144  A50J875  0  0    0  9  0
232596          1328304+130628   43  36 160     0   7399-99     65 222 7353 148  A50J875  0  0    0  9  0
232505          1328318+125040   50  18 171     0   6987-99      0   0    0   0     00 0  0  0    0  9  0
232506          1328319+122638   40  37 163     0   6929-99      0   0    0   0     00 0  0  0    0  9  0
232507          1328358+120356   46  25 164     0   6943-99     93 268 7040 260  A50J875  0  0    0  9  0
230350 N5165    1328388+112328  110  60 146    10   6884  0      0   0    0   0     00 0  0  0    0  0  0
232386          1328400+115936   45  23 162     0   7009-99      0   0    0   0     00 0  0  0    0  9  0
230351 N5167    1328401+124239   60  55 147   151   7540 -1    175  80 7516 227  F500165  0  0    0  9  0
230352A072-079a 1328422+113703   66  20 158   100   7312 -1      0   0    0   0     00 0  0  0    0  0  0
232387          1328426+113432   22  17 179     0   7326-99      0   0    0   0     00 0  0  0    0  9  0
230353B072-079b 1328444+113736   10  10 175   900      0  0      0   0    0   0     0965  0  0    0  0  0
232508          1328465+122300   26  20 174     0  13832-99      0   0    0   0     00 0  0  0    0  9  0
233559          1328473+105741   40  30 180   200      0  0     42 229 1092  36  A50J875  0  0    0  5  0
232222          1328486+110157   38  28 169   300   6152-99      0   0    0   0     00 0  0  0    0  9  0
233820          1328492+102254   46  18 173   300   6879-98    163 218 6877 283  A50J875  0  0    0  8  0
232388          1328498+113041   19  16 179     0   7148-99      0   0    0   0     00 0  0  0    0  9  0
232389          1328499+112012   34  22 172     0   6662-99      0   0    0   0     00 0  0  0    0  9  0
233558          1328511+110621   33  18 176   300      0-99      0   0    0   0     00 0  0  0    0  9  0
232390          1328518+111503   40   9 180     0  14261-99      0   0    0   0     00 0  0  0    0  9  0
232391          1328522+110549   70  23 160   150   4273-99    126 215 4262 218  A50J875  0  0    0  9  0
232392          1328523+114521   41  35 170     0   7157-99    137 213 7151 204  A50J875  0  0    0  9  0
232393          1328542+113835   27  18 177     0  12544-99      0   0    0   0     00 0  0  0    0  9  0
232223          1328560+105242    0   0 165     0   6999-99      0   0    0   0     00 0  0  0    0  9  0
230355 072-082  1328578+121213   33  22 156   900  13465 -1      0   0    0   0     00 0  0  0    0  0  0
233869          1328589+121053   36  30 167     0  13144-99      0   0    0   0     00 0  0  0    0  9  0
232394          1328597+113230   19  15 180     0   6379-99      0   0    0   0     00 0  0  0    0  9  0
232290          1329024+105456   45   9 181   160   7118-99      0   0    0   0     00 0  0  0    0  9  0
230356 072-083  1329042+121416   55  15 157   300   7246  0    160  50 7246 429  P200131  0  0    0  9  0
231157 f97      1329045+111358   30  20   0   110  17879-99      0   0    0   0     00 0  8 53    0  9  0
232395          1329051+114505   20  18 181     0   7219-99      0   0    0   0     00 0  0  0    0  9  0
232396          1329067+112944   37  21 172     0   6778-99      0   0    0   0     00 0  0  0    0  9  0
232509          1329100+124608   29  18 177   300   7048-99    101 205 7127 345  A50J875  0  0    0  9  0
232397          1329104+112226   25  12 184     0   6738-99      0   0    0   0     00 0  0  0    0  9  0
230358 072-085  1329133+115612   50  15 157   100   7111  0      0   0    0   0     00 0  0  0    0  9  0
  8472 072-084  1329136+111633  100  30 153   100   6552  0      0   0    0   0     00 0  0  0   45  6  0
232398          1329148+113560   36  14 172     0   6701-99      0   0    0   0     00 0  0  0    0  9  0
232510          1329162+124205   25  15 174     0  13758-99    106 20713796 200  A50J875  0  0    0  9  0
232511          1329165+122922   26  20 179     0   7335-99      0   0    0   0     00 0  0  0    0  9  0
230359 072-086  1329167+111216   44  44 154   110   7033  0      0   0    0   0     0065  8 60    0  0  0
232399          1329168+113150   59  17 172     0   7273-99      0   0    0   0     00 0  0  0    0  9  0
232400          1329188+115226   27  15 181     0   6688-99      0   0    0   0     00 0  0  0    0  9  0
232512          1329188+123937   20  14 181     0   7477-99      0   0    0   0     00 0  0  0    0  9  0
231368          1329203+115457   35  30 168     0   6254-99      0   0    0   0     00 0  0  0    0  9  0
238670          1329207+114424   59  33 161   100   7026-98      0   0    0   0     00 0  0  0    0  8  0
232401          1329211+112012   54  43 154   110  14307-99    112 24314295 329  A50J875  0  0    0  9  0
  8476 N5171    1329215+114405  110  80 147    15   6878 27      0   0    0   0     00 0  0  0   10  6  0
232402          1329230+113405   53  17 163     0   6460-99      0   0    0   0     00 0  0  0    0  9  0
230361 072-088  1329233+113925   50  20 157   120   7410 -1      0   0    0   0     0065  0  0    0  9  0
713440          1329243+114749   62  20 143     0   6467-98      0   0    0   0     00 0  0  0    0  8  0
232010          1329246+114336    0   0   0     0   7432-99      0   0    0   0     00 0  0  0    0  0  0
230364 072-091  1329250+114819   30  30 154    10   6511 -1      0   0    0   0     00 0  0  0    0  0  0
230363 N5176    1329250+114658   50  20 154   300   7099 -1      0   0    0   0     00 0  0  0    0  0  0
232403          1329253+120240   40  36 164     0   6868-99      0   0    0   0     00 0  0  0    0  9  0
230365 072-095  1329257+115436   90  40 156   120   6720-99      0   0    0   0     0065  0  0    0  9  0
  8475 N5174    1329258+110028  370 200 137   160   6779 27   1621 366 6826 597  F501163  1 90  160  6  4
233870          1329284+113919   33  17 172     0   7476-99      0   0    0   0     00 0  0  0    0  9  0
  8478 N5178    1329294+113729  110  70 150   110   6304 -1      0   0    0   0     00 0  0  0   95  6  0
230366 N5179    1329308+114444   50  33 149    15   7721-99     35 227 7710  49  A50J875  0  0    0  9  0
232513          1329320+130034   30  19 174     0   7942-99    100 194 7871 160  A50J875  0  0    0  9  0
231920          1329341+113809   49  21 170     0   6488-99      0   0    0   0     00 0  0  0    0  9  0
230367 072-096  1329355+114150   35  30 157   900   6548-99     48  86 6544  79  F500165  0  0    0  9  0
232404          1329362+113216   37  20 172     0  14207-99      0   0    0   0     00 0  0  0    0  9  0
232224          1329364+114850   50  24 169     0   7915-99      0   0    0   0     00 0  0  0    0  9  0
233871          1329365+113624   21  19 180     0   6679-99      0   0    0   0     00 0  0  0    0  9  0
232405          1329369+112743   23  20 181     0   6318-99      0   0    0   0     00 0  0  0    0  9  0
232406          1329396+111612   29  14 179     0   6469-99      0   0    0   0     00 0  0  0    0  9  0
232514          1329400+123909   29  17 169     0  13542-99      0   0    0   0     00 0  0  0    0  9  0
233872          1329404+114106   32  24 169     0  12639-99      0   0    0   0     00 0  0  0    0  9  0
232515          1329415+121816   33  27 170     0  13574-99      0   0    0   0     00 0  0  0    0  9  0
230369 072-100  1329429+121124   44  15 157   140  12213 -1    147 21112198 354  A50J875  0  0    0  8  0
230373 072-101  1329500+122101   66  22 156   110   6310  0      0   0    0   0     00 0  0  0    0  0  0
232407          1329506+112100   53  15 175     0   6749-99     94 210 6740 256  A50J875  0  0    0  9  0
232516          1329562+121916   28  18 173     0  13344-99      0   0    0   0     00 0  0  0    0  9  0
  8486 072-102  1329568+110419  120  50 156   160   6711-27    159 111 6728 263  F500157  8 91  155  6  5
232517          1329578+121939   31  26 174     0  13403-99      0   0    0   0     00 0  0  0    0  9  0
232518          1329591+121534   46  18 165     0  13966-99      0   0    0   0     00 0  0  0    0  9  0
232519          1330032+125605   27  12 178     0   6948-99      0   0    0   0     00 0  0  0    0  9  0
230378 N5186    1330038+121031   66  66 156   160  13452-99    118  6613414 184  F500165  0  0    0  9  0
231159 f97      1330091+110422   30  15   0   300      0  0      0   0    0   0     00 0  8 53    0  5  0
231160 f97      1330093+110332   20  20   0   200      0  0      0   0    0   0     00 0  8 53    0  5  0
232520          1330096+121908   37  35 162     0  13720-99      0   0    0   0     00 0  0  0    0  9  0
232291          1330096+105724   31  12 185     0   7257-99      0   0    0   0     00 0  0  0    0  9  0
233873          1330138+113238   46  26 173     0   6669-99      0   0    0   0     00 0  0  0    0  9  0
233636          1330152+125032   19  14 191   170      0-99    124 235 7710 267  A50J875  0  0    0  8  0
232521          1330165+120520   18  13 182     0  17708-99      0   0    0   0     00 0  0  0    0  9  0
230379 072-105  1330191+113118   55  55 155   110  11367 -1      0   0    0   0     00 0  0  0    0  0  0
713452          1330192+113042   56  43 140     0  11329-98      0   0    0   0     00 0  0  0    0  8  0
233637          1330213+122901   20  20 210   400      0  0     49 202 7197  51  A50J875  0  0    0  8  0
231158 f97      1330249+111252   34  23 168   300  17779-99      0   0    0   0     00 0  8 53    0  9  0
232522          1330251+122451   23  23 178     0   7306-99      0   0    0   0     00 0  0  0    0  9  0
713453          1330256+131148   35  27 161     0   7360-98      0   0    0   0     00 0  0  0    0  8  0
232523          1330276+124857   24  18 173     0  14057-99      0   0    0   0     00 0  0  0    0  9  0
230994 MK1350   1330312+123109    0   0 165     0  13014-98      0   0    0   0     00 0  0  0    0  0  0
232597          1330355+130350   27  11 182     0   7254-99      0   0    0   0     00 0  0  0    0  9  0
230380 073-002  1330399+113541   70  20 156   160   7274-99    105 229 7244 303  A50J875  0  0    0  9  0
713457          1330400+130906   26  11 175     0  13729-98      0   0    0   0     00 0  0  0    0  8  0
230381 N5191    1330474+111206   90  50 149    10   6541 -1      0   0    0   0     00 0  0  0    0  0  0
232408          1330481+110355   23  22 173     0  16730-99     51 24616733  74  A50J875  0  0    0  9  0
232524          1330485+121628   21  11 180     0   7672-99      0   0    0   0     00 0  0  0    0  9  0
233738          1330499+114946   15  10 192   170      0-98      0   0    0   0     J275  0  0    0  8  0
230382 073-004  1330516+105621   55  22 156   100   6426-99      0   0    0   0     00 0  0  0    0  9  0
232525          1330523+120549   36  34 165     0  14028-99     91 23114071 250  A50J875  0  0    0  9  0
230383 073-005  1330586+111319   66  55 157   160      0  0      0   0    0   0     0065  0  0    0  0  0
232526          1330598+123546   37  20 169     0  13970-99    108 22514140 455  A50J875  0  0    0  9  0
232280          1331001+112918   58  11 174   300  11070-99      0   0    0   0     00 0  0  0    0  9  0
232279          1331001+113137   23  20 168   500   6768-99      0   0    0   0     00 0  0  0    0  9  0
230384 073-006  1331025+112159   30  22 155    10   6720 -1      0   0    0   0     00 0  0  0    0  0  0
232292          1331038+110136   37  19 171     0   7298-99     49 200 7335  28  A50J875  0  0    0  9  0
230386 073-007  1331097+112603   50  45 155   110  17896 -1      0   0    0   0     00 0  0  0    0  0  0
232409          1331102+114959   51  24 172     0   7509-99      0   0    0   0     00 0  0  0    0  9  0
232527          1331160+123042   34  17 169     0  13894-99      0   0    0   0     00 0  0  0    0  9  0
713463          1331177+104052   29   8 167     0   6969-98      0   0    0   0     00 0  0  0    0  8  0
713464          1331193+131238   15   5 177     0  13114-98      0   0    0   0     00 0  0  0    0  8  0
230389 073-011  1331219+104333   66  22 155   120   6345  0    183 122 6304 271  F500165  0  0    0  9  0
232293          1331233+105330   25  20 177     0  17194-99      0   0    0   0     00 0  0  0    0  9  0
232225          1331259+110219   31  24 171     0   6594-99      0   0    0   0     00 0  0  0    0  9  0
713465          1331279+102547   21  17 168     0  16234-98      0   0    0   0     00 0  0  0    0  8  0
232528          1331286+121825   28  20 173     0  13844-99      0   0    0   0     00 0  0  0    0  9  0
232410          1331311+115817   22  19 174     0   8042-99      0   0    0   0     00 0  0  0    0  9  0
232411          1331339+113145   20  10 180     0  17865-99      0   0    0   0     00 0  0  0    0  9  0
232529          1331366+123101   34  17 175     0  12287-99      0   0    0   0     00 0  0  0    0  9  0
232530          1331403+123728   40  24 171     0  14095-99     81 20414042 242  A50J875  0  0    0  8  0
713471          1331448+102649   31  13 159     0  16309-98      0   0    0   0     00 0  0  0    0  8  0
  8515 073-013  1331510+111501  110  15 151   130   6944 -1      0  88 6945   0     0064  0  0    3  6  0
232531          1331516+124833   17  14 181     0  12960-99      0   0    0   0     00 0  0  0    0  9  0
232412          1331545+114824   39  31 174     0   7007-99     46 199 6965  48  A50J875  0  0    0  9  0
713474          1332039+102537   11   6 181     0  11936-98      0   0    0   0     00 0  0  0    0  8  0
230400 073-016  1332049+130947   33  33 153   900  13248 -1     96 20613261 164  A50J875  0  0    0  8  0
232532          1332062+124535   28  18 172     0   7998-99      0   0    0   0     00 0  0  0    0  9  0
230401 073-015  1332080+102619   39  20 156   160  16343-98     36  7311973 124  F500165  0  0    0  9  0
232294          1332118+105209   29  23 173     0  17571-99      0   0    0   0     00 0  0  0    0  9  0
233805          1332118+102255   30  30 200   400      0-98     37 238 6612  78  A50J875  0  0    0  8  0
230403 073-017  1332144+102429   77  70 153   300   7318  0    265 127 7298 160  F500165  0  0    0  9  0
232413          1332169+111152   79  11 171     0   9550-99    125 224 9546 269  A50J875  0  0    0  9  0
238611          1332189+102717   20  15 185   400      0-98     69 21611962 106  A50J875  0  0    0  8  0
713480          1332201+103556   17  16 173     0  16274-98      0   0    0   0     00 0  0  0    0  8  0
230405 MK 789   1332239+110620   34  22 145    10   9590  5      0  49 9400   0     00-1  0  0    0  0  0
232533          1332268+121814   44  19 167     0  11840-99      0   0    0   0     00 0  0  0    0  9  0
230407 073-019  1332297+124903   50  40 154    10   7532 37    154 220 7521 145  A50J875  0  0    0  8  0
232295          1332303+105327   37  32 164     0  17350-99      0   0    0   0     00 0  0  0    0  9  0
230409 073-020  1332363+113541   22  22 156   500   6779 -1      0   0    0   0     00 0  0  0    0  0  0
232534          1332366+125029   13   9 182     0  13068-99      0   0    0   0     00 0  0  0    0  9  0
230998 MK 791   1332411+103025    0   0 170     0      0-26      0   0    0   0     00 0  0  0    0  0  0
232535          1332502+124607   52  46 160     0  13071-99      0   0    0   0     00 0  0  0    0  9  0
232536          1332559+125433   71  17 163     0  12983-99      0   0    0   0     00 0  0  0    0  9  0
233874          1333015+120307   20  12 182     0   7517-99      0   0    0   0     00 0  0  0    0  9  0
232414          1333045+110433   37  14 179   300   8286-99      0   0    0   0     J275  0  0    0  9  0
713489          1333153+130700   17   6 177     0  13053-98      0   0    0   0     00 0  0  0    0  8  0
713490          1333161+131446   21   8 170     0  12957-98      0   0    0   0     00 0  0  0    0  8  0
230417 073-025  1333188+110701   30  30 156   110   7569-99    171 215 7612 132  A50J875  0  0    0  9  0
232415          1333189+112438   45  19 172     0  17525-99      0   0    0   0     00 0  0  0    0  9  0
233808          1333197+111637   35  18 177   300  12473-98     99 21812457 177  A50J875  0  0    0  8  0
713494          1333216+131605   27  17 165     0  12768-98      0   0    0   0     00 0  0  0    0  8  0
232537          1333230+123504   44  26 164     0  16215-99      0   0    0   0     00 0  0  0    0  9  0
233875          1333249+110402   26  12 177     0  16479-99      0   0    0   0     00 0  0  0    0  9  0
713496          1333252+131054   22  14 173     0  13387-98      0   0    0   0     00 0  0  0    0  8  0
713497          1333264+131224   18  10 168     0  12458-98      0   0    0   0     00 0  0  0    0  8  0
232538          1333287+125251   31  23 171     0  12640-99      0   0    0   0     J275  0  0    0  8  0
232539          1333302+130048   56  10 174     0  16212-99      0   0    0   0     00 0  0  0    0  9  0
232540          1333357+125847   25  21 180     0  13230-99      0   0    0   0     00 0  0  0    0  9  0
230420 073-026  1333383+131411   30  30 155   500  12925  0      0   0    0   0     00 0  0  0    0  0  0
230421 073-027  1333439+112704   35  22 155   900  12503  0      0   0    0   0     00 0  0  0    0  0  0
713504          1333440+131442   19  15 170     0  12942-98      0   0    0   0     00 0  0  0    0  8  0
238617          1333477+102413   26  11 188   300      0-99      0   0    0   0     00 0  0  0    0  9  0
713506          1333511+103351   17  11 170     0  17066-98      0   0    0   0     00 0  0  0    0  8  0
230422A073-028a 1333521+131624   33  18 163   160      0  0      0   0    0   0     J275  0  0    0  8  0
713508          1333528+103844   33  11 172     0  17017-98      0   0    0   0     00 0  0  0    0  8  0
230423B073-028b 1333534+131620   33  15 163   160      0  0      0   0    0   0     00 0  0  0    0  0  0
713509          1333548+131619   31  12 160     0  13184-98      0   0    0   0     00 0  0  0    0  8  0
713510          1333558+131000   17  14 177     0  12872-98      0   0    0   0     00 0  0  0    0  8  0
233876          1333567+112913   51  11 177     0  11277-99      0   0    0   0     00 0  0  0    0  9  0
713512          1334021+130608   28  13 155     0  13121-98      0   0    0   0     00 0  0  0    0  8  0
713513          1334025+103453   11   5 173     0  12278-98      0   0    0   0     00 0  0  0    0  8  0
230427 073-032  1334094+131651   33  22 154   900  13017  0    136 16713182 422  A50J875  0  0    0  8  0
713520          1334099+103629   17   7 174     0  12324-98      0   0    0   0     00 0  0  0    0  8  0
230426 I 898    1334102+130947   44  44 156   141  12978-98    146 18012999 275  A50J875  0  0    0  8  0
230430 073-030  1334168+103912   66  12 156   151      0  0      0   0    0   0     00 0  0  0    0  0  0
230431 073-033  1334219+103357   33  20 157   900   9694-98    141 207 9714 121  A50J875  0  0    0  0  0
233878          1334235+114703   29  25 178     0  17769-99      0   0    0   0     00 0  0  0    0  9  0
232416          1334244+110904   28  19 167     0  16312-99      0   0    0   0     00 0  0  0    0  9  0
233879          1334264+114206   20  16 178     0  16652-99      0   0    0   0     00 0  0  0    0  9  0
232417          1334293+110901   27  21 173     0  16563-99      0   0    0   0     00 0  0  0    0  9  0
233880          1334300+114850   36  19 166     0  17720-99      0   0    0   0     00 0  0  0    0  9  0
232541          1334329+130125   19  14 180     0   7540-99      0   0    0   0     00 0  0  0    0  9  0
230438 073-038  1334464+112853   55  55 157   160  16420-99    126 22616395  74  A50J875  0  0    0  9  0
233810          1334566+105144   42  35 171   300   9647-98    123 176 9660 144  A50J875  0  0    0  8  0
232418          1335014+113840   44  31 162     0  16497-99      0   0    0   0     00 0  0  0    0  9  0
233882          1335048+121802   31  14 171     0  15596-99      0   0    0   0     00 0  0  0    0  9  0
713528          1335057+103020   15  11 170     0  16105-98      0   0    0   0     00 0  0  0    0  8  0
232419          1335081+113359   21  10 184     0  16502-99      0   0    0   0     00 0  0  0    0  9  0
713530          1335103+103715   19  14 164     0  11800-98      0   0    0   0     00 0  0  0    0  8  0
233883          1335137+104003   30  12 177     0  11722-99      0   0    0   0     00 0  0  0    0  9  0
  8562 073-041  1335144+104109  100  80 152   900  11802 37      0   0    0   0     00 0  0  0    0  6  0
  8563 073-042  1335149+104130  100  80 149   900  11400  5      0   0    0   0     00 0  0  0    0  6  0
232542          1335239+122208   17  14 182     0  15686-99      0   0    0   0     00 0  0  0    0  9  0
232420          1335286+112837   19  13 179     0  12497-99      0   0    0   0     00 0  0  0    0  9  0
