DISCLAIMER:     CAVEAT EMPTOR
  Before you do anything with this file, check for errors in it.
  If you find any, please tell Martha about them so she can fix up the
        master file for the whole ALFALFA team.
  ALFALFA is the sum of all its participants. CONTRIBUTE!
  And have fun! (otherwise, why bother?)   --- Thanks!
                                     The rest of the ALFALFA team
------------------------------------------------------------------------------
See the full catalog for column descriptions.
Note: this file contains all objects in the ALFALFA target region.
      Data not yet available for all of them!
 92 HCG 92  22 36 00.5 +33 57 57  5  12.0   0.0215  4   2.59 
 93 HCG 93  23 15 24.2 +18 58 59  5  12.0   0.0168  4   2.32 
 94 HCG 94  23 17 16.5 +18 43 11  7  13.1   0.0417  7   2.68 
 95 HCG 95  23 19 31.8 +09 29 31  4  13.1   0.0396  4   2.49 
 96 HCG 96  23 27 58.3 +08 46 27  4  12.0   0.0292  4   2.12 
 98 HCG 98  23 54 12.8 +00 22 24  4  12.2   0.0266  3   2.08 
 99 HCG 99  00 00 43.7 +28 23 20  4  13.0   0.0290  5   2.65 
100 HCG 100 00 01 20.8 +13 07 57  4  12.1   0.0178  3   2.15
 99 HCG 99  00 00 43.7 +28 23 20  4  13.0   0.0290  5   2.42 
100 HCG 100 00 01 20.8 +13 07 57  4  12.1   0.0178  3   1.95 
  1 HCG 1   00 26 00.2 +25 43 05  4  13.8   0.0339  4   1.93 
  2 HCG 2   00 31 30.0 +08 25 53  4  12.9   0.0144  3   1.74 
  5 HCG 5   00 38 54.1 +07 03 49  4  13.3   0.0410  3   2.17 
  7 HCG 7   00 39 23.9 +00 52 41  4  12.1   0.0141  4   1.95 
  8 HCG 8   00 49 36.8 +23 34 51  4  13.2   0.0545  4   2.65 
 10 HCG 10  01 26 07.4 +34 41 27  4  10.9   0.0161  4   2.32 
 15 HCG 15  02 07 39.0 +02 08 18  6  13.3   0.0228  6   2.63 
 17 HCG 17  02 14 06.3 +13 18 48  5  15.0   0.0603  5   2.12 
 18 HCG 18  02 39 06.8 +18 22 59  4  13.4   
 20 HCG 20  02 44 15.0 +26 06 11  6  14.5   0.0484  5   2.44 
 36 HCG 36  09 09 23.7 +15 47 44  4  12.9   
 37 HCG 37  09 13 35.7 +30 00 51  5  12.1   0.0223  5   2.60 
 38 HCG 38  09 27 38.9 +12 16 51  4  13.8   0.0292  3   1.11 
 44 HCG 44  10 18 00.5 +21 48 44  4  10.0   0.0046  4   2.13 
 46 HCG 46  10 22 01.8 +17 48 54  4  13.8   0.0270  4   2.51 
 47 HCG 47  10 25 48.4 +13 43 54  4  12.9   0.0317  4   1.63 
 51 HCG 51  11 22 20.9 +24 17 35  6  12.6   0.0258  5   2.38 
 52 HCG 52  11 26 18.7 +21 05 21  4  13.4   0.0430  3   2.26 
 53 HCG 53  11 28 58.3 +20 46 35  4  12.2   0.0206  3   1.91 
 54 HCG 54  11 29 15.3 +20 34 43  4  15.0   0.0049  4   2.05 
 57 HCG 57  11 37 50.5 +21 59 06  8  12.6   0.0304  7   2.43 
 58 HCG 58  11 42 11.8 +10 19 01  5  13.5   0.0207  5   2.21 
 59 HCG 59  11 48 25.6 +12 43 34  5  13.5   0.0135  4   2.28 
 61 HCG 61  12 12 23.9 +29 10 40  4  11.1   0.0130  3   1.94 
 69 HCG 69  13 55 30.7 +25 03 46  4  13.1   0.0294  4   2.35 
 70 HCG 70  14 04 13.2 +33 19 40  6  13.2   0.0636  4   2.16 
 71 HCG 71  14 11 04.6 +25 29 06  4  13.3   0.0301  3   2.62 
 72 HCG 72  14 47 55.3 +19 03 34  5  13.2   0.0421  4   2.42 
 73 HCG 73  15 02 40.1 +23 21 13  5  13.0   0.0449  3   2.09 
 74 HCG 74  15 19 28.3 +20 53 37  5  12.9   0.0399  5   2.50 
 75 HCG 75  15 21 33.8 +21 11 00  6  13.5   0.0416  6   2.47 
 76 HCG 76  15 31 41.9 +07 18 29  5  13.6   0.0340  7   2.39 
 77 HCG 77  15 49 17.2 +21 49 42  4  14.8   
 79 HCG 79  15 59 12.9 +20 45 06  5  12.6   0.0145  4   2.14 
 81 HCG 81  16 18 13.0 +12 47 39  4  14.5   0.0499  4   2.25 
 82 HCG 82  16 28 22.1 +32 49 25  4  13.1   0.0362  4   2.79 
