DISCLAIMER:     CAVEAT EMPTOR
  Before you do anything with this file, check for errors in it.
  If you find any, please tell Martha about them so she can fix up the
        master file for the whole ALFALFA team.
  ALFALFA is the sum of all its participants. CONTRIBUTE!
  And have fun! (otherwise, why bother?)   --- Thanks!
                                     The rest of the ALFALFA team
------------------------------------------------------------------------------
This file retrieved and sorted from the HESEARC server
   http://heasarc.gsfc.nasa.gov/W3Browse/all/wbl.html
on 08Jan19 by martha
Not all columns included; look at the above web page.
name    ra   dec       richness redshift num_galaxy_redshifts zwicky_cluster rad_zwicky_cluster abell_cluster cfa_group hcg_group yerkes_cluster 

WBL 730  00 00 09.6  +32 45 42   4   0.03284   4       
WBL 731  00 00 39.7  +28 24 42   3   0.02865   3      99     
WBL 732  00 01 03.7  +34 35 42   4   0.02958   2       
WBL 001  00 04 51.7  -01 33 18   3   0.02394   2       
WBL 002  00 04 57.9  +05 11 42   5   0.01450   2  0000.8+0452   68       
WBL 003  00 07 04.0  +08 19 42   3   0.01523   2  0002.4+0744   79       
WBL 004  00 07 29.7  +47 01 42   3         
WBL 005  00 14 07.9  +48 12 40   6   0.01191   2       
WBL 006  00 14 23.8  +28 30 40   3   0.02342   3  0013.6+2927   53       
WBL 007  00 18 24.6  +30 02 39  13   0.02197  11  0013.6+2927   53       2       WP 01     
WBL 009  00 21 24.2  +22 26 38  11   0.01962   9  0014.5+2315  132       3     
WBL 008  00 21 25.1  +29 38 38   3   0.02201   2  0024.4+3014   91       
WBL 010  00 29 10.1  +02 50 35   3   0.01534   3  0032.6+0207   89       
WBL 011  00 31 04.5  +05 09 34   3   0.04295   2  0033.8+0538   82       
WBL 012  00 31 23.0  +08 26 34   3   0.01446   3       2     
WBL 013  00 38 33.9  +29 32 29   6   0.01820   5  0036.3+2914   47       71    
WBL 014  00 39 09.0  +25 39 29   3   0.01539   3  0034.4+2532   34       
WBL 015  00 39 21.9  +00 52 28   3   0.01418   3  0032.6+0207   89      7      
WBL 016  00 39 23.1  +06 47 28   4   0.03847   2  0033.8+0538   82       76    
WBL 017  00 43 03.0  +23 29 26   4   0.02442   2       
WBL 018  00 46 41.4  +30 16 23   3   0.01706   2       
WBL 019  00 54 48.2  +28 48 15   3   0.02282   2  0107.5+3212  179       
WBL 020  00 55 13.3  +31 36 15   4   0.01957   4  0107.5+3212  179       
WBL 021  00 56 21.4  -01 13 47  14   0.04527  13  0054.6-0127   50      119    
WBL 022  00 57 49.2  +30 20 12   3   0.01693   3  0107.5+3212  179       
WBL 023  00 59 07.6  +12 59 10   3                0055.0+1212   52       
WBL 024  01 01 13.7  +30 08 08   4   0.02277   4  0107.5+3212  179       
WBL 025  01 07 27.8  +32 24 01   8   0.01706   8  0107.5+3212  179       
WBL 026  01 08 28.3  +33 07 59   3   0.01557   3  0107.5+3212  179       
WBL 027  01 08 34.5  +33 28 59   4   0.02291   4  0107.5+3212  179       
WBL 028  01 09 09.9  +32 07 59   3   0.01708   3  0107.5+3212  179       
WBL 029  01 09 10.2  +32 42 59   3   0.01715   3  0107.5+3212  179       
WBL 030  01 09 58.2  +32 22 58   3   0.01732   3  0107.5+3212  179       
WBL 031  01 10 58.7  +33 08 56   4   0.01730   4  0107.5+3212  179       
WBL 033  01 12 57.6  -00 17 06   3   0.01798   3  0106.9+0028  100      10     
WBL 032  01 13 03.4  +15 31 54   3   0.04425   1  0110.5+1515   58       
WBL 034  01 14 52.4  +01 48 51   4   0.04260   4  0106.9+0028  100       
WBL 035  01 15 53.6  +33 03 50   3   0.01696   3  0107.5+3212  179       
WBL 036  01 16 14.4  +46 44 49   3   0.01698   2       
WBL 037  01 21 47.8  +05 16 41   4   0.00750   2       
WBL 038  01 23 19.1  +33 21 39  22   0.01902  20  0107.5+3212  179       
WBL 039  01 23 48.8  +32 41 38   3   0.01797   3  0107.5+3212  179       
WBL 040  01 24 19.5  +33 50 37   3   0.01763   3  0107.5+3212  179       
WBL 042  01 24 31.9  +09 57 37   3   0.00855   3  0123.0+0953   70         WP 04     
WBL 041  01 24 36.6  +32 12 37   3   0.03514   3  0107.5+3212  179       
WBL 043  01 24 52.6  +02 03 36   3   0.03233   3  0121.5+0113   71      14     
WBL 044  01 25 16.0  +14 51 36   3   0.02146   3       
WBL 045  01 25 33.1  -01 27 25  25   0.01802  25  0123.6-0133  113      194    
WBL 046  01 26 08.4  +34 43 34   4   0.01612   4  0107.5+3212  179     10      
WBL 047  01 27 38.9  -01 54 28   4   0.01752   4  0123.6-0133  113      194    
WBL 048  01 29 12.2  +39 27 29   3   0.02711   3       
WBL 049  01 33 57.2  -01 03 39   3   0.01603   3  0123.6-0133  113       
WBL 050  01 48 45.3  +10 30 54   3   0.01729   3  0144.0+1230   92       
WBL 051  01 49 12.9  +35 01 53   4   0.01400   4  0150.8+3615  106      262    
WBL 052  01 49 40.0  +21 58 52   3   0.00940   2       20    
WBL 053  01 50 53.3  +32 33 50   3   0.03648   2  0150.9+3050  155       
WBL 054  01 52 38.5  +36 12 46  24   0.01583  24  0150.8+3615  106      262    
WBL 055  01 54 03.1  +36 37 44   5   0.01642   5  0150.8+3615  106      262    
WBL 057  01 54 42.7  +05 23 42   3   0.01648   1       
WBL 056  01 54 57.5  +36 54 42   3   0.01797   3  0150.8+3615  106      262    
WBL 058  01 56 03.9  +37 07 39   3   0.01609   3  0150.8+3615  106      262    
WBL 059  01 56 16.2  +37 24 39   4   0.01761   4  0150.8+3615  106       
WBL 061  01 56 30.9  +05 39 38   8   0.01905   4         WP 06     
WBL 060  01 56 48.6  +33 02 38   3   0.01468   3  0150.9+3050  155       
WBL 062  01 59 54.1  +23 38 31   4   0.01641   1       
WBL 063  02 01 50.7  +08 28 27   4   0.02575   2       
WBL 064  02 02 39.3  +27 37 25   3   0.01630   1       
WBL 065  02 05 27.6  +34 53 19   3   0.01487   3  0216.0+3625  135       
WBL 066  02 07 41.0  +02 08 14   5   0.02318   5  0205.5+0110   65     15      
WBL 067  02 18 21.0  +38 02 49   3   0.01705   2  0216.0+3625  135       
WBL 068  02 19 57.2  +37 54 45   3   0.02142   1  0216.0+3625  135       
WBL 069  02 22 57.7  +43 00 37   3   0.02088   3  0303.0+4125  431      347    
WBL 070  02 23 34.2  +25 29 36   3   0.01706   1  0226.0+2600  280       
WBL 072  02 25 45.9  +24 52 30   3   0.03503   3  0226.0+2600  280       
WBL 073  02 25 47.9  +27 15 30   5   0.03319   3  0226.0+2600  280       
WBL 071  02 25 51.0  +41 57 30  18   0.01781   9  0303.0+4125  431      347    
WBL 074  02 31 28.6  +01 16 15   4   0.02251   4  0233.0+0124   82       
WBL 075  02 31 41.7  +02 47 14   3   0.02735   2  0233.0+0124   82       
WBL 076  02 34 14.0  +34 29 08   3   0.01213   1  0236.2+3249  101       
WBL 077  02 34 24.4  +32 55 07   5   0.01514   4  0236.2+3249  101       
WBL 078  02 35 29.6  +37 35 04   3   0.01285   3  0216.0+3625  135       
WBL 079  02 37 46.9  +01 38 58   3   0.02175   1  0233.0+0124   82       
WBL 081  02 38 17.2  +02 04 56  11   0.02192   7  0233.0+0124   82       
WBL 080  02 38 41.3  +41 40 56   5   0.01529   1  0303.0+4125  431       
WBL 082  02 39 23.8  +10 49 53   3   0.01192   2       31    
WBL 083  02 40 58.2  +08 42 49   5   0.01962   2  0240.6+0740  116       
WBL 084  02 43 23.9  +41 28 43   3   0.01716   2  0303.0+4125  431       
WBL 085  02 43 25.2  +32 25 42   7   0.01484   5  0236.2+3249  101       
WBL 086  02 50 40.6  +16 03 21   3   0.04225   2       
WBL 087  02 52 44.7  -01 15 45   3   0.02389   2  0246.1-0045   74       
WBL 088  02 54 32.3  +41 37 10   7   0.01838   6  0303.0+4125  431         AWM 7     
WBL 089  02 56 16.8  +15 55 04   5   0.03403   3  0254.7+1606   59      397    
WBL 090  02 57 38.6  +06 00 00   3   0.02327   3  0254.7+0555   79      400    
WBL 091  02 58 19.8  +25 25 58   3   0.03484   3       
WBL 092  03 07 57.0  -00 47 32   3   0.02156   2  0310.0-0130  168       
WBL 093  03 11 08.6  +35 23 18   3   0.02011   2  0303.0+4125  431       
WBL 094  03 16 05.6  +37 09 02   3   0.02110   2  0303.0+4125  431       
WBL 095  03 17 38.1  -01 46 04   3   0.02757   1  0310.0-0130  168       
WBL 096  03 17 39.6  -00 07 04   4   0.02347   3  0310.0-0130  168      36     
WBL 097  03 19 12.5  +41 30 52  33   0.01733  32  0303.0+4125  431      426    
WBL 098  03 20 19.8  -02 04 13   3   0.02973   2  0310.0-0130  168      37     
WBL 099  03 20 44.7  -01 02 14   4   0.02116   4  0310.0-0130  168     25      
WBL 100  03 22 43.9  -01 57 21   3   0.02744   1  0310.0-0130  168       
WBL 101  03 26 09.1  -00 37 32   3                0310.0-0130  168       
WBL 102  03 32 09.9  +00 18 07   3   0.02715   2       
WBL 103  03 37 42.7  +03 12 48   3   0.01926   1       
WBL 104  03 59 28.4  +06 41 28   3   0.01902   1       
WBL 105  04 01 46.4  +23 10 20   4   0.02268   4       
WBL 106  04 34 46.8  +73 15 16   3   0.01408   1  0452.2+7305  108       
WBL 107  04 38 42.9  +73 18 00   3                0452.2+7305  108       
WBL 108  04 45 55.4  -02 06 36   3   0.01482   2  0449.3-0437  124       
WBL 109  04 54 11.5  +01 38 49   3   0.02967   3  0451.3+0159   47       
WBL 110  04 58 51.1  -00 31 30   5   0.01497   5  0456.1-0103   76       
WBL 111  05 10 14.9  -00 43 19   3   0.02630   2  0507.9-0110   46       
WBL 112  05 16 35.1  +06 27 15   5   0.02471   5  0510.0+0458  178      539    
WBL 113  05 20 11.3  +06 35 59   3   0.02949   3  0510.0+0458  178       
WBL 114  05 21 55.7  +03 25 51   3   0.01460   3  0510.0+0458  178       
WBL 115  05 45 52.0  +69 05 14   3   0.01432   3       
WBL 116  06 17 13.4  +66 31 56   3         
WBL 117  06 30 38.1  +74 26 01   3   0.01827   2       
WBL 118  06 40 44.0  +53 15 11   3   0.03570   2  0628.9+5232  160       
WBL 119  06 40 58.7  +50 09 10   3   0.01891   1       
WBL 120  06 46 12.7  +43 48 47   3   0.02105   3  0642.2+4130  184       
WBL 121  06 47 11.3  +33 35 42   3   0.01678   3  0647.4+3323   42       
WBL 122  06 48 01.3  +51 13 40   3                0628.9+5232  160       
WBL 125  06 49 59.2  +25 39 30   4   0.01639   2       
WBL 126  06 50 52.9  +33 28 26   5   0.01690   2  0647.4+3323   42       
WBL 127  06 54 34.4  +50 23 12   3   0.01959   1  0700.4+4801  203       
WBL 124  06 55 01.5  +80 58 22   3         
WBL 128  07 04 34.2  +64 02 31   5   0.01500   1       
WBL 129  07 04 56.4  +54 01 28   3                0718.9+5412  162       
WBL 123  07 05 20.8  +86 37 02   3   0.01549   2  0735.0+8545   95       
WBL 130  07 07 07.5  +44 48 18   3   0.01945   1  0700.4+4801  203       
WBL 131  07 09 04.4  +48 37 10   6   0.01942   5  0700.4+4801  203      569    
WBL 133  07 10 44.1  +50 05 04  13   0.01996   7  0700.4+4801  203         WP 10     
WBL 136  07 11 18.4  +31 11 00   3                0706.6+3221   62       
WBL 135  07 11 26.6  +39 39 00   3                0710.5+4222  104       
WBL 132  07 12 06.0  +71 47 02   3   0.01034   2       
WBL 137  07 14 34.5  +54 58 48   6                0718.9+5412  162       
WBL 138  07 21 54.1  +55 45 18   4   0.04040   4  0718.9+5412  162      576    
WBL 139  07 22 46.4  +21 28 12   3                0720.6+2259   79       
WBL 134  07 24 48.4  +85 45 32   6   0.00804   1  0735.0+8545   95       
WBL 140  07 25 19.5  +19 09 01   3   0.02305   2  0730.1+1858   87       
WBL 141  07 26 57.5  +33 47 55   3   0.02609   3  0718.6+3249   82       
WBL 142  07 28 57.4  +33 49 47   3   0.01350   2  0718.6+3249   82       
WBL 143  07 31 06.2  +13 05 38   4   0.02865   2       
WBL 144  07 31 54.2  +18 19 35   3                0730.1+1858   87       
WBL 145  07 35 34.4  +11 38 20   4   0.01678   4       
WBL 147  07 37 02.5  +09 54 14   3   0.02956   1       
WBL 146  07 38 17.1  +59 24 12   4                0733.4+6102  203       
WBL 148  07 39 56.6  +49 18 04   3   0.02085   1  0739.8+4949   86       
WBL 149  07 40 06.1  +32 14 02   3         
WBL 150  07 46 06.6  +57 02 41   3         
WBL 152  07 47 16.2  +26 55 34   4   0.01591   3  0752.9+2833  128       
WBL 151  07 47 19.6  +58 59 36   3   0.02710   2  0733.4+6102  203       
WBL 153  07 50 37.2  +74 20 27   3   0.01314   2       
WBL 154  07 51 21.1  +50 11 19   3   0.02155   2  0739.8+4949   86       
WBL 156  07 51 44.1  +09 52 16   3         
WBL 155  07 51 52.5  +27 25 16   4   0.02636   1  0752.9+2833  128       
WBL 157  07 53 07.1  +08 57 10   3         
WBL 158  07 54 42.0  +55 37 07   4   0.01787   2  0756.1+5616   94       
WBL 159  07 55 00.9  +14 25 03   4         
WBL 160  07 55 51.6  +26 54 01   6   0.01867   2  0752.9+2833  128       
WBL 161  07 57 50.9  +56 40 55   4   0.01964   2  0756.1+5616   94       
WBL 163  07 58 30.1  +08 03 50   6   0.03188   1  0755.9+0805   22       
WBL 162  07 58 47.6  +59 08 52   3   0.01995   2       
WBL 165  08 00 09.0  +26 40 44   7   0.02665   2  0752.9+2833  128       
WBL 164  08 00 22.3  +39 49 44   3   0.02791   3  0801.3+3954   53       
WBL 168  08 01 20.4  +26 15 40   3                0752.9+2833  128       
WBL 166  08 01 55.8  +56 36 39   3   0.02868   1  0756.1+5616   94       
WBL 167  08 02 08.8  +56 55 39   3   0.02726   1  0756.1+5616   94       
WBL 169  08 02 13.5  +09 30 36   9   0.01558   3  0800.0+0946   47       
WBL 170  08 03 43.9  +09 58 30   5   0.03371   1  0800.0+0946   47       
WBL 172  08 04 06.5  +08 38 29   4   0.01645   1  0800.0+0946   47       
WBL 171  08 04 40.4  +40 11 28   4   0.04070   1  0801.3+3954   53       
WBL 173  08 09 22.2  +57 49 11   5   0.02181   3  0810.1+5813   48       
WBL 174  08 10 06.1  +24 53 07   3   0.01396   2       
WBL 175  08 13 15.7  +57 57 57   4   0.01753   2  0810.1+5813   48      634    
WBL 176  08 15 28.2  +58 15 49   4   0.02664   3  0810.1+5813   48      634    
WBL 177  08 17 37.2  +21 08 39   3   0.00714   3  0819.6+2209  121       
WBL 178  08 20 01.0  +21 04 30  11   0.01596  11  0819.6+2209  121       
WBL 179  08 22 55.9  +04 17 19   7                0820.6+0436   31       
WBL 181  08 24 03.5  -00 19 45   3                0820.1-0029   37       
WBL 180  08 24 06.7  +21 01 16   3   0.01766   3  0819.6+2209  121       
WBL 182  08 26 26.6  +22 54 08   3   0.01843   3  0819.6+2209  121       
WBL 183  08 28 35.3  +30 26 00   7   0.05117   5  0826.2+3039   76      671    
WBL 185  08 33 44.4  +41 28 43   3                0836.3+4147  154       
WBL 184  08 33 56.8  +55 33 43   3                0822.4+5453   81       
WBL 186  08 35 12.9  +52 46 38   3                0829.6+5245   37       
WBL 187  08 35 25.1  -02 59 24   5   0.02221   1  0832.6-0235   97       
WBL 188  08 35 38.1  -01 56 25   8   0.03002   1  0832.6-0235   97       
WBL 189  08 37 01.9  +41 29 32   3                0836.3+4147  154       
WBL 190  08 38 10.2  +25 13 27   4                0837.0+2506   71       
WBL 191  08 38 16.4  +19 41 26   3   0.01507   2       
WBL 192  08 44 52.3  +55 01 06   4   0.02581   2       
WBL 194  08 46 36.0  +02 28 58   3                0843.8+0215   37       
WBL 193  08 46 54.8  +28 12 58   3   0.02128   3  0842.3+2820   43       
WBL 195  08 47 48.5  +37 39 55   4   0.04460   3       
WBL 196  08 48 21.0  +18 58 53   4                0846.3+1910   58       
WBL 197  08 50 15.8  +40 16 47   4                0836.3+4147  154       
WBL 198  08 52 09.1  +52 55 42   3   0.01927   1  0855.0+5248  101       
WBL 199  09 02 16.0  +14 30 09   3         
WBL 200  09 03 21.2  +13 38 05   4                0900.0+1343   37       
WBL 201  09 03 58.7  +21 58 04   3   0.01037   1       
WBL 202  09 05 19.2  +18 17 59   5   0.02180   2  0909.7+1814  178       
WBL 203  09 06 50.5  +41 21 55   3   0.02741   1       
WBL 205  09 09 32.8  +20 26 47   3   0.02939   2  0909.7+1814  178       
WBL 204  09 09 39.0  +37 37 47   3   0.02298   2  0903.9+3716   53       
WBL 206  09 10 22.9  +50 25 45   4   0.01647   3  0916.7+4952   88      41     
WBL 207  09 12 23.3  +34 59 39   3   0.00678   3       
WBL 208  09 14 35.6  +30 06 32   3   0.02298   3  0911.0+3025   55      42     
WBL 209  09 14 58.3  +22 36 31   3         
WBL 210  09 16 05.9  +17 43 27   6   0.02880   4  0909.7+1814  178       
WBL 211  09 16 52.6  +29 21 25   3   0.03590   2  0911.0+3025   55       
WBL 213  09 17 07.8  +20 02 24  10   0.02882   9  0909.7+1814  178         AWM 1     
WBL 212  09 17 19.4  +41 58 25   3   0.00576   2       
WBL 214  09 18 14.0  +20 22 21   4   0.03049   4  0909.7+1814  178       
WBL 215  09 19 08.3  +05 53 18   3         
WBL 216  09 19 32.9  +33 45 18  13   0.02365  13  0915.6+3409   47      779    
WBL 217  09 19 58.6  +01 00 16   3   0.01740   3         MKW 01s   
WBL 218  09 21 39.4  +64 16 13   3   0.00527   3       
WBL 219  09 23 33.3  +22 21 06   5   0.03289   3  0921.6+2354   91       
WBL 220  09 23 41.4  +02 07 06   3   0.02845   2       
WBL 221  09 24 35.0  +49 16 04   7   0.01141   3  0916.7+4952   88       
WBL 222  09 26 26.8  +22 05 58   3   0.02591   2  0921.6+2354   91       
WBL 223  09 27 15.5  +23 00 56   3   0.02500   1  0921.6+2354   91       
WBL 224  09 27 51.8  +30 01 55   8   0.02658   8  0926.5+3026   59       
WBL 225  09 33 49.0  +34 01 39   3   0.02688   3  0927.2+3446   61       
WBL 226  09 33 59.0  +10 06 38   3   0.01056   2       
WBL 227  09 37 32.6  +23 11 29   4   0.02353   2  0941.7+2430  188       
WBL 228  09 38 04.4  +09 31 27   3   0.02876   1       
WBL 229  09 38 33.8  +17 02 26   4   0.02890   2  0935.3+1701   44       
WBL 230  09 39 26.2  +06 25 24   3   0.02196   1       
WBL 231  09 41 06.8  +21 14 20   4   0.02440   1  0941.7+2430  188       
WBL 232  09 41 11.6  +11 29 19   6   0.02160   2  0938.2+1130   42      48     
WBL 233  09 41 22.6  +26 04 19   4                0941.7+2430  188       
WBL 234  09 42 24.7  +04 17 16   4         
WBL 235  09 42 57.5  +31 53 15   3   0.00492   3       
WBL 236  09 43 19.6  +36 12 15   3   0.02252   3  0945.0+3441  111       
WBL 237  09 43 19.7  +22 47 14   3                0941.7+2430  188       
WBL 239  09 46 17.8  +03 04 07   3   0.02013   2       
WBL 238  09 46 55.8  +54 25 06   4                0943.7+5454   49       
WBL 240  09 47 48.4  +21 40 03   3                0941.7+2430  188       
WBL 241  09 48 51.3  +44 03 01   4   0.01593   1       49    
WBL 242  09 49 51.6  +09 04 58   3   0.01741   1       
WBL 243  09 50 06.0  +12 45 58   5   0.00476   3       
WBL 244  09 53 14.7  +07 51 50   3   0.02947   2       
WBL 245  09 56 28.8  +20 30 43   4   0.02505   2  0941.7+2430  188       
WBL 246  09 59 35.7  +13 01 36   4   0.03547   1       
WBL 247  10 00 23.8  +03 17 34   3   0.00698   2       
WBL 248  10 00 26.1  -02 57 26   7   0.02040   7         MKW 01, WP 12   
WBL 249  10 03 16.9  +12 07 28   3         
WBL 250  10 04 56.4  +46 41 25   3         
WBL 251  10 06 42.0  +14 22 21   3   0.02987   1  1003.6+1443   47       
WBL 252  10 06 59.8  +13 59 20   3                1003.6+1443   47       
WBL 253  10 07 46.0  +00 17 18   3                1006.0+0014   22       
WBL 254  10 10 01.0  +58 28 15   3   0.00724   2       
WBL 256  10 11 27.8  -00 03 49   4   0.03354   3      43     
WBL 255  10 12 12.8  +58 52 10   3   0.03039   2       
WBL 257  10 12 50.4  -02 40 52   3                1020.4-0316  122       
WBL 258  10 13 46.1  +38 43 07   9   0.02211   6  1010.5+3922   34       
WBL 259  10 13 59.6  +14 29 06   3         
WBL 260  10 15 09.4  +21 07 04   3   0.02061   2  1014.1+2215   55       
WBL 261  10 16 37.8  +60 16 02   3   0.03127   3       
WBL 262  10 18 15.5  +21 51 58   3   0.00473   3  1014.1+2215   55     44      
WBL 263  10 18 40.6  +13 12 57   3   0.01825   1       
WBL 264  10 20 48.3  +42 58 53   3   0.02306   3  1019.1+4325   27      59     
WBL 265  10 22 23.1  +56 58 51   4   0.00387   2  1029.3+5736   67       
WBL 266  10 23 46.0  +12 37 47   3                1020.1+1306   34      999    
WBL 267  10 24 16.5  +13 35 46   3                1020.1+1306   34       
WBL 269  10 24 39.4  -00 52 14   3   0.03453   2       
WBL 268  10 24 48.4  +28 02 46   3   0.02094   3       
WBL 270  10 25 12.2  +17 10 45   7   0.00262   2  1021.8+1725   44       
WBL 271  10 26 59.5  +16 04 42   5   0.03304   2  1021.8+1725   44       
WBL 272  10 27 08.3  -03 19 19   5   0.03129   5  1020.4-0316  122         MKW 02s   
WBL 273  10 27 15.0  +11 02 41   3   0.03229   2  1023.8+1056   34     1016    
WBL 274  10 28 43.8  +39 48 39   3   0.02925   1  1026.9+4023   73       
WBL 275  10 30 07.9  +47 13 37   3         
WBL 276  10 30 08.4  -03 10 24   4   0.03691   4  1020.4-0316  122         MKW 02    
WBL 277  10 30 19.1  +07 12 36   3         
WBL 278  10 30 50.6  -02 45 25   3   0.02968   3  1020.4-0316  122       
WBL 279  10 33 15.1  +11 54 31   5   0.03418   1       
WBL 280  10 41 36.3  +06 16 18   7   0.02271   4         WP 13     
WBL 281  10 41 42.7  +21 19 18   3   0.02499   2  1037.4+2156   53       
WBL 282  10 41 59.3  +18 17 17   3                1039.4+1853   40       
WBL 283  10 47 18.5  +07 15 10   3   0.02712   1       
WBL 284  10 48 17.6  +04 54 08   4   0.02608   1  1045.8+0510   22       
WBL 285  10 48 28.9  +18 39 08   3         
WBL 286  10 49 20.3  +12 19 07   3   0.00461   1  1045.8+1251   22       
WBL 287  10 49 45.8  +16 14 06   4   0.02169   2  1047.6+1623   25       
WBL 288  10 49 45.9  +00 21 06   5   0.03899   5  1046.3+0038   26         WP 14     
WBL 289  10 50 36.9  +08 46 05   3   0.08393   1  1049.2+0902   31       
WBL 290  10 51 59.1  +03 48 03   3   0.01213   1       
WBL 291  10 56 25.0  +09 44 58   3   0.03238   2  1056.9+0922   56       
WBL 293  10 58 17.3  +04 35 55   3         
WBL 292  10 58 36.3  +55 36 56   3   0.04670   1       
WBL 294  10 59 49.0  +50 01 54   3   0.02413   3       72    
WBL 295  11 00 30.9  +09 57 53   3   0.03342   2  1056.9+0922   56     1142    
WBL 296  11 00 49.0  +10 28 53   6   0.03513   6  1058.6+1049   28     1142    
WBL 297  11 01 54.9  +10 15 51   4   0.03511   4  1058.6+1049   28     1142    
WBL 298  11 03 23.8  +06 52 50   3         
WBL 299  11 04 47.0  +04 16 48   3   0.02544   1  1106.2+0516   59       
WBL 300  11 05 01.2  +29 58 48   3   0.02975   3  1105.3+2835  118       
WBL 301  11 07 00.4  +28 36 46   3   0.03309   3  1105.3+2835  118     1185    
WBL 302  11 08 01.4  +13 06 45   4                1105.2+1342   36       
WBL 303  11 08 53.4  +26 37 44   3   0.02986   2  1105.3+2835  118       
WBL 304  11 09 39.8  +21 45 43   3   0.03189   1  1105.6+2323   65       
WBL 307  11 09 52.7  +03 26 43   3         
WBL 306  11 09 53.7  +07 15 43   3   0.02113   1       
WBL 305  11 10 03.0  +36 59 43   4   0.02885   4  1107.7+3610   78       
WBL 308  11 10 35.0  +04 49 42   6   0.02485   2  1106.2+0516   59       
WBL 309  11 10 36.4  +10 06 42   3   0.04340   1  1107.6+1041   45       
WBL 310  11 10 47.7  +28 17 42   3   0.03536   3  1105.3+2835  118     1185    
WBL 311  11 10 53.8  +28 41 42   8   0.03158   8  1105.3+2835  118     1185    
WBL 312  11 11 40.6  +03 08 41   8   0.02983   3       
WBL 313  11 12 41.3  +28 01 40   3   0.04680   3  1105.3+2835  118     1185    
WBL 314  11 12 45.8  +23 17 40   4   0.02115   1  1105.6+2323   65       
WBL 315  11 13 11.0  +05 08 40   4                1106.2+0516   59       
WBL 316  11 13 11.7  +07 47 40   4   0.02937   1       
WBL 317  11 14 34.7  +04 03 39   5         
WBL 318  11 16 17.1  +29 17 37   7   0.04258   6  1115.2+3013   87     1213    
WBL 319  11 16 56.0  +18 03 37   3   0.00299   3       
WBL 320  11 18 15.2  +23 25 36   3   0.02250   2  1123.5+2256   83       
WBL 321  11 18 29.8  +58 00 36   3   0.01698   2  1138.7+5650  275       
WBL 322  11 20 24.7  +72 49 34   5                1112.7+7259   60       
WBL 323  11 20 51.9  +00 29 33   3         
WBL 324  11 20 58.4  +03 06 33  12   0.02394   9  1119.7+0305   56      76     
WBL 325  11 21 47.6  +34 21 33   7   0.03482   7  1117.6+3352   56     1228    
WBL 326  11 22 14.9  +24 18 32   5   0.02704   4  1123.5+2256   83     51      
WBL 327  11 22 51.8  +47 03 32   3                1117.0+4653   71       
WBL 328  11 23 10.3  +02 45 32   3                1119.7+0305   56       
WBL 329  11 24 22.4  +03 17 31   3   0.00453   3  1119.7+0305   56       
WBL 330  11 26 34.9  +35 19 29   4   0.03401   4  1123.9+3541   62     1257    
WBL 331  11 27 59.1  +07 59 28   3   0.02120   1       
WBL 332  11 28 03.6  -01 13 32   3   0.04233   2       
WBL 333  11 28 20.8  +27 25 28   3   0.03244   3  1125.5+2759   77       
WBL 334  11 28 41.3  +09 04 28   7   0.02100   6  1126.3+0913   37       
WBL 335  11 28 43.4  +20 46 28   3   0.02055   2  1123.5+2256   83     53      
WBL 336  11 29 15.5  -01 43 32   3         
WBL 337  11 32 33.5  -02 08 34   3                1141.7-0158  186       
WBL 338  11 33 12.7  +19 46 25   3   0.03262   1       
WBL 339  11 34 18.9  +49 02 25   4   0.03245   4  1131.2+4923   44     1314    
WBL 340  11 35 38.4  +54 53 24   6   0.01964   6  1138.7+5650  275     1318   85     
WBL 341  11 36 21.4  -02 51 36   4   0.04513   3  1141.7-0158  186       
WBL 342  11 36 54.4  +19 58 24  33   0.02138   2  1142.1+2126  133       
WBL 343  11 37 54.5  +21 57 23   5   0.03046   5  1142.1+2126  133       
WBL 344  11 39 18.9  +26 20 23   3   0.02277   3  1140.0+2715   46       
WBL 345  11 39 37.7  +31 55 22   3   0.00896   3       86    
WBL 346  11 40 03.7  -00 52 38   3                1141.7-0158  186       
WBL 347  11 40 17.7  +17 44 22   5   0.01131   4       
WBL 348  11 41 24.5  +24 49 22   3   0.01225   2       87    
WBL 349  11 41 53.4  +15 59 21   3   0.01052   3       
WBL 350  11 42 10.8  +10 18 21   5   0.02072   5  1138.3+1024   34     58  MKW 10, WP 16   
WBL 351  11 42 48.5  +26 31 21   3   0.02986   3  1140.0+2715   46       
WBL 352  11 43 34.7  +10 14 21   3   0.02010   3  1138.3+1024   34       
WBL 353  11 44 17.6  +19 55 21  78   0.02202  77  1142.1+2126  133     1367    
WBL 354  11 44 19.0  +33 24 21   7   0.03129   5  1142.2+3456  109       
WBL 355  11 45 03.6  -01 41 40   5   0.02765   3  1141.7-0158  186       
WBL 356  11 46 12.6  +33 07 20   5   0.03299   5  1142.2+3456  109       
WBL 357  11 46 42.7  +35 00 20   3   0.04805   2  1142.2+3456  109       
WBL 358  11 48 22.6  +12 42 19   4   0.01354   4      59     
WBL 359  11 49 21.7  -01 04 41   3   0.02075   2  1141.7-0158  186       
WBL 360  11 49 39.6  -03 31 41   8   0.02735   4  1141.7-0158  186         MKW 03, WP 17   
WBL 361  11 50 13.7  +50 32 19   3         
WBL 362  11 51 02.3  +56 25 19   3   0.00297   1  1138.7+5650  275       
WBL 363  11 52 58.7  +20 41 19   4   0.02158   3  1142.1+2126  133       
WBL 364  11 54 16.1  +09 36 18   3   0.03630   1  1151.8+0944   19       
WBL 365  11 55 28.1  +11 58 18   3   0.02131   1       
WBL 366  11 57 40.4  +32 17 18   3   0.01065   3  1155.0+3127   48      93     
WBL 367  11 57 46.3  +27 52 18   3   0.01135   3  1154.9+2806   35      95     
WBL 368  11 58 16.2  +25 09 18  13   0.01515  10  1153.0+2522   70         WP 19     
WBL 369  12 00 27.9  +31 53 18   3   0.02620   3  1155.0+3127   48       
WBL 370  12 02 03.7  +17 50 18   4   0.02305   1       
WBL 371  12 03 27.6  +16 30 18   3   0.01839   2       
WBL 372  12 03 57.7  +01 53 18  16   0.02018  16  1201.3+0151   37         MKW 04    
WBL 373  12 04 39.2  +31 10 18   3   0.02551   3  1217.5+2915  173       
WBL 374  12 04 45.4  +20 20 18  19   0.02309  17  1202.0+2028   54      98       WP 20, WP 21    
WBL 375  12 04 57.6  +10 36 18   4   0.00844   1  1202.9+1051   39       
WBL 376  12 05 32.6  +43 08 18   3   0.00259   1  1157.2+4332   87       
WBL 377  12 05 57.8  -02 58 42   3   0.03871   2       
WBL 378  12 06 32.9  +28 11 18   4   0.02867   4  1217.5+2915  173         MKW 04s   
WBL 379  12 06 42.0  +67 10 18   3   0.00847   2  1204.8+6520  149       
WBL 380  12 07 02.2  +43 03 18   3   0.00264   3  1157.2+4332   87       
WBL 381  12 07 15.2  +16 56 18   5   0.02273   2       
WBL 382  12 08 56.5  +29 14 18   3   0.01301   3  1217.5+2915  173     101     
WBL 383  12 10 31.5  +39 24 19   3   0.01292   2       
WBL 384  12 10 56.8  +17 53 19   3   0.02304   3       
WBL 385  12 12 14.0  +29 10 19   5   0.01073   5  1217.5+2915  173     61      
WBL 387  12 12 20.9  +15 21 19   3   0.02379   3       
WBL 386  12 12 21.0  +13 12 19   3   0.00691   3       
WBL 388  12 15 08.8  +13 31 20   3   0.00106   3       
WBL 389  12 15 31.9  +23 59 20   3   0.02259   3  1212.0+2409   53         AWM 2     
WBL 390  12 16 31.8  +23 54 20   3   0.02319   3  1212.0+2409   53       
WBL 391  12 17 39.2  +06 40 20   3   0.00495   2       
WBL 392  12 19 21.2  +05 56 21  12   0.00704  10       
WBL 393  12 19 39.0  +07 46 21   6   0.01183   6       
WBL 395  12 19 42.8  +28 48 21   4   0.02536   4  1217.5+2915  173       
WBL 394  12 19 42.8  +28 22 21   5   0.02671   5  1217.5+2915  173       
WBL 396  12 19 45.8  -00 46 39   3                1215.9-0036   31       
WBL 397  12 20 03.2  +05 23 21   9   0.00827   7       
WBL 399  12 20 06.7  +29 16 21   3   0.00261   3  1217.5+2915  173       
WBL 398  12 20 08.9  +08 36 21   3   0.02461   3       
WBL 400  12 20 58.9  +39 53 22   3         
WBL 401  12 22 56.0  +15 49 22   3   0.00430   3       
WBL 402  12 23 27.1  +06 04 22   3   0.02361   3       
WBL 403  12 23 44.9  +07 02 23   5   0.00355   5       
WBL 404  12 23 50.7  +09 19 23   9   0.02364   8       
WBL 405  12 23 57.6  +01 22 23   3         
WBL 406  12 24 26.9  +07 19 23   3   0.00362   3       
WBL 407  12 25 34.1  -02 53 37   3   0.02518   1       
WBL 408  12 26 26.6  +08 57 24   9   0.02183   9  1224.1+0914   13     105     
WBL 409  12 27 50.1  +12 17 25   3   0.00311   3       
WBL 410  12 29 44.6  +07 59 26   6   0.00412   6       
WBL 412  12 32 01.1  +66 20 27   3   0.04768   3  1204.8+6520  149       
WBL 411  12 32 13.8  +11 50 27   3   0.00307   3       
WBL 413  12 33 14.5  +07 50 28   3   0.02103   3       
WBL 414  12 35 31.2  +63 58 29   3                    108    
WBL 415  12 35 58.6  +26 55 29   5   0.02538   5  1217.5+2915  173     109     
WBL 416  12 38 15.5  +01 26 31   3   0.01162   2       
WBL 417  12 39 03.7  +00 21 31   3   0.02316   1      110    
WBL 418  12 39 15.9  +27 48 32   3   0.02367   3       
WBL 419  12 41 34.0  +26 02 33   3   0.01608   3      111    
WBL 420  12 43 09.0  +03 36 34   3         
WBL 421  12 43 37.2  +11 33 35   3   0.00472   2       
WBL 422  12 44 22.9  +40 43 36   3   0.01686   3  1243.2+4143   59       
WBL 423  12 53 55.2  +09 29 44   3         
WBL 424  12 54 19.9  +27 03 45   4   0.02455   4  1257.1+2806  160     1656    
WBL 425  12 54 38.0  +58 49 45   4   0.00850   2       
WBL 426  12 59 36.8  +27 53 50 148   0.02312 147  1257.1+2806  160     1656  113     
WBL 427  13 01 50.2  +05 01 53   3         
WBL 428  13 03 55.2  +07 53 55  10   0.02010   5       
WBL 429  13 04 44.5  +03 47 56   4         
WBL 430  13 05 50.3  +53 37 58   7   0.03349   2  1313.0+5410  153         WP 22     
WBL 431  13 08 08.7  +34 02 00   3   0.03361   3  1308.2+3531   80       
WBL 433  13 08 44.5  +62 15 02   6   0.02756   4  1302.2+6243   79       
WBL 432  13 08 52.0  -00 46 59   3   0.01610   2       
WBL 434  13 10 58.3  +29 38 04   3   0.02309   3       
WBL 435  13 13 43.2  +06 56 07   6   0.02167   2  1311.0+0706   14       
WBL 436  13 14 56.6  +03 02 09   3         
WBL 437  13 16 10.6  +13 26 11   3         
WBL 438  13 17 19.5  +20 38 13   4   0.02259   4       
WBL 439  13 18 14.0  +04 27 14   3   0.02076   1       
WBL 440  13 18 56.4  +30 48 15   3   0.03164   3  1319.6+3135   91       
WBL 441  13 20 08.2  +30 55 17   3   0.02410   3  1319.6+3135   91       
WBL 442  13 21 13.7  +31 22 18   9   0.02052   9  1319.6+3135   91       
WBL 443  13 21 28.7  +12 15 19   3   0.03823   1       
WBL 444  13 24 15.8  +14 00 23   6   0.02306   4  1321.4+1358   45     117     
WBL 445  13 24 58.1  +36 23 24   3   0.01822   3      118    
WBL 446  13 28 12.2  +31 59 29   4   0.03126   4  1319.6+3135   91     119     
WBL 447  13 29 28.5  +11 43 31  11   0.02317   9  1327.3+1145   59         MKW 11    
WBL 448  13 30 24.2  +31 19 33   3   0.02042   3       
WBL 449  13 32 31.2  +18 08 36   4   0.02299   1       
WBL 450  13 32 42.4  +07 16 37   8   0.02317   6       
WBL 451  13 33 22.6  +33 04 38   3   0.02468   2  1331.5+3432   80       
WBL 452  13 33 56.2  +03 17 39   3         
WBL 453  13 33 57.5  +13 14 39   4   0.04332   2  1330.7+1347   47       
WBL 454  13 34 07.2  +17 51 39   3   0.02692   1       
WBL 455  13 34 29.6  +08 45 40   3         
WBL 456  13 35 51.3  +13 21 42   3   0.04264   2  1330.7+1347   47     121     
WBL 457  13 36 03.9  +33 26 43   3   0.02498   2  1331.5+3432   80         WP 26     
WBL 458  13 37 12.6  +06 28 44   4         
WBL 459  13 38 19.2  +27 46 47   3   0.03522   3  1336.4+2812   32       
WBL 460  13 38 33.5  +00 31 47   3   0.02270   3       
WBL 461  13 39 10.8  +31 21 48   3   0.01559   2  1339.9+3030   62       
WBL 462  13 41 25.2  +05 02 52   3         
WBL 463  13 41 27.5  +23 12 52   4   0.02713   1  1338.4+2420   52       
WBL 464  13 42 41.2  +29 50 55   5   0.04109   5  1339.9+3030   62     1781    
WBL 465  13 43 49.7  +03 52 56   3   0.02285   1       
WBL 466  13 44 16.9  +29 55 58   3   0.03895   3  1339.9+3030   62     1781    
WBL 467  13 45 51.7  +22 05 01   3   0.02725   1  1343.3+2245   34       
WBL 468  13 47 43.9  +03 24 04   3         
WBL 470  13 52 01.9  +14 05 13   7   0.02339   4  1358.7+1521  136       
WBL 469  13 52 04.9  -02 10 47   3   0.01501   2       
WBL 471  13 52 14.6  +02 00 13   5   0.03311   2  1348.7+0249   41       
WBL 473  13 52 27.4  +21 34 14   3   0.02518   1  1350.9+2142   47       
WBL 472  13 52 32.4  +02 19 14   6   0.02052   4  1348.7+0249   41       
WBL 475  13 53 30.9  +40 18 16   5   0.00806   5  1352.9+3856  124     68      
WBL 474  13 53 33.6  +37 26 16   4   0.01646   2  1352.9+3856  124       
WBL 476  13 54 08.8  +30 52 17   3   0.04210   3  1352.0+3107   30       
WBL 477  13 55 24.7  +25 05 20  11   0.02929   3  1353.2+2508   71     69  WP 28     
WBL 478  13 56 22.2  +28 31 22   4   0.03543   3  1357.1+2836   73         WP 29     
WBL 479  13 57 08.8  +12 00 23   3   0.02053   3       
WBL 480  13 57 53.4  +17 27 25   5   0.02201   1  1358.7+1521  136       
WBL 481  13 58 29.6  +07 13 26   4   0.01915   2       
WBL 482  13 59 16.1  +28 02 28   4   0.06830   4  1357.1+2836   73     1831    
WBL 483  14 00 35.4  -02 52 30   3   0.02531   3         MKW 05    
WBL 484  14 02 04.5  -01 22 26   3   0.02476   2       
WBL 485  14 02 24.2  +32 29 35   3   0.01452   1  1357.6+3244   41       
WBL 486  14 02 46.1  +09 19 35  26   0.02038  23  1400.4+0949   67     130       MKW 12, WP 30   
WBL 487  14 03 48.1  +15 43 38   3   0.02298   1  1358.7+1521  136       
WBL 488  14 04 23.7  +16 17 39   3   0.01410   1  1358.7+1521  136       
WBL 489  14 05 07.2  +30 45 41   3   0.02516   3       
WBL 490  14 07 12.3  +15 05 46   3   0.04024   2  1358.7+1521  136       
WBL 491  14 07 13.5  +55 01 47   3   0.00563   2  1406.4+5513   46     132     
WBL 492  14 08 34.1  +08 56 49   3   0.02412   2       
WBL 493  14 09 58.4  +17 35 52   7   0.01750   4  1358.7+1521  136     133     
WBL 494  14 12 17.4  +15 50 57   3   0.01751   2  1358.7+1521  136       
WBL 495  14 13 56.6  +01 47 01   3   0.05457   3  1413.8+0207   38       
WBL 496  14 14 31.7  +03 10 03   3   0.02629   3       
WBL 497  14 15 06.6  +04 52 04   4   0.03260   3       
WBL 498  14 17 14.6  +01 43 09   3   0.02467   3  1413.8+0207   38         MKW 06    
WBL 499  14 17 58.7  +07 34 11   4   0.02516   2  1416.0+0752   45     136     
WBL 500  14 18 09.0  +26 22 12   3   0.01494   3  1424.0+2613  102       
WBL 501  14 20 19.1  +03 56 17   3   0.00557   3       
WBL 502  14 22 53.5  +06 10 23   3         
WBL 503  14 22 54.7  +40 21 24   4   0.01848   3  1420.7+4025   35       
WBL 504  14 24 20.1  +26 39 27   3   0.03727   3  1424.0+2613  102       
WBL 505  14 25 01.0  +27 49 29   4   0.03751   4  1426.8+2947  138       
WBL 506  14 26 39.8  +16 45 33   9   0.05196   6  1422.0+1732   65       
WBL 507  14 27 24.3  +04 48 35   4   0.02742   3       
WBL 509  14 28 20.3  +25 52 38   7   0.01434   7  1424.0+2613  102         AWM 3     
WBL 508  14 28 25.6  +11 22 38   4   0.02640   4  1426.4+1132   47       
WBL 513  14 28 41.5  +78 53 43   3         
WBL 510  14 29 43.4  +03 13 41   3   0.00605   3  1429.9+0336   25       
WBL 511  14 30 34.7  +40 44 44   3   0.03390   1       
WBL 512  14 31 59.2  +06 12 47   3   0.00787   3       
WBL 514  14 33 49.0  +03 46 52  10   0.03008  10  1429.9+0336   25         MKW 07    
WBL 515  14 34 35.5  +47 58 55   3         
WBL 516  14 35 22.1  +48 42 57   3   0.00742   3       
WBL 517  14 38 24.7  +46 39 05   3   0.00746   1       
WBL 518  14 40 49.1  +03 24 11  11   0.02681  10  1438.4+0405   63         MKW 08    
WBL 519  14 41 50.6  +09 24 14   3                1436.0+0926   92       
WBL 520  14 42 13.2  +03 18 15   3   0.02548   3  1438.4+0405   63       
WBL 521  14 42 39.0  +08 44 16   4   0.03375   1  1436.0+0926   92       
WBL 522  14 43 37.1  +11 12 19   3   0.03648   1       
WBL 523  14 44 21.5  +15 32 21   3         
WBL 525  14 46 52.9  +13 41 29   5   0.03757   2  1445.2+1356   31       
WBL 524  14 46 54.6  +11 34 29   6   0.02945   5  1445.4+1125   39       
WBL 526  14 47 32.2  +09 37 30   4   0.02836   2       
WBL 527  14 48 12.1  +31 45 33   4   0.04122   4       
WBL 528  14 49 38.2  +16 42 37   6   0.03680   2  1448.7+1651   62     1983    
WBL 529  14 52 45.4  +07 54 46   3   0.03548   1       
WBL 531  14 52 56.0  +16 43 46   6   0.04428   6  1448.7+1651   62     1983    
WBL 530  14 53 01.1  +03 17 46   6   0.00526   2      148    
WBL 532  14 53 54.9  +03 32 49   3   0.00548   3      148    
WBL 533  14 54 01.5  +10 05 50   3   0.02874   2       
WBL 534  14 54 11.9  +04 46 50   3   0.03099   2       
WBL 535  14 54 54.7  +18 03 52   3   0.02031   2  1451.6+1855   48     1991    
WBL 536  14 56 38.1  +09 19 57   3   0.02862   3  1454.3+0915   39       
WBL 537  14 58 34.8  +48 27 05   4   0.03700   2  1456.2+4901   70       
WBL 538  15 04 19.7  +28 27 22   7   0.05768   7  1502.0+2841   33     2022    
WBL 540  15 05 01.6  +16 19 23   6                1504.6+1639   38       
WBL 539  15 05 04.8  +05 50 23   3   0.03163   1  1510.0+0315  176       
WBL 541  15 05 52.8  +05 48 26   3                1510.0+0315  176       
WBL 542  15 06 06.6  +03 41 27   3   0.03597   2       
WBL 543  15 06 52.6  +12 51 29   3   0.02204   2       
WBL 544  15 07 09.6  +20 28 30   3                1459.8+2043   76       
WBL 545  15 07 21.8  +06 53 31   3   0.03065   1       
WBL 546  15 07 25.5  +16 15 31   3                1504.6+1639   38       
WBL 547  15 08 02.6  +01 14 33   3   0.03522   2  1510.0+0315  176       
WBL 548  15 08 22.7  +19 11 34   3   0.02048   1  1459.8+2043   76         WP 32     
WBL 549  15 08 48.0  +52 27 37   6   0.01040   3  1457.5+5415  112       
WBL 556  15 11 25.6  +75 08 49   3         
WBL 551  15 11 29.8  +04 31 44   4                1510.0+0315  176       
WBL 550  15 11 32.3  +01 39 44   6   0.00673   1  1510.0+0315  176       
WBL 552  15 12 26.0  +01 58 47   3                1510.0+0315  176       
WBL 553  15 12 32.4  +01 28 47   3                1510.0+0315  176       
WBL 554  15 13 17.9  +04 24 50   7   0.03627   5  1510.0+0315  176       
WBL 555  15 13 49.9  +02 03 51   3                1510.0+0315  176       
WBL 560  15 15 49.9  +69 18 02   3   0.02250   1       
WBL 558  15 16 51.5  +07 02 01   8   0.03455   8     2052    
WBL 557  15 16 57.5  +00 13 01   3   0.06230   2  1510.0+0315  176       
WBL 559  15 17 51.3  +07 12 05   3   0.03498   3     2052    
WBL 561  15 18 16.0  +12 57 06   3   0.02792   2       
WBL 562  15 20 24.6  +03 30 13   3   0.03674   2  1510.0+0315  176       
WBL 563  15 20 27.1  +25 43 14   3                1519.4+2610   80       
WBL 564  15 21 38.8  +07 41 17   4   0.04541   4  1518.8+0747   32     2063      MKW 03s   
WBL 565  15 23 04.9  -01 23 38   4   0.02764   1       
WBL 566  15 23 07.9  +08 36 22  28   0.03616  25  1521.2+0851   50     2063    
WBL 567  15 25 23.3  +04 48 30   3         
WBL 569  15 28 08.8  +42 55 41   3   0.01868   1  1534.0+4222  121       
WBL 568  15 28 44.8  +07 26 41   4         
WBL 570  15 29 35.0  +05 03 44   3   0.03756   3       
WBL 571  15 29 36.5  +03 30 44   3   0.03876   2       
WBL 572  15 29 44.9  +42 42 46   3   0.01875   1  1534.0+4222  121       
WBL 573  15 31 32.8  +07 23 51   7   0.03415   5      76     
WBL 574  15 32 29.3  +04 43 54   4   0.03875   4  1530.9+0454   37         MKW 09    
WBL 575  15 32 57.2  +00 29 56   3   0.03940   1  1528.4+0049   97       
WBL 576  15 35 44.2  +25 18 06   5   0.03462   1  1534.4+2553   34       
WBL 577  15 36 18.4  +43 30 09   5   0.01885   4  1534.0+4222  121     155     
WBL 578  15 38 06.9  +26 15 15   3                1534.4+2553   34       
WBL 580  15 39 35.9  +21 48 20   5   0.04151   5  1536.5+2147   70       
WBL 579  15 39 38.0  +14 04 20   6   0.01512   2       
WBL 581  15 40 52.2  +28 18 25   3   0.03201   3  1539.1+2820   53       
WBL 582  15 42 14.1  +07 50 29   3                1540.3+0803   25       
WBL 583  15 42 33.5  +23 45 31   5   0.02292   1       
WBL 585  15 43 40.6  +43 49 36   3   0.03730   2  1534.0+4222  121       
WBL 584  15 43 45.7  +28 28 35   3   0.03278   3  1539.1+2820   53       
WBL 587  15 45 55.3  +30 12 43   3   0.03158   3       
WBL 586  15 46 13.4  +02 24 43   3   0.01298   2       
WBL 589  15 48 15.6  +69 26 55   3   0.03769   1       
WBL 590  15 48 25.3  +68 09 55   3   0.02907   3  1546.0+6722   72     78      
WBL 592  15 49 23.5  +71 14 00   3   0.02555   1       
WBL 588  15 49 49.0  +42 00 58   4         
WBL 591  15 51 27.8  +11 53 03   3                1550.4+1243   46       
WBL 593  15 54 08.6  +18 35 13   4   0.04705   3  1600.4+1925  189         WP 33     
WBL 594  15 54 52.7  +10 58 15   3   0.04010   1  1552.7+1112   54       
WBL 595  15 56 42.3  +41 52 23   3   0.03555   2  1555.1+4146   56       
WBL 596  15 56 53.7  +48 08 25   5   0.01962   4  1610.3+4955  149     160     
WBL 598  15 57 12.1  +63 55 27   3   0.03045   2       
WBL 597  15 57 46.9  +16 17 26   4   0.03546   4  1600.4+1925  189       
WBL 599  15 58 54.3  +14 56 30   3   0.03781   3  1600.4+1925  189       
WBL 600  16 01 11.6  +15 30 39   3   0.03582   2  1600.4+1925  189     2147    
WBL 601  16 01 40.7  +16 20 41   8   0.03548   8  1600.4+1925  189     2147    
WBL 602  16 02 11.1  +15 55 43   3   0.03430   3  1600.4+1925  189     2147    
WBL 603  16 03 34.6  +16 20 48   4   0.03740   4  1600.4+1925  189     2147    
WBL 604  16 03 45.6  +17 13 49   3   0.03449   3  1600.4+1925  189     2151    
WBL 605  16 04 33.1  +12 10 52   3         
WBL 606  16 04 40.4  +16 32 52   5   0.03182   3  1600.4+1925  189     2147    
WBL 607  16 05 26.8  +17 53 55  35   0.03648  35  1600.4+1925  189     2151    
WBL 608  16 05 56.7  +55 22 00   3   0.03136   1  1613.8+5632  110       
WBL 609  16 07 37.2  +13 51 04   5   0.04179   2  1604.1+1407   21       
WBL 610  16 11 34.3  +52 27 21   3   0.02965   1  1610.3+4955  149       
WBL 611  16 13 04.1  +30 52 25   3   0.05049   3  1608.5+3044  178     2162      WP 34     
WBL 612  16 17 51.5  +35 03 44  10   0.03006  10  1615.8+3505   59       
WBL 613  16 23 41.3  +09 45 06   3         
WBL 614  16 27 06.4  +03 08 20   3   0.02680   1       
WBL 615  16 28 24.0  +32 50 26   3   0.03527   3  1626.6+3326   44     82      
WBL 617  16 28 39.8  +41 12 28   5   0.03162   5  1625.5+4006   91     2197    
WBL 616  16 28 42.9  +39 32 28   3   0.02887   3  1625.5+4006   91     2199    
WBL 618  16 30 22.6  +40 43 35   9   0.02973   8  1625.5+4006   91     2197    
WBL 619  16 30 48.2  +39 48 36   7   0.02930   7  1625.5+4006   91     2199    
WBL 620  16 33 06.7  +50 23 47   3   0.04803   1  1629.7+5027   31       
WBL 621  16 37 54.2  +36 04 05   3   0.03239   3       
WBL 622  16 41 29.6  +57 50 22   4   0.01990   1  1638.4+6038  171       
WBL 623  16 48 23.8  +35 52 48   3   0.03148   3       
WBL 627  16 51 23.0  +81 37 14   3   0.03790   3  1609.0+8212   98     2247    
WBL 624  16 52 24.2  +23 18 04   3                1649.9+2343   64       
WBL 626  16 57 38.4  +40 43 27   3                1707.6+4045  167       
WBL 625  16 57 41.8  +27 51 27   3   0.03369   3  1701.4+2830   91         AWM 5, WP 35    
WBL 628  16 57 56.1  +68 29 32   3                1655.8+6844  113       
WBL 629  17 00 42.3  +23 01 39   3   0.00960   2       
WBL 632  17 03 57.9  +78 38 04   3   0.05732   3  1653.9+7856   70     2256    
WBL 630  17 04 53.6  +41 50 58   4                1707.6+4045  167       
WBL 631  17 06 45.0  +43 04 06   3   0.02840   1  1707.6+4045  167       
WBL 633  17 12 57.1  +42 50 32   3                1707.6+4045  167       
WBL 635  17 14 25.2  +43 40 39   3   0.02743   1  1707.6+4045  167       
WBL 634  17 15 00.1  +08 24 39   4         
WBL 636  17 15 21.2  +57 23 44   6   0.02904   3  1730.4+5829  145       
WBL 637  17 17 24.9  +07 40 50   4   0.02241   1  1712.6+0616   48       
WBL 638  17 22 00.6  +30 43 11   3                1722.8+3120   56       
WBL 639  17 23 22.9  +23 39 16   3                1720.5+2345   38       
WBL 640  17 27 15.7  +58 31 36   4   0.02631   2  1730.4+5829  145       
WBL 641  17 27 50.9  +60 02 39   5   0.01090   3  1730.4+5829  145       
WBL 642  17 31 56.2  +06 29 52   4         
WBL 643  17 33 12.2  +43 47 00   4                1728.5+4353   62       
WBL 644  17 36 06.6  +68 04 16   7   0.02580   5  1745.6+6703   89       
WBL 645  17 43 22.2  +67 34 48   5                1745.6+6703   89       
WBL 646  17 48 18.7  +34 03 05   3   0.02218   1       
WBL 647  17 48 42.1  +17 58 06   3         
WBL 648  17 52 31.5  +29 50 23   3   0.02059   2  1756.5+2904  113       
WBL 649  17 54 41.6  +18 21 32   3   0.01043   1  1752.6+1842   34       
WBL 650  17 55 42.8  +62 37 40   5   0.02665   4  1754.9+6230   47       
WBL 651  18 02 50.3  +29 19 08   3                1756.5+2904  113       
WBL 652  18 12 07.5  +21 29 48   7                1812.3+2237  104       
WBL 654  18 12 13.6  +61 21 52   3         
WBL 653  18 12 32.0  +25 29 50   6   0.01531   1  1808.9+2531   71       
WBL 655  18 20 41.5  +38 08 27   3         
WBL 656  18 30 48.5  +34 21 10   3                1826.4+3410   61       
WBL 657  18 34 10.3  +32 07 25   3   0.01835   1  1831.2+3154   37       
WBL 658  18 36 40.0  +19 49 35   3   0.01581   1       
WBL 659  18 39 56.5  +40 03 50   3         
WBL 660  18 51 37.3  +26 29 40   3   0.01383   2       
WBL 661  19 21 09.3  +44 00 44   4   0.04799   3  1916.8+4855  412     2319    
WBL 662  20 11 58.2  +05 47 01   3   0.01752   2       
WBL 663  20 32 54.7  +09 54 16   3   0.01525   3       
WBL 664  20 38 06.1  +10 41 34   3         
WBL 665  20 39 32.0  +02 03 38   3   0.01308   2       
WBL 666  20 47 21.6  +00 21 04   7   0.01303   7       
WBL 667  20 54 39.9  -00 01 32   3         
WBL 668  21 00 13.9  +09 32 46   3   0.03112   1       
WBL 669  21 11 17.4  -02 00 41   3   0.03145   2       
WBL 670  21 11 42.8  +11 23 20   5                2110.2+1238  104       
WBL 671  21 37 09.6  +00 26 31   3         
WBL 672  21 51 55.9  +03 03 07   3                2149.6+0319   55       
WBL 673  21 53 12.0  +15 33 10   4   0.02974   1       
WBL 674  21 54 18.4  +15 05 12   3   0.02453   1       
WBL 675  21 58 22.8  +08 25 22   3         
WBL 676  22 01 41.1  -02 04 31   4   0.02660   2       
WBL 677  22 03 26.5  +12 38 33   3   0.02643   2       
WBL 678  22 14 32.5  +13 48 56   7   0.02357   3  2212.0+1326   44       
WBL 679  22 15 23.2  +37 17 57   4   0.01975   4  2210.0+3745   87       
WBL 680  22 23 52.4  +32 24 13   3   0.02200   2       
WBL 681  22 24 13.9  +36 08 14   3   0.01858   3  2231.2+3732  178       
WBL 682  22 32 49.4  +39 12 29   4   0.01623   3  2231.2+3732  178       
WBL 683  22 36 05.5  +33 57 34   4   0.02175   4  2231.2+3732  178     92      
WBL 684  22 37 05.4  +34 25 35   4   0.02150   4  2231.2+3732  178       
WBL 685  22 38 35.1  +35 26 38   6   0.02704   5  2231.2+3732  178       
WBL 686  22 44 11.9  +10 00 46   3   0.02405   1       
WBL 687  22 48 47.0  +27 34 53   3   0.03203   3       
WBL 688  22 49 59.6  +11 35 54   6   0.02545   6  2247.3+1107   68       
WBL 689  22 52 39.4  +01 07 58   4   0.02564   2       
WBL 690  22 53 33.9  +31 39 59   3   0.01716   2  2252.6+3135   63         WP 38     
WBL 691  22 54 26.7  +20 14 00   4   0.02834   4  2256.5+1933  102       
WBL 692  22 57 54.9  +26 08 04   5   0.02439   3  2256.8+2445   91       
WBL 693  22 59 31.4  +39 06 06   3   0.01731   1       
WBL 694  22 59 46.1  +17 57 06   3   0.03154   1       
WBL 695  23 01 52.9  +15 59 09   4   0.00696   4      163    
WBL 696  23 03 15.7  +19 58 10   3   0.04007   2  2256.5+1933  102       
WBL 697  23 06 01.6  +07 59 13   3                2259.6+0746   83       
WBL 698  23 10 25.9  +07 33 18   4   0.04188   4  2307.6+0713   34       
WBL 699  23 14 19.5  +31 33 21   3   0.02085   1       
WBL 700  23 15 17.2  +18 59 22   4   0.01648   4  2318.0+1910  107     93  WP 39     
WBL 701  23 15 39.6  +25 05 22   3   0.02703   2       
WBL 702  23 16 24.1  +15 51 23   4   0.01465   3       
WBL 703  23 17 05.5  +18 26 24   4   0.04388   2  2318.0+1910  107     2572    
WBL 704  23 17 32.8  +29 01 24   3   0.02382   1  2315.5+2854   69       
WBL 705  23 17 49.7  +09 25 24   3   0.04206   2  2320.0+0845  189       
WBL 706  23 18 07.5  +10 17 25   3   0.03620   1  2320.0+0845  189         WP 40     
WBL 707  23 18 35.6  +18 42 25   3   0.03779   2  2318.0+1910  107     2572    
WBL 709  23 20 18.3  +16 14 26   3   0.02393   3       
WBL 708  23 20 20.1  +08 22 26   3   0.01364   2  2320.0+0845  189     166     
WBL 710  23 20 38.1  +08 11 27   6   0.01285   6  2320.0+0845  189     166     
WBL 712  23 21 38.0  +08 54 27   3   0.01076   3  2320.0+0845  189     166     
WBL 711  23 21 39.5  +01 25 27   3   0.02941   1  2316.5+0046   58       
WBL 713  23 21 39.9  +27 05 27   3   0.01963   3      167    
WBL 714  23 21 55.9  +09 17 28   3   0.03940   2  2320.0+0845  189       
WBL 715  23 23 23.7  +20 34 29   3   0.03800   1  2318.0+1910  107       
WBL 716  23 27 56.3  +08 47 32   3   0.02890   2  2320.0+0845  189     96      
WBL 717  23 28 42.8  +17 18 32   3   0.02322   3       
WBL 718  23 35 09.1  +04 55 36   3         
WBL 719  23 36 31.0  +21 07 36   3   0.05893   3  2332.8+2027   40     2626    
WBL 720  23 37 50.8  +08 02 37   3   0.02062   1       
WBL 721  23 38 42.4  +27 00 37  18   0.03117  18  2335.5+2449  181     2634    
WBL 722  23 41 06.3  +78 13 38   3         
WBL 723  23 43 07.0  +27 21 39   4   0.02655   4  2335.5+2449  181       
WBL 724  23 50 56.2  +27 11 41   9   0.02666   9  2335.5+2449  181     2666    
WBL 726  23 51 14.7  +20 07 41   4   0.01394   4       
WBL 725  23 51 15.3  +08 42 41   3   0.04102   3  2347.5+0707   89       
WBL 727  23 53 33.5  +07 54 42   4   0.01782   4  2347.5+0707   89     174     
WBL 728  23 55 20.8  +30 17 42   5   0.02727   5       
WBL 729  23 59 33.2  +46 54 42   3   0.01675   1  2352.1+4718   96       
