# agcnum radeg    decdeg distMpc Vcmb   logL_V logMH gas2L_V AbsMag_i logL_i  gas2L_i sepmin
  232245 196.7996 11.168 110.8   7753.0 9.92   9.89  -0.0318 -19.95   9.8106  0.0794  330.23
  232246 196.8708 11.713 112.0   7843.0 9.58   9.35  -0.2302 -19.4    9.5916  -0.2416 323.65
  232247 196.8796 12.358 100.5   7035.0 9.06   9.13  0.0708  -18.14   9.0874  0.0426  324.52
  233779 197.0129 11.3   112.4   7867.0 9.68   9.69  0.0119  -19.39   9.5861  0.1039  316.86
  233610 197.0712 11.806 111.7   7818.0 8.49   9.34  0.854   -16.41   8.3966  0.9434  311.79
  232250 197.0892 11.515 111.3   7793.0 9.04   9.26  0.2174  -17.96   9.0158  0.2442  311.34
  232216 197.1192 10.669 108.6   7602.0 9.79   9.25  -0.5371 -19.93   9.8027  -0.5527 316.8 
  232252 197.2642 11.782 97.3    6813.0 9.0    9.19  0.1941  -17.73   8.9257  0.2643  300.48
  8232   197.2729 11.634 112.1   7844.0 10.86  9.66  -1.2039 -22.82   10.9618 -1.3018 300.19
  230122 197.4525 11.651 110.3   7718.0 10.14  10.0  -0.1428 -20.9    10.1928 -0.1928 289.6 
  233613 197.7437 13.807 98.9    6925.0 8.61   9.04  0.4285  -16.76   8.5368  0.5032  297.06
  230157 198.0404 11.236 109.7   7677.0 10.22  9.32  -0.8957 -21.16   10.2952 -0.9752 257.28
  231638 198.3525 8.04   105.9   7414.0 10.09  9.63  -0.4567 -20.46   10.0153 -0.3853 327.45
  8306   198.3938 15.991 101.2   7083.0 10.9   10.11 -0.788  -22.65   10.8924 -0.7824 342.73
  232258 198.4483 13.679 102.1   7148.0 9.39   9.03  -0.357  -18.88   9.3823  -0.3523 256.52
  238739 198.585  7.776  89.6    6269.0 8.67   9.28  0.6052  -16.78   8.5421  0.7379  329.06
  233621 198.7637 16.085 97.5    6828.0 10.0   9.75  -0.2544 -20.51   10.0362 -0.2862 332.83
  230199 198.835  13.091 111.7   7822.0 10.34  9.99  -0.3548 -21.6    10.4715 -0.4815 221.91
  232343 198.8446 11.766 99.4    6955.0 10.01  9.25  -0.7607 -20.4    9.9902  -0.7402 207.66
  231318 198.9646 8.039  107.0   7489.0 10.24  10.1  -0.1449 -20.8    10.1536 -0.0536 302.23
  233599 198.9733 8.029  109.4   7660.0 8.85   9.26  0.4136  -17.37   8.7802  0.4798  302.36
  232650 199.0137 7.081  94.3    6598.0 9.8    9.69  -0.1092 -20.01   9.8358  -0.1458 345.64
  238744 199.0846 7.025  94.9    6641.0 8.74   9.95  1.2124  -17.17   8.7001  1.2499  346.0 
  8350   199.2663 8.399  106.8   7479.0 9.93   9.85  -0.078  -20.05   9.8523  -0.0023 274.2 
  713296 199.2817 9.676  97.6    6834.0 9.2    9.24  0.044   -18.34   9.1689  0.0711  222.3 
  238746 199.4733 8.052  104.2   7295.0 8.98   9.36  0.3778  -17.64   8.8861  0.4739  282.4 
  230229 199.6638 8.686  105.5   7387.0 9.89   9.61  -0.2818 -20.04   9.8479  -0.2379 245.72
  230234 199.7579 14.791 98.4    6890.0 10.18  9.52  -0.6615 -20.96   10.2176 -0.6976 236.41
  735291 199.7908 8.589  106.5   7453.0 9.42   9.41  -0.0119 -19.0    9.4316  -0.0216 245.4 
  232673 199.7975 7.431  98.7    6912.0 10.33  9.56  -0.7746 -21.31   10.3563 -0.7963 302.81
  230239 199.8683 14.578 99.9    6994.0 9.93   9.71  -0.2244 -20.1    9.8711  -0.1611 222.54
  8375   199.9846 15.85  104.2   7293.0 10.76  9.83  -0.9282 -22.57   10.8591 -1.0291 280.82
  238749 200.0108 7.222  102.6   7185.0 8.55   9.37  0.8241  -16.85   8.5718  0.7982  307.74
  232268 200.0421 15.405 98.2    6872.0 9.09   8.87  -0.224  -18.1    9.0704  -0.2004 256.26
  232486 200.1375 12.823 110.8   7756.0 10.02  9.59  -0.4322 -20.29   9.9493  -0.3593 145.37
  233628 200.1996 13.636 101.1   7074.0 8.94   9.64  0.6952  -17.73   8.9234  0.7166  169.03
  230262 200.2358 14.156 105.9   7412.0 10.14  9.97  -0.1714 -20.86   10.1756 -0.2056 189.43
  230268 200.3571 14.729 107.7   7542.0 9.97   9.46  -0.5078 -20.48   10.0248 -0.5648 212.3 
  238751 200.3788 6.601  96.6    6761.0 8.91   9.27  0.3592  -17.5    8.8332  0.4368  333.02
  231350 200.3992 15.321 98.7    6906.0 10.11  9.75  -0.3562 -20.82   10.1606 -0.4106 241.39
  230275 200.4804 14.333 104.3   7301.0 10.21  9.55  -0.6605 -20.94   10.208  -0.658  188.75
  231927 200.5746 13.967 108.5   7595.0 9.31   9.37  0.0649  -18.47   9.2191  0.1509  168.01
  233629 200.6858 14.08  96.7    6772.0 8.46   9.25  0.7879  -16.48   8.4239  0.8261  169.46
  232271 200.7433 14.844 98.8    6916.0 9.24   9.28  0.0386  -18.42   9.201   0.079   206.72
  8408   200.7513 13.951 108.4   7590.0 10.51  10.26 -0.248  -21.68   10.5057 -0.2457 160.94
  233797 200.8471 11.56  100.7   7051.0 8.65   9.25  0.5996  -16.62   8.4818  0.7682  91.11 
  8413   200.8642 6.392  103.5   7248.0 10.57  10.03 -0.5403 -21.93   10.6035 -0.5735 335.98
  230295 200.8779 13.773 107.4   7516.0 10.16  9.33  -0.8253 -21.05   10.2501 -0.9201 147.98
  230297 200.9037 13.973 96.5    6756.0 9.97   9.93  -0.0415 -20.39   9.9887  -0.0587 156.96
  233631 200.9367 14.693 97.3    6811.0 9.14   9.42  0.2761  -18.34   9.1673  0.2527  193.57
  8417   200.9679 13.734 96.0    6717.0 10.48  9.89  -0.5874 -21.66   10.496  -0.606  143.03
  8421   201.0029 9.71   104.0   7280.0 10.91  10.31 -0.5981 -22.87   10.9793 -0.6693 148.8 
  230302 201.0412 9.662  107.3   7515.0 10.14  9.7   -0.4406 -20.67   10.0998 -0.3998 150.05
  231933 201.0625 13.779 102.3   7164.0 9.59   9.63  0.0437  -19.41   9.5957  0.0343  142.12
  715826 201.0804 6.774  102.6   7184.0 9.26   9.28  0.0176  -18.42   9.2016  0.0784  310.55
  233799 201.1025 9.74   103.4   7239.0 9.87   9.65  -0.2199 -19.99   9.8261  -0.1761 144.15
  231935 201.1033 13.813 95.6    6689.0 9.2    9.37  0.1652  -18.44   9.2062  0.1638  142.57
  230305 201.1004 13.938 101.0   7068.0 10.36  9.4   -0.9595 -21.48   10.4259 -1.0259 149.08
  232369 201.1321 11.77  102.9   7206.0 9.42   9.41  -0.0114 -19.02   9.4411  -0.0311 73.31 
  8427   201.1463 6.529  103.4   7240.0 10.91  10.21 -0.7014 -22.79   10.9492 -0.7392 323.91
  230310 201.205  16.145 105.6   7395.0 9.95   10.07 0.1238  -20.26   9.9344  0.1356  270.18
  230312 201.215  13.581 100.7   7046.0 10.0   9.77  -0.2289 -20.55   10.0506 -0.2806 127.33
  715833 201.2429 6.326  105.3   7374.0 9.75   9.56  -0.1887 -19.74   9.7278  -0.1678 334.58
  231943 201.3142 13.276 96.6    6765.0 9.59   9.22  -0.3747 -19.49   9.6275  -0.4075 108.9 
  231944 201.4417 13.911 99.9    6990.0 8.97   9.3   0.3263  -17.78   8.9432  0.3568  138.64
  230324 201.4729 13.298 99.1    6940.0 9.86   9.47  -0.3912 -20.01   9.8369  -0.3669 104.98
  231945 201.5721 13.811 104.5   7313.0 9.6    9.37  -0.2301 -19.39   9.5897  -0.2197 130.2 
  232218 201.855  11.884 105.1   7356.0 10.29  9.29  -1.0019 -21.18   10.3041 -1.0141 31.35 
  8456   201.8954 15.189 105.6   7392.0 10.3   9.59  -0.7111 -21.13   10.2824 -0.6924 206.0 
  233634 202.0946 13.256 110.2   7714.0 9.1    9.32  0.2154  -17.76   8.9341  0.3859  89.59 
  232504 202.0842 12.762 110.0   7699.0 9.3    9.54  0.2437  -18.42   9.1987  0.3413  60.94 
  232596 202.1267 13.108 109.1   7637.0 9.82   9.28  -0.5358 -20.12   9.8816  -0.6016 80.53 
  232507 202.1492 12.066 104.7   7326.0 9.85   9.41  -0.4408 -20.29   9.9464  -0.5364 21.44 
  230351 202.1671 12.711 110.9   7765.0 10.45  9.63  -0.8237 -21.77   10.5382 -0.9082 56.72 
  233820 202.205  10.382 102.4   7166.0 9.85   9.64  -0.2133 -20.04   9.8468  -0.2068 85.04 
  232392 202.2179 11.756 106.3   7438.0 9.35   9.6   0.2476  -18.75   9.3309  0.2691  9.72  
  8469   202.2275 10.038 102.3   7164.0 10.29  9.79  -0.4984 -21.17   10.3015 -0.5115 105.42
  230356 202.2675 12.238 107.8   7544.0 10.34  9.72  -0.6219 -21.41   10.3975 -0.6775 27.75 
  232509 202.2917 12.769 105.9   7412.0 9.19   9.46  0.2651  -18.65   9.2914  0.1686  59.04 
  233802 202.3417 9.061  101.3   7093.0 9.13   9.42  0.2853  -18.13   9.0824  0.3376  163.68
  8475   202.3575 11.008 101.8   7123.0 10.35  10.66 0.3138  -21.49   10.4285 0.2315  46.87 
  230367 202.3979 11.697 97.6    6835.0 9.9    9.3   -0.6003 -20.32   9.9608  -0.6608 5.58  
  233635 202.3875 14.948 104.9   7345.0 9.09   9.36  0.2715  -18.01   9.0379  0.3221  189.53
  230371 202.4346 9.934  96.1    6726.0 10.0   9.59  -0.4119 -20.31   9.9568  -0.3668 111.35
  230372 202.4371 10.018 106.3   7442.0 9.92   9.36  -0.5643 -20.36   9.9744  -0.6144 106.27
  232407 202.4608 11.35  100.4   7027.0 9.3    9.38  0.0802  -18.6    9.272   0.108   26.74 
  8486   202.4867 11.072 100.6   7039.0 10.15  9.64  -0.5135 -20.76   10.1357 -0.4957 43.46 
  713446 202.4896 10.04  107.3   7510.0 9.35   9.25  -0.0973 -18.79   9.3471  -0.0971 105.13
  8488   202.5096 13.416 109.2   7645.0 10.87  10.11 -0.7606 -22.76   10.9363 -0.8263 97.94 
  233873 202.5575 11.544 99.5    6967.0 9.2    9.24  0.0449  -18.21   9.1141  0.1259  18.01 
  231375 202.565  7.486  104.0   7279.0 10.18  9.32  -0.8593 -21.09   10.269  -0.949  258.41
  233637 202.5887 12.484 106.9   7481.0 7.68   9.14  1.4573  -13.77   7.3402  1.7998  43.46 
  230380 202.6662 11.595 107.6   7529.0 10.21  9.48  -0.7316 -20.97   10.2202 -0.7402 20.45 
  232292 202.7658 11.027 108.9   7621.0 9.43   9.15  -0.2824 -18.93   9.4033  -0.2533 51.04 
  233638 202.8267 16.167 112.3   7862.0 9.01   9.51  0.5016  -17.81   8.956   0.554   263.97
  230389 202.8412 10.726 94.1    6590.0 9.91   9.74  -0.1745 -20.22   9.919   -0.179  69.3  
  233641 202.9517 14.276 104.0   7279.0 9.14   9.58  0.4407  -18.03   9.0449  0.5351  152.94
  233803 202.9383 9.583  104.8   7335.0 9.68   9.23  -0.4485 -19.46   9.6156  -0.3856 136.37
  230396 202.9637 14.137 112.2   7854.0 10.2   9.75  -0.4484 -21.0    10.2303 -0.4803 145.01
  232412 202.9771 11.807 103.6   7249.0 9.15   9.08  -0.0736 -18.34   9.1663  -0.0863 35.08 
  231380 203.0525 6.146  103.9   7274.0 9.99   9.77  -0.2213 -20.51   10.0371 -0.2671 340.89
  230403 203.06   10.408 108.3   7578.0 10.04  9.93  -0.1063 -20.36   9.9771  -0.0471 92.0  
  8519   203.1163 7.317  100.0   6997.0 11.09  9.36  -1.727  -23.31   11.1572 -1.7972 271.83
  735361 203.1129 10.097 105.3   7368.0 9.04   9.45  0.4069  -17.78   8.9448  0.5052  110.27
  230407 203.1237 12.818 111.5   7802.0 10.09  9.69  -0.3998 -20.76   10.1346 -0.4446 75.58 
  230408 203.1346 13.933 102.3   7159.0 10.09  9.47  -0.6189 -20.73   10.1245 -0.6545 136.03
  233804 203.2046 10.131 107.3   7513.0 9.91   9.66  -0.2513 -19.76   9.7346  -0.0746 110.69
  8523   203.205  7.17   102.3   7158.0 10.82  9.65  -1.1739 -22.84   10.9664 -1.3164 281.38
  233806 203.2167 9.989  106.1   7424.0 9.62   9.44  -0.1763 -19.43   9.6052  -0.1652 118.67
  8527   203.2258 9.52   103.8   7264.0 10.58  10.18 -0.3961 -21.89   10.5891 -0.4091 144.96
  231389 203.2333 7.288  112.1   7850.0 9.97   9.46  -0.51   -20.34   9.9691  -0.5091 274.73
  233807 203.3108 10.284 106.6   7465.0 9.29   9.37  0.0828  -18.55   9.25    0.12    105.61
  238678 203.3038 8.057  104.0   7279.0 9.35   9.18  -0.1719 -18.75   9.333   -0.153  230.47
  230417 203.3283 11.117 112.8   7896.0 9.95   9.75  -0.2006 -20.44   10.0063 -0.2563 68.8  
  230418 203.3421 9.527  105.9   7416.0 10.12  9.83  -0.2874 -20.56   10.0552 -0.2252 147.06
  238757 203.3575 6.354  91.6    6412.0 9.2    9.29  0.0943  -18.16   9.0962  0.1938  331.17
  233825 203.3875 10.156 106.5   7453.0 9.12   9.13  0.0052  -18.17   9.1014  0.0286  114.52
  238789 203.4092 8.023  109.6   7669.0 9.37   9.17  -0.2046 -18.69   9.3089  -0.1389 233.98
  233824 203.4971 8.286  111.0   7767.0 9.08   9.25  0.1695  -17.91   8.9961  0.2539  220.25
  238612 203.6071 8.854  105.2   7365.0 8.88   9.2   0.3234  -17.61   8.8751  0.3249  190.37
  238698 203.6367 5.946  107.3   7508.0 9.14   9.31  0.1713  -17.98   9.023   0.287   358.39
  238758 203.6825 6.271  100.8   7053.0 9.64   9.45  -0.192  -19.6    9.6714  -0.2214 339.95
  8555   203.6796 9.337  105.1   7355.0 10.79  10.26 -0.5331 -22.48   10.826  -0.566  165.89
  8559   203.7329 13.832 104.3   7302.0 10.85  10.1  -0.7505 -22.74   10.9281 -0.8281 145.94
  233643 203.7312 15.828 97.4    6821.0 9.42   9.46  0.0402  -18.89   9.3866  0.0734  254.8 
  231050 203.74   13.744 101.2   7083.0 9.97   9.96  -0.0098 -20.22   9.9207  0.0393  141.77
  233811 203.7504 8.045  105.1   7356.0 9.18   9.48  0.2952  -18.21   9.1161  0.3639  238.75
  233812 203.7696 9.561  106.7   7472.0 9.33   9.53  0.1979  -18.61   9.2759  0.2541  156.78
  231408 203.7867 6.481  101.7   7119.0 10.44  8.92  -1.5177 -21.93   10.6036 -1.6836 329.18
  238759 203.7971 7.488  103.0   7213.0 8.32   9.31  0.9873  -15.56   8.0546  1.2554  271.33
  713535 203.8721 8.073  105.7   7397.0 9.82   9.13  -0.6874 -20.33   9.9631  -0.8331 239.72
  8573   203.8829 13.676 101.9   7134.0 10.0   10.53 0.5285  -20.77   10.1403 0.3897  143.38
  8572   203.9075 7.545  101.3   7092.0 10.55  9.91  -0.6409 -22.07   10.66   -0.75   270.15
  8569   203.9083 6.193  102.9   7201.0 10.24  9.66  -0.5804 -21.16   10.2946 -0.6346 347.73
  8582   204.0058 6.585  98.7    6906.0 10.59  9.49  -1.1025 -22.06   10.6544 -1.1644 326.7 
  713548 204.0458 9.478  99.6    6969.0 9.87   8.95  -0.9235 -20.38   9.9854  -1.0354 169.9 
  233596 204.1017 7.8    103.5   7246.0 9.71   9.9   0.1909  -19.46   9.6142  0.2858  260.06
  8589   204.1092 7.369  104.7   7332.0 10.72  10.31 -0.4142 -22.4    10.7929 -0.4829 284.19
  231092 204.1487 8.193  103.6   7253.0 10.2   9.67  -0.5336 -20.91   10.1953 -0.5253 239.69
  735413 204.1692 8.243  107.9   7551.0 8.99   9.08  0.0861  -17.73   8.9248  0.1552  237.54
  238760 204.1825 6.996  105.8   7407.0 9.68   9.04  -0.6385 -19.63   9.685   -0.645  306.68
  8596   204.1962 6.497  100.6   7042.0 10.32  9.95  -0.3694 -21.29   10.3487 -0.3987 335.24
  231420 204.2221 15.968 96.7    6772.0 10.04  9.78  -0.2622 -20.36   9.9742  -0.1942 272.73
  230480 204.2575 9.015  102.0   7138.0 9.84   9.39  -0.4495 -19.95   9.8114  -0.4214 199.93
  238761 204.315  6.771  100.6   7039.0 9.81   9.45  -0.357  -19.93   9.805   -0.355  322.12
  8613   204.3496 6.437  106.6   7465.0 10.44  10.08 -0.362  -21.19   10.3096 -0.2296 341.64
  238762 204.3742 7.307  101.1   7080.0 9.55   9.58  0.0277  -19.04   9.4481  0.1319  293.64
  233813 204.5038 10.24  106.5   7458.0 9.09   9.44  0.3463  -17.97   9.0181  0.4219  155.81
  8623   204.5562 6.466  106.0   7422.0 10.13  9.74  -0.3887 -20.57   10.0614 -0.3214 344.4 
  8626   204.5979 6.887  105.3   7373.0 10.58  9.92  -0.6587 -21.97   10.619  -0.699  322.03
  233895 204.7246 10.67  106.5   7452.0 9.56   9.17  -0.3882 -19.2    9.5114  -0.3414 153.44
  8633   204.7229 14.743 104.8   7339.0 10.44  9.93  -0.5137 -21.52   10.4394 -0.5094 223.93
  233658 204.7996 15.441 102.3   7161.0 9.0    9.37  0.3661  -17.47   8.8182  0.5518  260.61
  230516 204.8254 12.724 101.5   7105.0 10.36  10.01 -0.3523 -21.24   10.3266 -0.3166 153.98
  233659 204.8871 15.223 95.6    6689.0 8.81   9.17  0.3621  -17.35   8.7738  0.3962  252.7 
  238764 204.9042 6.997  104.1   7286.0 8.04   9.07  1.0298  -15.2    7.9103  1.1597  323.99
  8644   205.0054 7.367  103.8   7268.0 9.8    9.78  -0.018  -19.82   9.7582  0.0218  307.38
  233902 205.015  10.971 107.0   7490.0 9.13   9.29  0.1633  -18.17   9.1009  0.1891  162.58
  238614 205.1687 7.893  101.9   7131.0 8.79   9.11  0.3214  -17.34   8.7676  0.3424  286.01
  233663 205.2821 15.399 97.4    6821.0 8.85   9.52  0.6732  -17.41   8.7966  0.7234  274.86
  233664 205.3417 14.939 96.0    6723.0 9.52   9.51  -0.0052 -19.14   9.489   0.021   256.17
  8660   205.3537 13.856 106.3   7439.0 10.06  9.71  -0.3451 -20.31   9.9554  -0.2454 213.65
  233668 205.4671 14.834 95.2    6661.0 8.76   9.43  0.6693  -16.66   8.4954  0.9346  256.63
  233815 205.4671 9.121  102.4   7169.0 8.28   9.33  1.0462  -15.97   8.2187  1.1113  242.48
  238767 205.6746 7.516  103.7   7259.0 9.87   9.67  -0.2032 -19.85   9.7727  -0.1027 321.98
  233835 205.8525 7.913  103.4   7236.0 8.28   9.27  0.9855  -15.88   8.1845  1.0855  310.14
  238768 205.86   7.976  103.4   7239.0 7.79   9.17  1.3823  -14.81   7.7552  1.4148  307.63
  233678 205.875  15.051 105.3   7368.0 10.02  9.53  -0.4857 -20.58   10.0643 -0.5343 282.67
  233679 205.9187 13.385 96.4    6749.0 9.59   9.56  -0.0333 -19.4    9.5934  -0.0334 228.27
  230610 205.9604 13.25  97.6    6832.0 9.3    9.52  0.2227  -18.76   9.3364  0.1836  227.3 
  233816 206.13   8.271  101.6   7110.0 9.47   9.41  -0.0574 -18.61   9.2764  0.1336  305.98
  231009 206.1858 15.524 99.6    6975.0 10.22  9.77  -0.4506 -21.16   10.2976 -0.5276 315.35
  231476 206.4375 7.515  103.4   7237.0 10.39  9.84  -0.5524 -21.35   10.3717 -0.5317 351.17
  232427 206.5283 12.038 101.5   7103.0 8.98   9.34  0.362   -17.52   8.8398  0.5002  244.0 
  231485 206.7125 14.415 97.0    6787.0 10.21  9.75  -0.4642 -21.03   10.246  -0.496  298.18
  233680 206.7192 15.969 97.4    6820.0 8.9    9.32  0.4225  -17.53   8.845   0.475   356.04
  233836 206.7983 8.002  103.8   7269.0 8.38   9.2   0.8204  -15.99   8.2293  0.9707  346.09
  233683 206.8183 13.298 96.8    6778.0 8.99   9.43  0.4405  -17.79   8.9496  0.4804  275.26
  233684 206.8854 14.266 96.0    6719.0 9.1    9.33  0.233   -18.11   9.074   0.256   302.4 
  230666 207.0254 12.072 104.2   7293.0 10.14  9.84  -0.2978 -20.51   10.0379 -0.1979 273.23
  713652 207.0446 10.176 106.8   7478.0 9.97   9.32  -0.6484 -20.36   9.9765  -0.6565 291.29
  230723 207.3696 13.877 106.7   7468.0 9.77   9.57  -0.1954 -19.86   9.7758  -0.2058 317.65
  233689 207.5912 14.141 109.5   7663.0 9.57   9.5   -0.0714 -19.3    9.5514  -0.0514 335.79
  233691 207.5796 14.352 102.9   7205.0 9.29   9.26  -0.0301 -18.54   9.2473  0.0127  340.57
  230750 207.7538 13.773 92.0    6437.0 9.67   9.51  -0.1594 -19.56   9.6545  -0.1445 336.2 
  233692 207.7475 13.938 98.9    6921.0 9.22   9.31  0.0895  -18.48   9.2242  0.0858  339.39
  233693 207.7633 13.983 91.0    6368.0 8.87   9.06  0.1914  -17.39   8.7874  0.2726  341.25
  233564 207.8537 10.177 108.2   7574.0 9.49   9.66  0.1709  -19.06   9.4545  0.2055  336.58
  8766   207.8788 14.092 103.7   7257.0 11.02  9.94  -1.0828 -23.16   11.0971 -1.1571 349.95
  233561 207.9113 14.343 105.3   7370.0 9.31   9.52  0.2113  -18.72   9.3209  0.1991  357.74
  8772   208.035  14.116 101.1   7077.0 10.67  9.57  -1.097  -22.4    10.7917 -1.2217 358.91
  232558 208.2617 12.553 97.1    6794.0 9.47   9.6   0.1343  -18.61   9.2745  0.3255  348.0 
