  0.2100420837E+03  0.8778888702E+01     7.200  0.417    0.0
  0.2100866547E+03  0.8566389084E+01    15.000  0.600    0.0
  0.2101095734E+03  0.8549444199E+01    10.200  0.765    0.0
  0.2101291656E+03  0.8650278091E+01    66.000  0.182  162.0
  0.2101945801E+03  0.8455833435E+01    12.600  0.571    0.0
  0.2102379150E+03  0.8559166908E+01     5.000  1.000    0.0
  0.2102870941E+03  0.8583333015E+01    31.800  0.415    0.0
  0.2103412476E+03  0.8323611259E+01    14.400  0.250    0.0
  0.2103637543E+03  0.8739444733E+01    17.400  0.276    0.0
  0.2104033356E+03  0.8490833282E+01     8.400  0.571    0.0
  0.2104674988E+03  0.8785833359E+01    39.000  0.923    1.0
