249139          1400101+084644   12   5 221   300      0  0      0   0    0   0     J275  0  0    0  8  0
249163          1400208+083359   25  15 183   300      0-98      0   0    0   0     00 0  0  0    0  8  0
249140          1400263+083258   17  13 186   300      0-99      0   0    0   0     J275  0  0    0  9  0
230925 074-035  1400310+083901  110  20 156   160   4593-99    339   0 4363 620  P200255  0  6  162  9  4
730078          1400467+082721   21  12 165     0  17886-98      0   0    0   0      0 0  0  0    0  8  0
249137 HIdet    1400571+083333    0   0   0     0      0  0     53 225 4702  33  A50J875  0  0    0  0  0
231601 9074-038 1401089+083500   53  22 153   120   4876-99    155 226 4864 400  A50J875  0  0    0  9  0
730085          1401219+081925   24   6 165     0  18149-98      0   0    0   0      0 0  0  0    0  8  0
730087          1401273+084422   29   8 177     0   5987-98      0   0    0   0      0 0  0  0    0  8  0
730089          1401368+082927   14   8 175     0  18039-98      0   0    0   0      0 0  0  0    0  8  0
230955 074-045  1401522+084709   65  60 147   140   6066 32    277   0 6071 185  P200155  8 60    1  9  0
