# AGC     Vcmb   Dist  Grp Type sepdeg  b/a    incl     m_r   mcorr  absmag logL  logstar  (u-r)corr
#  sepdeg = projected separation in degrees from Zw1400+09
#  group 1 = MKW12; group 2 = background group in same field.
715890   16192.  231.3  0  20    3.31  0.139   90.0    17.26  16.19 -20.64  10.13   9.88   0.57
715891   17421.  248.9  0  20    4.10  0.591   55.4    16.12  15.80 -21.18  10.35  10.52   1.49
713685   11551.  165.0  0  20    2.70  0.866   30.7    14.63  14.54 -21.55  10.49  10.85   1.80
713686   17011.  243.0  0  20    2.70  0.284   78.1    17.59  16.96 -19.97   9.86   9.96   1.53
713687   13805.  197.2  0  20    2.79  0.471   64.2    16.81  16.38 -20.09   9.91   9.87   1.20
715892    4175.   59.6  0  20    3.16  0.769   40.7    16.08  16.00 -17.87   9.02   9.17   1.40
713688   17144.  244.9  0  20    2.67  0.368   71.6    16.29  15.68 -21.27  10.38  10.63   1.71
713690    5097.   72.8  0  20    2.64  0.547   58.7    17.45  17.27 -17.05   8.69   8.60   0.86
232436   12084.  172.6  0   3    3.38  0.365   71.8    16.95  16.50 -19.69   9.75   9.54   0.93
238633    7020.  100.3  0   5    3.54  0.547   58.7    17.51  17.33 -17.68   8.94   8.94   1.95
715894   11482.  164.0  0  20    3.29  0.124   90.0    17.58  16.98 -19.10   9.51   9.35   1.33
231532    7182.  102.6  0   3    3.00  0.786   39.1    14.60  14.46 -20.60  10.11  10.27   1.41
715895   16437.  234.8  0  20    3.68  0.879   29.1    16.73  16.65 -20.20   9.95  10.40   2.18
715896   16447.  235.0  0  20    3.61  0.529   60.0    16.38  15.99 -20.86  10.22  10.65   2.29
715898   16248.  232.1  0  20    4.07  0.200   90.0    17.28  16.41 -20.42  10.04   9.83   0.70
713697    7178.  102.5  0  20    2.58  0.654   50.5    17.59  17.46 -17.60   8.91   9.03   1.43
715899   11634.  166.2  0  20    2.88  0.935   21.2    15.17  15.12 -20.98  10.26  10.77   2.29
715900   11807.  168.7  0  20    2.88  0.978   12.3    15.68  15.66 -20.47  10.06  10.64   2.46
715901   11810.  168.7  0  20    2.91  0.326   74.8    16.44  15.77 -20.36  10.02  10.08   1.19
232437   11485.  164.1  0  20    3.09  0.633   52.2    16.83  16.61 -19.46   9.66   9.64   1.18
713705   13761.  196.6  0  20    2.53  0.887   28.1    17.05  16.99 -19.48   9.66  10.10   2.15
715902   11660.  166.6  0  20    2.83  0.786   39.1    15.79  15.64 -20.47  10.06  10.41   1.95
713706   11603.  165.8  0  20    2.36  0.682   48.3    15.36  15.12 -20.98  10.26  10.74   2.40
715903   15608.  223.0  0  20    3.70  0.821   35.6    16.56  16.44 -20.30   9.99  10.48   2.13
715904   15686.  224.1  0  20    3.60  0.964   15.7    17.36  17.34 -19.41   9.64  10.02   1.96
713708   11766.  168.1  0  20    2.47  0.416   68.1    16.68  16.23 -19.90   9.83   9.89   1.06
713710   13063.  186.6  0  20    2.44  0.484   63.3    16.98  16.61 -19.74   9.77   9.80   1.20
715905   15713.  224.5  0  20    3.69  0.502   62.0    15.71  15.28 -21.47  10.46  10.92   2.29
715906   11485.  164.1  0  20    2.71  0.385   70.4    15.98  15.39 -20.69  10.15  10.34   1.59
230792   11564.  165.2  0   5    3.05  0.459   65.1    15.13  14.65 -21.44  10.45  10.57   1.68
713713   11640.  166.3  0  20    2.29  0.686   48.0    17.46  17.34 -18.76   9.38   9.49   1.56
238635    5932.   84.7  0   3    3.81  0.950   18.6    16.35  16.33 -18.31   9.20   9.27   1.70
232158    7202.  102.9  0   6    2.47  0.650   50.9    16.96  16.82 -18.24   9.17   9.30   1.26
715907   15796.  225.7  0  20    3.60  0.961   16.4    14.84  14.81 -21.96  10.66  11.26   2.74
232438   11371.  162.4  0  20    2.92  0.414   68.3    15.76  15.21 -20.84  10.21  10.54   1.97
713717    7025.  100.4  0  20    2.25  0.513   61.2    17.08  16.87 -18.13   9.13   9.05   0.98
715908   16450.  235.0  0  20    3.49  0.730   44.2    17.16  16.98 -19.88   9.82   9.71   0.93
730036   11103.  158.6  0  20    2.17  0.539   59.3    17.55  17.36 -18.64   9.33   9.27   0.90
715909   16229.  231.8  0  20    2.72  0.580   56.2    16.57  16.23 -20.60  10.11  10.36   1.75
230801    7115.  101.6  0   6    2.14  0.810   36.8    15.27  15.15 -19.88   9.83   9.92   1.73
238637    7218.  103.1  0   3    2.51  0.301   76.7    16.79  16.42 -18.65   9.33   9.26   0.62
730037    7121.  101.7  0  20    2.29  0.662   49.9    15.37  15.13 -19.91   9.83  10.26   2.29
715911   11298.  161.4  0  20    3.81  0.349   73.0    17.74  17.41 -18.63   9.32   9.20   0.92
233581    7212.  103.0  0   3    2.27  0.286   78.0    15.49  14.79 -20.27   9.98  10.34   1.53
730038   11803.  168.6  0  20    3.27  0.521   60.6    16.77  16.45 -19.69   9.75   9.58   0.88
715913   11750.  167.9  0  20    2.76  0.648   51.0    15.91  15.65 -20.48  10.06  10.09   1.43
730039   15746.  224.9  0  20    3.48  0.472   64.1    15.34  14.85 -21.91  10.64  10.88   1.88
238639    7423.  106.0  0   3    2.24  0.358   72.4    16.68  16.37 -18.76   9.38   9.06   0.67
232301   11932.  170.5  0  20    2.60  0.192   90.0    17.47  16.95 -19.21   9.56   9.44   0.66
715915   11678.  166.8  0  20    2.76  0.759   41.6    16.68  16.54 -19.58   9.70   9.71   1.20
713726   15001.  214.3  0  20    1.92  0.623   53.0    17.15  16.89 -19.76   9.78   9.69   1.17
230815    7192.  102.7  0   2    2.79  0.376   71.0    14.80  14.20 -20.86  10.22  10.50   2.04
730040   18391.  262.7  0  20    1.93  0.890   27.7    17.58  17.52 -19.58   9.70   9.93   1.41
230816   11754.  167.9  0   0    2.00  0.881   28.9    13.93  13.83 -22.30  10.79  11.31   2.47
730041   15727.  224.7  0  20    3.31  0.256   80.6    16.82  15.98 -20.78  10.18   9.99   0.75
715916   11527.  164.7  0  20    2.93  0.346   73.3    17.50  17.17 -18.91   9.44   9.45   0.63
730042   11981.  171.2  0  20    3.45  0.583   56.0    17.16  16.95 -19.22   9.56   9.53   1.21
715917   18032.  257.6  0  20    2.44  0.720   45.1    17.29  17.09 -19.97   9.86  10.35   2.56
238660   11571.  165.3  0   0    1.99  0.290   77.6    16.82  16.22 -19.88   9.82   9.98   1.69
231014    7458.  106.5  0   0    3.28  0.661   50.0    14.57  14.31 -20.83  10.20  10.20   1.17
232302   11698.  167.1  0  20    2.11  0.132   90.0    17.02  16.18 -19.94   9.85   9.63   0.59
715918   12036.  171.9  0  20    3.88  0.498   62.3    15.31  14.88 -21.29  10.39  10.68   1.80
715919   15675.  223.9  0  20    3.27  0.876   29.5    15.69  15.61 -21.14  10.33  10.85   2.40
238658   11741.  167.7  0   3    1.83  0.225   84.0    16.66  15.90 -20.22   9.96   9.70   0.78
230831    7038.  100.5  0   4    2.08  0.566   57.3    14.85  14.50 -20.51  10.08   9.91   0.96
730043    7440.  106.3  0  20    2.81  0.782   39.5    16.57  16.49 -18.64   9.33   9.40   1.26
730044   16973.  242.5  0  20    1.71  0.627   52.7    16.48  16.19 -20.73  10.16  10.41   2.04
730045   13453.  192.2  0  20    2.13  0.486   63.1    16.88  16.49 -19.93   9.84   9.66   1.01
238642    7554.  107.9  0   3    3.80  0.285   78.0    15.05  14.28 -20.88  10.23  10.41   1.39
713743   16920.  241.7  0  20    1.70  0.911   24.9    17.35  17.30 -19.62   9.72   9.81   1.59
231562    7323.  104.6  0  20    2.04  0.504   61.8    14.39  13.97 -21.13  10.32  10.65   1.98
715920    7282.  104.0  0  20    2.16  0.629   52.5    17.18  17.04 -18.05   9.09   9.17   1.23
238661   16217.  231.7  0   3    3.81  0.554   58.2    16.87  16.51 -20.32  10.00   9.97   1.15
238644    7051.  100.7  0   3    1.74  0.495   62.5    16.70  16.49 -18.53   9.28   9.22   1.17
238645    7141.  102.0  0   3    1.94  0.236   82.7    16.59  16.15 -18.89   9.43   9.35   1.01
233565    5169.   73.8  0   3    1.76  0.500   62.1    16.85  16.64 -17.70   8.95   8.62   1.02
232439    6920.   98.9  0   3    2.60  0.474   64.0    16.88  16.65 -18.32   9.20   9.15   1.11
232440    6894.   98.5  0   3    2.55  0.575   56.6    16.81  16.64 -18.33   9.20   9.27   1.29
232441   17999.  257.1  0  20    2.40  0.943   19.9    17.56  17.53 -19.52   9.68   9.83   1.65
730046    4261.   60.9  0  20    1.83  0.832   34.5    16.31  16.25 -17.67   8.94   9.10   1.42
730047   14476.  206.8  0  20    1.64  0.820   35.7    17.35  17.25 -19.32   9.60   9.85   1.65
233583    4310.   61.6  0  10    1.70  0.741   43.3    16.94  16.85 -17.10   8.71   8.67   1.42
  8861    5151.   73.6  0   6    1.76  0.423   67.6    15.52  15.24 -19.09   9.51   9.42   1.99
232303   11760.  168.0  0  20    2.05  0.329   74.5    17.21  16.78 -19.35   9.61   9.82   1.76
713750   16335.  233.4  0  20    1.97  0.882   28.8    16.73  16.65 -20.19   9.95  10.14   1.58
232304   11738.  167.7  0  20    2.05  0.665   49.7    15.42  15.17 -20.95  10.25  10.75   2.36
232305   11445.  163.5  0   3    2.11  0.264   79.9    17.13  16.61 -19.46   9.65   9.56   1.19
730048   15801.  225.7  0  20    2.91  0.511   61.3    17.39  17.05 -19.72   9.76   9.95   1.54
730049   16339.  233.4  0  20    3.70  0.615   53.6    16.20  15.90 -20.94  10.25  10.68   2.20
232442   11762.  168.0  0  20    2.32  0.750   42.5    17.16  17.05 -19.08   9.50   9.61   1.13
232443   11400.  162.9  0  20    2.46  0.221   84.5    17.13  16.55 -19.51   9.68   9.54   1.16
232306   11688.  167.0  0   3    1.90  0.313   75.8    17.61  17.25 -18.86   9.42   9.30   1.02
715921   16589.  237.0  0  20    3.19  0.532   59.8    15.86  15.47 -21.40  10.43  10.87   2.25
232444    7074.  101.1  0  20    2.50  0.499   62.2    17.65  17.43 -17.59   8.91   8.76   0.87
232445   12017.  171.7  0  20    2.70  0.568   57.1    16.95  16.68 -19.49   9.67  10.04   2.20
730050    7504.  107.2  0  20    1.55  0.826   35.1    17.43  17.37 -17.78   8.98   8.91   0.90
232446   11863.  169.5  0  20    2.69  0.728   44.4    14.54  14.32 -21.82  10.60  10.97   2.13
232307    6900.   98.6  0  20    1.82  0.762   41.4    17.26  17.18 -17.79   8.99   9.10   1.32
238673   11890.  169.9  0  -2    2.08  0.691   47.5    16.23  16.00 -20.15   9.93  10.34   2.12
730051    4999.   71.4  0  20    2.64  0.643   51.4    17.48  17.34 -16.93   8.64   8.44   0.71
730052   16757.  239.4  0  20    1.98  0.759   41.6    16.20  16.03 -20.86  10.22  10.67   2.20
  8868    6420.   91.7  0   0    3.02  0.917   24.0    13.07  13.01 -21.80  10.59  10.96   2.03
230866    6491.   92.7  0   3    3.00  0.481   63.5    14.01  13.56 -21.27  10.38  10.62   1.80
232308   17386.  248.4  0  20    1.78  0.473   64.1    17.60  17.23 -19.74   9.77   9.52   0.83
730053    4594.   65.6  0  20    3.43  0.418   68.0    16.92  16.66 -17.43   8.84   8.89   1.08
730054   16382.  234.0  0  20    3.54  0.411   68.5    17.31  16.81 -20.03   9.88  10.23   1.87
230865    6367.   91.0  0   3    2.97  0.973   13.6    14.81  14.79 -20.01   9.87   9.95   1.53
232447   12174.  173.9  0   3    2.61  0.271   79.2    16.82  16.17 -20.03   9.88   9.63   0.56
715922   16460.  235.1  0  20    3.23  0.314   75.7    16.71  16.00 -20.86  10.22  10.18   1.13
  8871   16305.  232.9  0   3    3.64  0.592   55.3    14.90  14.50 -22.33  10.81  10.95   1.65
230869    7153.  102.2  0   1    1.45  0.763   41.3    14.69  14.52 -20.53  10.08  10.48   2.22
  8874    4621.   66.0  0   3    3.49  0.768   40.8    12.59  12.42 -21.68  10.55  10.82   2.10
730055   16855.  240.8  0  20    1.44  0.405   68.9    16.85  16.29 -20.62  10.12  10.19   1.32
233919   16915.  241.6  0  20    1.81  0.571   56.9    17.49  17.19 -19.72   9.76  10.19   2.38
730056   16351.  233.6  0  20    3.52  0.460   65.0    16.62  16.14 -20.70  10.15  10.12   1.18
231575    7337.  104.8  0   3    2.30  0.772   40.4    13.68  13.51 -21.59  10.51  10.82   2.54
232448   16953.  242.2  0  20    2.68  0.438   66.6    16.63  16.13 -20.79  10.19  10.48   1.95
  8878    7093.   98.4  2   3    1.34  0.609   54.1    13.52  13.20 -21.77  10.58  10.83   1.86
231576    4939.   70.6  0   3    2.27  0.334   74.2    15.08  14.58 -19.66   9.74  10.00   1.68
232449   16921.  241.7  0  20    2.14  0.488   63.0    17.20  16.79 -20.12   9.92   9.76   0.86
713762   16826.  240.4  0  20    1.34  0.911   24.9    16.40  16.34 -20.56  10.10  10.65   2.53
713763   12791.  182.7  0  20    1.44  0.590   55.5    17.60  17.43 -18.88   9.43   9.41   1.27
231122    4633.   66.2  0   3    2.25  0.843   33.3    15.02  14.95 -19.15   9.53   9.78   1.89
  8881    7311.  104.4  0   5    2.47  0.191   90.0    14.64  13.62 -21.47  10.46  10.32   1.23
232450   11516.  164.5  0  20    2.78  0.212   85.9    17.46  16.98 -19.10   9.51   9.25   0.57
230872    7108.  101.5  0   3    1.82  0.602   54.6    15.22  14.91 -20.12   9.92   9.90   1.18
713764   11566.  165.2  0  20    2.57  0.733   44.0    17.29  17.18 -18.91   9.44   9.43   1.50
238646    7118.  101.7  0   3    1.85  0.268   79.5    16.30  15.87 -19.17   9.54   9.52   1.42
232121    7047.  100.7  0   6    1.48  0.151   90.0    16.46  15.88 -19.14   9.53   9.51   1.62
238653    7512.  107.3  0  -2    2.46  0.615   53.6    15.73  15.48 -19.68   9.74  10.18   2.26
715923    5288.   75.5  0  20    3.06  0.889   27.9    17.18  17.14 -17.25   8.77   8.97   1.54
  8886    5376.   76.8  0  -2    3.03  0.769   40.7    12.86  12.68 -21.74  10.57  11.05   2.41
730057    7594.  108.5  0  20    2.23  0.579   56.3    17.64  17.48 -17.70   8.95   8.90   0.85
238821    4600.   65.7  0  -2    3.27  0.827   35.0    16.99  16.93 -17.16   8.73   9.09   2.29
231119    7543.  107.8  0   3    2.38  0.532   59.8    14.25  13.86 -21.30  10.39  10.55   1.83
730058    4607.   65.8  0  20    3.03  0.289   77.7    17.61  17.23 -16.86   8.62   8.49   0.79
232635   16785.  239.8  0   3    1.11  0.865   30.8    16.05  15.96 -20.94  10.25  10.42   1.69
  8891    5476.   78.2  0   4    3.44  0.152   90.0    13.77  12.61 -21.86  10.62  10.55   1.26
233568    7035.  100.5  0   3    1.48  0.599   54.8    16.45  16.29 -18.72   9.36   9.47   1.65
232636   16934.  241.9  0   3    1.11  0.790   38.7    15.40  15.25 -21.67  10.54  10.76   1.62
730059   13606.  194.4  0  20    1.97  0.790   38.7    17.22  17.11 -19.33   9.61   9.49   0.74
713768   14384.  205.5  0  20    1.18  0.455   65.4    17.06  16.64 -19.92   9.84   9.74   0.95
233922   17781.  254.0  0  20    1.80  0.469   64.3    18.47  18.23 -18.79   9.39   8.57   0.41
713769   17025.  243.2  0  20    2.68  0.776   40.1    16.77  16.61 -20.32  10.00  10.51   2.43
232451   11788.  168.4  0  20    2.52  0.550   58.5    15.75  15.38 -20.75  10.17  10.32   1.42
730060    5469.   78.1  0  20    2.95  0.455   65.4    16.27  16.03 -18.44   9.25   9.53   1.32
713770   17337.  247.7  0  20    2.65  0.893   27.3    14.92  14.83 -22.14  10.73  11.18   2.67
730061    7248.   98.4  2  20    1.25  0.840   33.6    17.47  17.41 -17.55   8.89   9.07   1.52
  8896    4661.   66.6  0   3    2.35  0.157   90.0    14.30  13.16 -20.96  10.26  10.07   0.78
713771    7141.  102.0  0  20    2.02  0.526   60.2    16.46  16.27 -18.78   9.38   9.72   1.96
730062   16883.  241.2  0  20    1.60  0.251   81.1    17.42  16.68 -20.23   9.96   9.76   0.76
730063    5521.   78.9  0  20    2.82  0.709   46.0    15.86  15.75 -18.73   9.37   9.44   1.23
730064    5456.   77.9  0  20    3.00  0.607   54.2    17.58  17.43 -17.03   8.68   8.88   1.69
238647    7556.  107.9  0   3    2.88  0.371   71.4    17.20  16.90 -18.27   9.18   9.30   1.38
730065   16517.  236.0  0  20    3.47  0.573   56.8    15.81  15.47 -21.40  10.43  10.74   1.80
233923   14449.  206.4  0  20    1.14  0.476   63.8    15.72  15.27 -21.31  10.39  10.74   1.80
713776   12098.  172.8  0  20    2.55  0.467   64.5    16.02  15.55 -20.64  10.13  10.41   1.93
231120    7654.  109.3  0   5    2.28  0.302   76.7    15.54  14.88 -20.32  10.00   9.57   0.69
713777   13059.  186.6  0  20    1.62  0.854   32.1    16.93  16.85 -19.50   9.67   9.79   1.71
232637   16967.  242.4  0  20    0.97  0.611   53.9    15.56  15.25 -21.67  10.54  10.91   2.06
233569    6973.   98.4  2   3    1.26  0.582   56.1    17.54  17.37 -17.59   8.91   8.96   1.89
730066   16877.  241.1  0  20    0.91  0.523   60.5    16.74  16.34 -20.57  10.10   9.95   1.11
730067   17059.  243.7  0  20    1.09  0.727   44.5    16.74  16.55 -20.39  10.03  10.18   1.21
230898    6910.   98.4  2   3    1.18  0.914   24.5    14.16  14.10 -20.86  10.22  10.40   1.61
730068   14415.  205.9  0  20    1.42  0.465   64.6    15.94  15.47 -21.10  10.31  10.58   1.83
713782   17315.  247.4  0  20    2.34  0.609   54.1    16.12  15.82 -21.15  10.33  10.74   2.12
730069   18457.  263.7  0  20    1.04  0.219   84.8    15.63  14.62 -22.49  10.87  10.97   1.34
238625    4858.   69.4  0   0    1.41  0.341   73.6    15.38  14.99 -19.22   9.56   9.76   1.52
233570    5279.   75.4  0   3    2.13  0.594   55.2    15.99  15.83 -18.56   9.30   9.25   1.03
233924   11711.  167.3  0   3    1.54  0.481   63.5    15.46  15.01 -21.11  10.32  10.50   1.53
238649   16893.  241.3  0   2    0.76  0.226   83.8    16.78  15.87 -21.05  10.29   9.93   1.19
230912   11915.  170.2  0   3    2.82  0.689   47.7    15.52  15.29 -20.86  10.22  10.17   1.18
233598    4840.   69.1  0   3    1.74  0.607   54.2    16.03  15.88 -18.32   9.20   9.21   1.11
713784   17169.  245.3  0  20    2.03  0.339   73.8    17.25  16.60 -20.35  10.01  10.28   1.62
730070   11364.  162.3  0  20    0.82  0.532   59.8    17.87  17.68 -18.37   9.22   9.10   0.87
243884    4807.   68.7  0   3    1.71  0.470   64.3    17.22  16.99 -17.20   8.75   8.95   1.20
730071    5974.   83.7  1  20    0.68  0.893   27.3    16.53  16.50 -18.12   9.12   9.20   1.33
713785   12990.  185.6  0  20    1.84  0.318   75.4    15.82  15.12 -21.22  10.36  10.21   0.85
230914   12108.  173.0  0   0    2.86  0.460   65.0    13.90  13.28 -22.91  11.03  11.28   1.93
249086    7285.   98.4  2   3    1.34  0.303   76.6    17.27  16.90 -18.06   9.10   8.95   0.78
730072   16863.  240.9  0  20    0.68  0.742   43.2    17.00  16.82 -20.09   9.91  10.29   1.96
730073   17067.  243.8  0  20    2.84  0.919   23.7    16.15  16.09 -20.84  10.21  10.31   1.41
  8918    4360.   62.3  0   3    0.73  0.279   78.6    14.12  13.34 -20.64  10.13  10.18   1.71
230917    6090.   83.7  1   3    0.63  0.252   81.0    15.12  14.38 -20.24   9.97  10.02   1.31
243834   16998.  242.8  0   3    0.87  0.745   42.9    15.69  15.51 -21.42  10.44  10.92   2.28
730074   17390.  248.4  0  20    1.57  0.753   42.2    17.15  16.98 -19.99   9.87   9.93   1.37
243818    7108.   98.4  2   3    0.87  0.268   79.5    16.40  16.00 -18.97   9.46   9.28   0.75
730075   17140.  244.9  0  20    2.86  0.438   66.6    17.39  16.94 -20.01   9.87   9.66   0.89
713787   12075.  172.5  0  20    2.88  0.894   27.2    17.02  16.97 -19.22   9.56  10.02   2.52
730076   16700.  238.6  0  20    0.82  0.758   41.7    15.80  15.63 -21.26  10.38  10.62   1.67
243904   11798.  168.5  0   3    2.81  0.565   57.4    16.62  16.32 -19.82   9.80   9.97   1.56
713788   11819.  168.8  0  20    2.72  0.482   63.4    17.74  17.51 -18.62   9.32   9.69   2.08
713789   12009.  171.6  0  20    1.41  0.364   71.9    17.55  17.24 -18.93   9.44   9.25   0.74
242246    4419.   63.1  0  10    0.65  0.483   63.3    17.56  17.34 -16.66   8.54   8.62   0.94
730077   17171.  245.3  0  20    2.78  0.499   62.2    16.61  16.18 -20.77  10.18  10.55   1.79
249087   11214.  160.2  0   4    2.18  0.874   29.7    15.76  15.68 -20.34  10.01  10.06   1.66
249088    5629.   83.7  1   3    0.68  0.220   84.6    17.28  16.81 -17.80   8.99   8.80   0.57
231136   14379.  205.4  0  20    0.54  0.127   90.0    17.44  16.56 -20.00   9.87   9.88   0.78
730078   18146.  259.2  0  20    1.01  0.580   56.2    16.44  16.10 -20.97  10.26  10.55   1.55
243828    5335.   76.2  0   6    0.55  0.686   48.0    17.30  17.18 -17.23   8.76   8.71   0.82
730079   11098.  158.5  0  20    2.14  0.190   90.0    16.72  15.93 -20.07   9.90   9.76   0.87
243815   11966.  170.9  0  20    1.39  0.969   14.6    16.04  16.02 -20.14   9.93   9.93   1.29
231599    4591.   65.6  0   3    2.88  0.454   65.4    15.21  14.92 -19.16   9.54   9.49   1.05
249089    5512.   78.7  0   3    1.56  0.437   66.6    15.95  15.70 -18.78   9.39   9.29   1.34
249091    7377.  105.4  0   4    1.97  0.136   90.0    16.51  15.91 -19.20   9.55   9.40   1.36
713791   13272.  189.6  0  20    1.94  0.872   30.0    17.70  17.65 -18.74   9.37   9.29   0.97
249090    6525.   83.7  1   3    0.70  0.855   32.0    16.48  16.43 -18.18   9.15   9.17   1.20
730080   17126.  244.7  0  20    2.81  0.607   54.2    16.20  15.89 -21.05  10.29  10.33   1.08
248868    7199.  102.8  0   3    2.82  0.728   44.4    17.23  17.13 -17.93   9.04   9.05   1.10
730081   14453.  206.5  0  20    2.61  0.590   55.5    17.71  17.51 -19.07   9.50   9.66   1.23
242168    5693.   83.7  1   6    0.48  0.431   67.1    17.60  17.34 -17.27   8.78   8.45   1.06
730082   17648.  252.1  0  20    1.22  0.414   68.3    16.53  15.99 -21.02  10.28  10.12   1.02
730083   11668.  166.7  0  20    2.80  0.566   57.3    16.99  16.74 -19.37   9.62   9.59   1.00
231601    5124.   73.2  0   1    0.85  0.371   71.4    14.07  13.46 -20.87  10.22  10.54   1.98
  8928    7170.  102.4  0   3    1.68  0.925   22.8    14.06  14.01 -21.04  10.29  10.31   1.53
230943   10495.  149.9  0   5    1.22  0.184   90.0    15.76  14.71 -21.17  10.34  10.31   0.96
242306   11483.  164.0  0  20    1.88  0.865   30.8    17.74  17.69 -18.38   9.22   9.19   0.95
230939    7118.   98.4  2   4    0.87  0.750   42.5    14.61  14.43 -20.53  10.08  10.28   1.67
730084    7469.  106.7  0  20    2.75  0.240   82.2    17.42  16.98 -18.16   9.14   9.11   1.38
  8934   10505.  150.1  0   5    1.20  0.505   61.8    14.76  14.34 -21.54  10.49  10.55   1.54
730085   18409.  263.0  0  20    1.07  0.265   79.8    16.37  15.55 -21.55  10.49  10.75   1.80
243816    6449.   83.7  1  20    0.39  0.442   66.3    15.65  15.32 -19.29   9.59   9.88   1.93
730086    6868.   98.4  2  20    0.66  0.775   40.2    17.58  17.50 -17.47   8.86   9.11   1.86
730087    6247.   83.7  1  20    0.68  0.278   78.6    17.63  17.23 -17.38   8.82   8.82   0.73
230946    5219.   74.6  0   3    0.37  0.450   65.7    15.74  15.50 -18.86   9.42   9.53   1.34
730088    6280.   83.7  1  20    0.30  0.692   47.5    17.05  16.94 -17.67   8.94   9.05   2.02
730089   18299.  261.4  0  20    0.89  0.588   55.6    17.38  17.06 -20.02   9.88  10.19   1.97
249092    5724.   81.8  0  10    1.36  0.415   68.2    17.16  16.89 -17.67   8.94   9.03   1.58
230953    6936.   98.4  2   0    0.60  0.680   48.4    13.68  13.44 -21.53  10.48  10.95   2.46
713792    6251.   83.7  1  20    1.10  0.529   60.0    17.75  17.55 -17.06   8.70   8.75   1.06
240043   14251.  203.6  0  20    2.38  0.212   85.9    17.65  17.07 -19.47   9.66   9.45   1.09
  8938    6516.   83.7  1   3    0.30  0.483   63.3    13.36  12.92 -21.70  10.55  10.89   2.66
242247    6370.   83.7  1  20    0.27  0.657   50.3    15.78  15.63 -18.99   9.47   9.79   2.37
230954    6692.   98.4  2   5    0.40  0.245   81.7    16.59  16.16 -18.81   9.39   9.15   0.82
713793   11854.  169.3  0  20    2.43  0.197   90.0    17.66  17.16 -18.98   9.46   9.37   0.49
230955    6331.   83.7  1   3    0.59  0.848   32.7    13.81  13.71 -20.91  10.24  10.28   1.32
230956    6993.   98.4  2  -2    0.38  0.866   30.7    14.39  14.30 -20.67  10.14  10.66   2.45
249093   11879.  169.7  0   3    2.47  0.362   72.1    15.51  14.88 -21.27  10.38  10.42   1.26
249359    4897.   70.0  0   3    0.22  0.339   73.8    16.74  16.41 -17.82   9.00   8.74   0.90
730090   13877.  198.2  0  20    2.40  0.677   48.7    15.63  15.39 -21.09  10.31  10.78   2.27
230959    5904.   83.7  1  -2    0.29  0.381   70.7    14.46  13.87 -20.75  10.17  10.44   1.86
713794    6083.   83.7  1  20    0.21  0.661   50.0    16.98  16.85 -17.76   8.98   9.00   1.04
  8940    6096.   83.7  1  -5    0.44  0.627   52.7    13.07  12.75 -21.86  10.62  11.04   2.43
249094    4197.   60.0  0   3    1.51  0.469   64.3    15.43  15.19 -18.70   9.35   9.49   1.42
231067   11461.  163.7  0  -2    0.66  0.521   60.6    15.64  15.24 -20.83  10.20  10.32   1.41
  8942    4539.   64.8  0   3    0.63  0.592   55.3    13.24  12.92 -21.14  10.33  10.27   1.07
230966    5933.   83.7  1   3    0.29  0.479   63.6    15.61  15.32 -19.30   9.59   9.62   1.31
243916   16526.  236.1  0  20    2.99  0.267   79.6    17.41  16.71 -20.15   9.93   9.20  -0.09
230968    6911.   98.4  2   5    0.27  0.176   90.0    17.33  16.79 -18.17   9.14   9.06   1.03
  8944    6499.   83.7  1   5    0.19  0.697   47.0    13.12  12.89 -21.73  10.56  10.79   1.86
  8943    5139.   73.4  0   1    1.30  0.577   56.5    12.36  11.93 -22.39  10.83  11.25   2.49
231860    7020.   98.4  2  -6    0.47  0.881   28.9    14.53  14.45 -20.51  10.08  10.57   2.43
249357    5439.   77.7  0  20    1.33  0.753   42.2    17.56  17.47 -16.98   8.66   9.03   2.06
730091   16448.  235.0  0  20    1.35  0.339   73.8    16.41  15.75 -21.11  10.32  10.33   1.26
  8946    4853.   69.3  0   3    1.65  0.469   64.3    13.24  12.77 -21.43  10.44  10.67   2.18
713795    6262.   83.7  1  20    0.26  0.634   52.1    16.09  15.95 -18.66   9.34   9.37   1.17
730092   17725.  253.2  0  20    2.26  0.624   52.9    16.33  16.04 -20.98  10.26  10.40   1.39
249097    5763.   82.3  0   3    1.44  0.250   81.2    16.26  15.83 -18.74   9.37   9.25   0.87
730093    7207.   98.4  2  20    0.65  0.323   75.0    16.74  16.39 -18.58   9.30   9.22   0.76
230970   10480.  149.7  0   3    1.08  0.373   71.3    14.20  13.51 -22.37  10.82  11.11   1.86
713797   11603.  165.8  0  20    1.33  0.290   77.6    16.52  15.83 -20.27   9.98   9.91   1.05
730094    6005.   83.7  1  20    0.08  0.832   34.5    17.44  17.39 -17.23   8.76   9.19   2.35
730095    6086.   83.7  1  20    0.17  0.332   74.3    17.41  17.07 -17.54   8.89   9.11   1.21
243841    4447.   63.5  0   3    1.38  0.647   51.1    16.30  16.16 -17.85   9.01   8.80   0.74
242103   11744.  167.8  0   4    2.53  0.177   90.0    15.46  14.40 -21.73  10.56  10.57   1.26
  8948    6274.   83.7  1   3    0.26  0.395   69.7    13.95  13.38 -21.24  10.37  10.37   1.59
240003    6120.   83.7  1   4    0.22  0.226   83.8    15.77  15.23 -19.39   9.63   9.85   1.44
713798    6363.   83.7  1  20    0.05  0.840   33.6    17.60  17.55 -17.07   8.70   9.12   2.63
730096    3939.   56.3  0  20    0.61  0.426   67.4    17.35  17.08 -16.67   8.54   8.44   0.82
730097    7113.   98.4  2  20    0.53  0.839   33.7    17.42  17.37 -17.60   8.91   9.31   2.26
243817   11490.  164.1  0   3    1.19  0.240   82.2    15.94  15.06 -21.02  10.28  10.16   1.12
730098   13374.  191.1  0  20    1.32  1.000    0.0    17.48  17.48 -18.92   9.44   9.44   1.14
241325    5900.   83.7  1  10    0.06  0.369   71.6    17.28  16.97 -17.64   8.93   8.77   0.68
730099    5220.   74.6  0  20    1.08  0.772   40.4    17.51  17.43 -16.93   8.65   8.96   3.81
  8950    6124.   83.7  1   5    0.17  0.136   90.0    16.00  15.40 -19.22   9.56   9.36   1.16
241923    6075.   83.7  1   3    0.66  0.870   30.2    17.19  17.15 -17.46   8.86   8.83   1.09
713799   11792.  168.5  0  20    2.61  0.230   83.3    16.36  15.45 -20.68  10.14  10.28   1.70
249350    6291.   83.7  1   0    0.00  0.448   65.9    17.03  16.78 -17.83   9.00   9.28   1.59
  8952    6010.   83.7  1  -5    0.01  0.721   45.0    12.79  12.55 -22.06  10.70  11.18   2.70
730100    5614.   83.7  1  20    0.65  0.483   63.3    17.46  17.23 -17.38   8.82   8.88   1.03
  8951    6132.   83.7  1   5    0.55  0.237   82.5    15.24  14.53 -20.08   9.90   9.79   1.05
240010    6295.   83.7  1   4    0.44  0.812   36.6    15.14  15.03 -19.58   9.71   9.96   1.80
713800    5600.   80.0  0  20    2.49  0.710   46.0    17.95  17.84 -16.67   8.54   8.45   0.70
241132    7529.  107.6  0  20    2.55  0.680   48.4    15.01  14.77 -20.39  10.03  10.19   1.43
713801    7318.   98.4  2  20    0.30  0.525   60.3    17.16  16.96 -18.00   9.07   9.05   1.04
241327    6948.   98.4  2   6    0.15  0.386   70.3    16.34  16.05 -18.92   9.44   9.43   1.07
243860    5936.   83.7  1  10    0.29  0.706   46.3    17.68  17.57 -17.05   8.69   8.49   1.14
249360    6983.   98.4  2   3    0.07  0.670   49.3    17.23  17.11 -17.86   9.01   8.69   0.63
231848   11190.  159.9  0   6    0.53  0.707   46.2    16.46  16.27 -19.75   9.77   9.93   1.42
240015    7146.   98.4  2  -5    0.39  0.870   30.2    13.83  13.75 -21.22  10.36  10.83   2.36
242169    5520.   78.9  0   6    1.09  0.682   48.3    16.72  16.60 -17.88   9.02   8.81   2.01
240016    6005.   83.7  1   1    0.08  0.728   44.4    13.94  13.75 -20.87  10.22  10.64   2.57
243861    5821.   83.7  1   5    0.09  0.223   84.2    17.67  17.21 -17.40   8.83   8.72   1.02
249358    7690.   98.4  2  20    0.38  0.593   55.3    17.22  17.06 -17.90   9.03   9.25   1.69
243842    5566.   79.5  0   3    2.39  0.825   35.2    14.99  14.89 -19.61   9.72   9.78   1.20
240019    5675.   83.7  1   0    0.45  0.563   57.5    13.73  13.38 -21.24  10.37  10.74   2.14
715690    5514.   78.8  0   6    0.22  0.631   52.4    16.59  16.45 -18.03   9.08   9.22   1.38
242248    7470.   98.4  2   6    0.43  0.771   40.5    16.49  16.41 -18.56   9.30   9.57   2.28
713802    7326.   98.4  2  20    0.41  0.525   60.3    16.92  16.73 -18.24   9.17   9.31   1.55
730101    5015.   71.6  0  20    0.15  0.238   82.4    17.14  16.70 -17.58   8.90   8.80   1.34
249101    4269.   61.0  0   3    0.74  0.465   64.6    16.28  16.04 -17.88   9.02   8.99   1.00
730102   14217.  203.1  0  20    3.42  0.811   36.7    17.07  16.96 -19.58   9.70  10.17   2.16
730103   18333.  261.9  0  20    0.52  0.841   33.5    16.52  16.42 -20.68  10.14  10.31   1.35
249102    7205.  102.9  0   3    1.83  0.204   87.7    16.25  15.71 -19.35   9.61   9.36   0.79
730104   18004.  257.2  0  20    1.12  0.512   61.3    17.26  16.85 -20.20   9.95  10.33   2.10
730105    7153.   98.4  2  20    0.44  0.811   36.7    17.32  17.26 -17.71   8.95   9.14   1.86
  8965    4899.   70.0  0   5    0.19  0.950   18.6    13.42  13.39 -20.84  10.21  10.51   2.66
249103    4243.   60.6  0   3    1.83  0.536   59.5    16.18  15.99 -17.93   9.04   8.98   0.96
  8967    5901.   83.7  1   4    0.21  0.225   84.0    14.22  13.31 -21.31  10.40  10.33   1.37
241328    5639.   83.7  1   5    0.40  0.236   82.7    16.24  15.79 -18.82   9.40   9.29   1.05
240025    6298.   83.7  1   3    0.21  0.800   37.8    17.45  17.38 -17.23   8.76   8.73   1.38
  8966    7634.  109.1  0   5    2.57  0.519   60.7    14.90  14.50 -20.69  10.15  10.16   1.99
249143    5671.   81.0  0   3    1.57  0.503   61.9    16.16  15.95 -18.59   9.31   9.27   0.98
730106   18302.  261.5  0  20    0.91  0.639   51.7    16.01  15.73 -21.36  10.41  10.89   2.24
713803   11792.  168.5  0  20    0.58  0.250   81.2    16.59  15.83 -20.31   9.99  10.08   1.01
242104    6262.   89.5  0   6    2.25  0.167   90.0    16.30  15.75 -19.01   9.47   9.33   0.97
  8972   11637.  166.2  0   3    2.06  0.459   65.1    14.33  13.77 -22.33  10.81  10.83   1.90
  8971    7014.   98.4  2   0    0.33  0.436   66.7    13.43  12.86 -22.10  10.71  11.13   2.26
713804    7015.   98.4  2  20    0.30  0.558   57.9    17.46  17.28 -17.68   8.95   9.26   1.45
713805   12080.  172.6  0  20    1.89  0.538   59.4    17.75  17.56 -18.62   9.32   9.52   1.78
240029    7327.   98.4  2  -2    0.31  0.536   59.5    13.75  13.37 -21.60  10.51  10.96   2.30
243862    6213.   83.7  1   5    0.68  0.950   18.6    16.17  16.16 -18.46   9.26   9.45   1.37
713806   16511.  235.9  0  20    0.73  0.940   20.4    17.23  17.20 -19.67   9.74   9.80   1.32
243920   16580.  236.9  0  20    3.46  0.818   36.0    15.71  15.59 -21.29  10.39  10.71   1.86
242249    7218.   98.4  2  20    1.10  0.225   84.0    15.79  15.10 -19.86   9.82   9.84   1.34
242250    7213.   98.4  2  20    0.42  0.406   68.9    16.05  15.69 -19.27   9.58   9.90   1.96
249105    6073.   83.7  1   3    0.30  0.294   77.3    16.91  16.53 -18.08   9.11   9.10   1.06
713807   17642.  252.0  0  20    2.30  0.931   21.9    16.18  16.14 -20.87  10.22  10.37   1.70
713808   11624.  166.1  0  20    1.34  0.344   73.4    16.89  16.40 -19.70   9.75   9.69   1.19
730107   11080.  158.3  0  20    2.56  0.695   47.2    17.18  17.05 -18.94   9.45   9.59   1.72
713809   17020.  243.1  0  20    0.56  0.200   90.0    17.33  16.42 -20.51  10.08  10.01   1.73
  8983    7493.  107.0  0   5    2.69  0.190   90.0    15.40  14.38 -20.76  10.18  10.23   1.56
713810    5467.   78.1  0  20    1.90  0.475   63.9    17.35  17.12 -17.34   8.81   8.89   1.25
  8979    7697.  110.0  0   4    2.86  0.220   84.6    15.00  14.07 -21.14  10.33  10.42   1.27
249106   11065.  158.1  0   3    1.36  0.627   52.7    15.47  15.18 -20.81  10.20  10.44   1.56
730108   15932.  227.6  0  20    1.81  0.459   65.1    17.76  17.44 -19.34   9.61   9.42   0.94
730109    5096.   72.8  0  20    0.88  0.530   59.9    16.05  15.86 -18.45   9.25   9.48   1.71
249144    5876.   83.9  0   3    1.47  0.667   49.5    17.33  17.20 -17.42   8.84   8.66   0.68
243897    5672.   83.7  1   6    0.67  0.625   52.8    16.35  16.21 -18.41   9.23   9.36   1.35
240037    7805.  111.5  0   3    2.69  0.398   69.4    15.01  14.45 -20.79  10.19  10.53   2.04
243922   16480.  235.4  0  20    3.31  0.442   66.3    16.99  16.49 -20.37  10.02  10.22   1.47
713811   16636.  237.7  0  20    0.61  0.763   41.3    17.53  17.40 -19.48   9.66  10.07   1.76
730110    6289.   83.7  1  20    0.50  0.328   74.6    17.42  17.08 -17.54   8.89   8.98   1.94
242251    7557.   98.4  2   5    0.43  0.733   44.0    15.88  15.75 -19.22   9.56   9.49   1.20
  8989    6284.   89.8  0   0    2.44  0.398   69.4    14.20  13.63 -21.13  10.32  10.75   2.13
730111   18260.  260.9  0  20    1.06  0.568   57.1    17.67  17.38 -19.70   9.75   9.73   1.19
713812   10320.  147.4  0  20    1.26  0.479   63.6    15.59  15.14 -20.70  10.15  10.24   1.35
730112    7273.   98.4  2  20    0.49  0.465   64.6    16.93  16.69 -18.28   9.18   9.15   1.09
243843    5358.   76.5  0   6    1.91  0.864   30.9    16.27  16.22 -18.20   9.15   9.26   1.93
730113   11182.  159.7  0  20    0.58  0.412   68.4    16.41  15.90 -20.12   9.92  10.21   1.73
249107   11413.  163.0  0   4    0.56  0.195   90.0    17.74  17.23 -18.83   9.40   9.14   0.52
240050   18323.  261.8  0   3    1.71  0.688   47.8    14.79  14.49 -22.60  10.91  11.36   2.39
240051    4886.   69.8  0   4    2.36  0.796   38.2    14.14  14.00 -20.22   9.96   9.93   1.12
243844    6169.   88.1  0   3    2.43  0.401   69.2    17.42  17.14 -17.59   8.91   8.67   0.61
242316    5434.   77.6  0   5    2.85  0.362   72.1    16.83  16.52 -17.93   9.04   8.89   0.98
713813   16721.  238.9  0  20    0.71  0.262   80.1    16.12  15.29 -21.60  10.51  10.75   1.92
240054    7109.   98.4  2   4    1.11  0.827   35.0    15.07  14.95 -20.01   9.88   9.98   1.58
  8995    1494.   21.3  0   4    0.72  0.323   75.0    13.97  13.62 -18.02   9.08   9.08   1.68
243821    7396.   98.4  2   5    0.65  0.256   80.6    16.76  16.34 -18.63   9.32   9.32   1.03
713814    4929.   70.4  0  20    2.42  0.588   55.6    16.76  16.59 -17.65   8.93   8.79   0.90
713815    7306.  104.4  0  20    2.63  0.479   63.6    15.70  15.32 -19.77   9.78  10.07   2.02
713816    4402.   62.9  0  20    2.12  0.813   36.5    13.78  13.65 -20.34  10.01  10.46   2.28
730114   11544.  164.9  0  20    3.38  0.671   49.2    16.81  16.62 -19.46   9.66   9.67   1.14
249349    7194.   98.4  2   3    0.66  0.868   30.5    17.56  17.52 -17.45   8.85   9.00   1.18
243923   16220.  231.7  0  20    3.07  0.428   67.3    16.15  15.63 -21.19  10.35  10.36   1.33
  9004    7407.  105.8  0  -2    2.60  0.725   44.7    12.98  12.72 -22.40  10.83  11.20   2.27
713817    5582.   79.7  0  20    1.33  0.426   67.4    17.61  17.34 -17.16   8.74   8.95   1.56
  9008    5608.   80.1  0   5    1.77  0.876   29.5    14.82  14.74 -19.78   9.78  10.04   1.93
730115    7334.   98.4  2  20    0.62  0.717   45.4    17.06  16.96 -18.00   9.07   9.11   1.31
  9007    4879.   69.7  0   6    0.57  0.836   34.1    15.59  15.53 -18.68   9.35   9.43   2.35
243925    5588.   79.8  0  20    1.24  0.484   63.3    16.17  15.95 -18.56   9.30   9.41   1.56
713819    5496.   78.5  0  20    2.51  0.330   74.5    15.84  15.49 -18.98   9.46   9.60   1.51
243926    6179.   88.3  0   3    1.38  0.803   37.5    17.45  17.39 -17.34   8.81   8.95   1.35
730116   16650.  237.9  0  20    0.63  0.409   68.7    17.48  17.03 -19.85   9.81   9.59   0.80
243927   11029.  157.6  0  20    2.13  0.663   49.8    15.15  14.90 -21.09  10.31  10.71   2.13
713820    7496.  107.1  0  20    2.62  0.275   78.9    15.81  15.17 -19.98   9.86  10.04   1.69
240068    5667.   83.7  1  -2    1.26  0.675   48.9    13.65  13.41 -21.20  10.35  10.72   2.16
240067    7205.   98.4  2   5    0.69  0.733   44.0    15.14  14.95 -20.01   9.88  10.02   2.00
243826    5730.   83.7  1   3    1.25  0.738   43.5    17.08  16.98 -17.63   8.92   8.61   0.66
713821    7343.   98.4  2  20    0.66  0.341   73.6    17.65  17.31 -17.65   8.93   9.14   1.39
243928    5379.   76.8  0  20    1.84  0.541   59.1    16.89  16.70 -17.73   8.96   8.99   1.00
713822    4928.   70.4  0  20    2.35  0.914   24.5    16.48  16.45 -17.78   8.99   9.10   1.61
730117    7213.   98.4  2  20    0.76  0.400   69.3    17.47  17.19 -17.78   8.98   8.87   0.77
243929    9367.  133.8  0   3    2.99  0.868   30.5    16.72  16.66 -18.97   9.46   9.49   1.75
730118   11009.  157.3  0  20    2.13  0.346   73.3    17.21  16.85 -19.14   9.53   9.36   1.01
713823   16649.  237.8  0  20    0.69  0.740   43.4    17.24  17.06 -19.82   9.80  10.16   1.80
243845    7099.  101.4  0   4    2.34  0.254   80.8    16.26  15.79 -19.24   9.57   9.47   0.82
243930   15144.  216.3  0   3    1.49  0.261   80.2    17.47  16.87 -19.81   9.80   9.89   1.05
249363   18341.  262.0  0   3    2.63  0.686   48.0    16.96  16.73 -20.36  10.02  10.44   2.15
242321    4881.   69.7  0   5    2.84  0.244   81.8    16.80  16.36 -17.86   9.01   8.74   0.84
240082   16662.  238.0  0   5    0.74  0.794   38.4    15.27  15.11 -21.77  10.58  10.81   2.53
713824   16675.  238.2  0  20    0.90  0.777   40.0    17.71  17.60 -19.29   9.59  10.05   1.98
713825   11693.  167.0  0  20    0.82  0.675   48.9    15.78  15.53 -20.58  10.10  10.55   2.29
243931    4761.   68.0  0  20    1.79  0.620   53.2    16.79  16.64 -17.52   8.88   9.01   1.25
249159    7369.   98.4  2   7    0.77  0.642   51.5    17.61  17.48 -17.49   8.87   8.88   1.23
243932   17154.  245.1  0  20    3.02  0.289   77.7    17.76  17.20 -19.75   9.77   9.45   0.83
243933    7637.  109.1  0   6    2.99  0.608   54.1    17.70  17.55 -17.64   8.93   8.84   1.14
730119   11056.  157.9  0  20    2.23  0.755   42.0    16.05  15.88 -20.11   9.92  10.23   1.65
  9015    7261.   98.4  2   3    0.83  0.692   47.5    14.26  14.03 -20.93  10.25  10.57   2.45
713827   16659.  238.0  0  20    0.97  0.458   65.1    17.39  16.96 -19.92   9.84  10.16   1.86
713828    7272.   98.4  2  20    1.29  0.204   87.7    17.24  16.75 -18.21   9.16   9.05   1.03
243823   10223.  146.0  0   4    1.45  0.437   66.6    16.10  15.60 -20.22   9.96   9.77   1.01
240088    5031.   71.9  0   6    2.59  0.544   58.9    14.89  14.59 -19.69   9.75   9.73   1.34
242252    7651.   98.4  2   3    0.86  0.548   58.6    16.03  15.80 -19.17   9.54   9.56   1.35
713831   18102.  258.6  0  20    1.40  0.288   77.8    17.33  16.58 -20.49  10.07  10.26   1.79
243934   15997.  228.5  0  20    1.69  0.725   44.7    16.82  16.62 -20.18   9.94   9.97   1.14
241206    7638.   98.4  2   3    0.84  0.668   49.4    15.07  14.82 -20.14   9.93  10.32   2.51
713832    7228.   98.4  2  20    0.85  0.580   56.2    17.41  17.24 -17.73   8.96   8.98   1.34
730121   16789.  239.8  0  20    2.60  0.602   54.6    16.81  16.50 -20.40  10.03  10.14   1.28
243935    9427.  134.7  0   3    3.25  0.272   79.2    16.95  16.52 -19.13   9.52   9.62   1.37
713833    7125.  101.8  0  20    2.05  0.781   39.6    16.05  15.95 -19.09   9.51   9.92   2.04
243936   16718.  238.8  0  20    2.99  0.463   64.8    15.99  15.52 -21.38  10.42  10.72   2.07
713834   11969.  171.0  0  20    2.60  0.666   49.6    17.66  17.54 -18.63   9.32   9.37   1.31
242405   11701.  167.2  0   3    0.91  0.515   61.0    15.59  15.18 -20.93  10.24  10.36   1.61
242009    7472.   98.4  2  10    0.90  0.429   67.2    16.81  16.55 -18.41   9.24   9.27   2.73
730122   18448.  263.5  0  20    1.86  0.461   64.9    16.95  16.47 -20.63  10.13  10.12   1.38
243937   16554.  236.5  0  20    3.40  0.500   62.1    17.42  17.07 -19.80   9.79   9.95   1.40
  9020    1281.   18.3  0   3    3.43  0.192   90.0    12.94  12.43 -18.88   9.43   9.76   2.79
713835   17560.  250.9  0  20    1.46  0.770   40.6    16.92  16.76 -20.24   9.97  10.50   2.30
713836   12649.  180.7  0  20    1.36  0.321   75.2    16.68  16.02 -20.26   9.98  10.24   1.59
243824   11419.  163.1  0   4    0.96  0.131   90.0    16.61  15.58 -20.48  10.07  10.03   0.76
243863    7021.  100.3  0   3    1.44  0.647   51.1    16.71  16.58 -18.43   9.24   9.14   1.21
243938   16755.  239.4  0  20    2.88  0.435   66.8    17.52  17.10 -19.79   9.79   9.68   1.03
  9023    7468.   98.4  2   5    1.00  0.449   65.8    15.26  14.80 -20.17   9.94   9.78   1.36
713837    7732.  110.5  0  20    2.08  0.424   67.6    15.63  15.16 -20.06   9.90   9.87   1.10
713838   17868.  255.3  0  20    1.46  0.430   67.1    17.22  16.70 -20.34  10.01  10.30   1.82
713839   11584.  165.5  0  20    1.49  0.766   41.0    15.14  14.98 -21.12  10.32  10.80   2.29
730123   18299.  261.4  0  20    1.44  0.835   34.2    15.41  15.28 -21.81  10.59  10.95   2.01
243939    7639.  109.1  0   3    3.27  0.858   31.6    16.45  16.40 -18.79   9.39   9.38   1.21
249364   17777.  254.0  0   3    1.50  0.678   48.6    15.60  15.35 -21.68  10.54  11.17   3.54
240102    9960.  142.3  0   4    1.53  0.719   45.2    14.21  13.99 -21.77  10.58  10.73   1.70
713840   17865.  255.2  0  20    1.53  0.858   31.6    16.50  16.40 -20.63  10.12  10.66   2.40
  9027    7127.  101.8  0   3    1.68  0.318   75.4    15.23  14.53 -20.51  10.07   9.95   1.31
243940    7855.  112.2  0   4    2.92  0.365   71.8    17.56  17.25 -18.00   9.07   8.87   0.70
243852    1438.   20.5  0   3    1.74  0.509   61.5    16.88  16.67 -14.89   7.83   7.76   0.71
243941   18199.  260.0  0  20    1.67  0.693   47.4    16.40  16.17 -20.90  10.23  10.46   1.70
713841   17968.  256.7  0  20    1.43  0.756   41.9    17.13  16.95 -20.09   9.91   9.96   1.50
713842    7331.   98.4  2  20    1.14  0.481   63.5    17.66  17.43 -17.54   8.89   8.81   1.26
730124   18305.  261.5  0  20    1.60  0.518   60.8    15.95  15.54 -21.54  10.49  10.77   1.82
242243   18225.  260.4  0  20    1.41  0.438   66.6    15.14  14.51 -22.57  10.90  11.16   1.66
242244   13072.  186.7  0  20    1.38  0.457   65.2    15.86  15.38 -20.98  10.26  10.58   1.96
713843   18156.  259.4  0  20    1.13  0.824   35.3    17.50  17.40 -19.67   9.74   9.87   1.51
243942   18131.  259.0  0  20    1.71  0.928   22.4    16.62  16.58 -20.49  10.07  10.62   2.43
243943    7568.  108.1  0  20    2.32  0.540   59.2    17.39  17.20 -17.97   9.06   9.27   1.49
730125   18373.  262.5  0  20    2.38  0.815   36.3    17.41  17.30 -19.80   9.79   9.70   1.21
713844   18069.  258.1  0  20    1.75  0.333   74.2    15.99  15.31 -21.75  10.57  10.91   2.04
243848    7705.  110.1  0   4    2.39  0.818   36.0    16.58  16.52 -18.69   9.35   9.34   1.61
713845   17864.  255.2  0  20    1.32  0.568   57.1    16.81  16.46 -20.58  10.10  10.03   1.11
243944    7205.  102.9  0  20    1.99  0.323   75.0    17.46  17.11 -17.95   9.05   8.83   1.09
249354    7203.   98.4  2   3    1.24  0.248   81.4    17.46  17.03 -17.94   9.05   8.98   1.44
713846   11841.  169.2  0  20    1.29  0.844   33.2    17.62  17.57 -18.57   9.30   9.55   1.11
249361   18291.  261.3  0   3    2.41  0.573   56.8    17.57  17.27 -19.81   9.80   9.69   1.06
241389    7458.  106.5  0   0    2.45  0.905   25.7    14.76  14.70 -20.44  10.05  10.53   2.25
713847   18164.  259.5  0  20    1.84  0.568   57.1    15.84  15.49 -21.58  10.51  10.65   1.70
  9030    7330.   98.4  2   4    1.24  0.177   90.0    14.69  13.63 -21.34  10.41  10.52   1.78
713848    8519.  121.7  0  20    1.22  0.289   77.7    17.75  17.36 -18.06   9.10   9.17   1.22
713849   11478.  164.0  0  20    1.30  0.584   55.9    16.04  15.71 -20.36  10.02  10.45   2.04
249362   18322.  261.7  0   1    1.84  0.263   80.0    16.39  15.57 -21.52  10.48  10.70   1.38
243946   16042.  229.2  0  20    1.69  0.472   64.1    16.76  16.30 -20.50  10.07   9.96   1.20
241391    7541.  107.7  0  -2    2.44  0.865   30.8    14.24  14.15 -21.01  10.28  10.77   2.29
243825   11464.  163.8  0   4    1.33  0.710   46.0    16.22  16.01 -20.06   9.90  10.02   1.05
242406   16572.  236.7  0  20    1.29  0.668   49.4    15.30  15.02 -21.85  10.61  11.10   2.46
241392    7268.  103.8  0   3    2.62  0.924   23.0    14.87  14.82 -20.26   9.98  10.23   1.97
730127    7464.  106.6  0  20    2.86  0.335   74.1    16.90  16.57 -18.57   9.30   9.31   0.97
713850   18137.  259.1  0  20    1.36  0.889   27.9    15.69  15.61 -21.45  10.45  11.04   2.55
713851   17770.  253.9  0  20    1.69  0.614   53.7    16.56  16.26 -20.77  10.18  10.47   2.02
713852   18135.  259.1  0  20    1.72  0.821   35.6    14.45  14.29 -22.78  10.98  11.55   2.65
713853    7716.  110.2  0  20    2.56  0.322   75.1    14.87  14.17 -21.04  10.29  10.61   2.04
713854    7517.   98.4  2  20    1.29  0.628   52.6    17.69  17.55 -17.42   8.84   9.05   1.28
243949    9397.  134.2  0   3    2.90  0.509   61.5    15.96  15.58 -20.06   9.90   9.72   0.83
243950   11015.  157.4  0  20    2.12  0.837   34.0    16.73  16.64 -19.34   9.61  10.01   2.16
241136    7630.  109.0  0   1    2.39  0.919   23.7    14.88  14.83 -20.36  10.02  10.33   1.97
713855    7484.   98.4  2  20    1.31  0.819   35.8    17.16  17.10 -17.87   9.02   9.48   1.67
243951   17725.  253.2  0  20    1.88  0.893   27.3    16.99  16.92 -20.10   9.91  10.50   2.65
243952    9363.  133.8  0   4    2.92  0.172   90.0    16.49  15.70 -19.93   9.84   9.85   0.91
243953   16655.  237.9  0  20    3.64  0.831   34.6    17.14  17.03 -19.86   9.81   9.90   1.42
243954    7228.  103.3  0   3    2.65  0.588   55.6    16.86  16.70 -18.37   9.22   9.28   1.22
713856    7737.  110.5  0  20    1.40  0.230   83.3    17.75  17.29 -17.92   9.04   8.96   0.63
713857   18158.  259.4  0  20    1.67  0.273   79.1    17.40  16.62 -20.45  10.05  10.24   1.92
243955   16811.  240.2  0   3    3.50  0.868   30.5    16.69  16.61 -20.30   9.99  10.01   1.15
249112    5230.   74.7  0  10    2.65  0.543   59.0    17.46  17.27 -17.10   8.71   8.50   0.77
713858   12664.  180.9  0  20    1.55  0.528   60.1    17.64  17.45 -18.84   9.41   9.15   1.10
243956    7891.  112.7  0   5    3.22  0.534   59.7    16.06  15.78 -19.48   9.66   9.49   1.19
713859   16738.  239.1  0  20    1.54  0.287   77.9    17.42  16.74 -20.15   9.93  10.27   1.79
  9037    6200.   88.6  0   5    2.67  0.572   56.8    13.89  13.54 -21.19  10.35  10.34   1.40
730129   18291.  261.3  0  20    1.84  0.927   22.5    17.61  17.57 -19.51   9.68   9.65   1.40
243957    7607.  108.7  0  20    3.49  0.699   46.9    15.71  15.52 -19.66   9.73   9.77   1.36
713860   17889.  255.6  0  20    1.91  0.710   46.0    17.60  17.43 -19.61   9.72   9.74   1.51
  9038    7360.  105.1  0  -2    1.47  0.658   50.2    12.69  12.36 -22.75  10.97  11.39   2.46
  9041    5988.   85.5  0   1    2.86  0.640   51.7    13.58  13.31 -21.35  10.41  10.71   1.90
240121    7641.  109.2  0   3    1.45  0.523   60.5    14.44  14.05 -21.14  10.33  10.70   2.18
713861    7262.  103.7  0  20    1.43  0.511   61.3    15.28  14.86 -20.22   9.96  10.27   2.02
240125    6068.   86.7  0   4    2.98  0.331   74.4    15.43  14.92 -19.77   9.78   9.69   1.08
713862   17693.  252.8  0  20    1.92  0.683   48.2    17.20  16.97 -20.04   9.89  10.14   1.74
240126    7390.  105.6  0   3    1.54  0.434   66.9    14.72  14.21 -20.91  10.23  10.48   1.83
243958   16647.  237.8  0  20    3.31  0.248   81.4    16.49  15.63 -21.25  10.37  10.48   1.34
713863    7128.  101.8  0  20    2.95  0.472   64.1    15.27  14.80 -20.23   9.97  10.32   2.08
243857    5088.   72.7  0   3    2.08  0.432   67.0    15.65  15.39 -18.92   9.44   9.34   0.89
730130   18296.  261.4  0  20    2.38  0.412   68.4    16.17  15.62 -21.46  10.46  10.64   1.73
713864   17792.  254.2  0  20    1.56  0.887   28.1    16.72  16.65 -20.38  10.02  10.16   1.25
243849    6064.   86.6  0   3    3.01  0.907   25.5    17.01  16.98 -17.70   8.95   9.04   1.25
713865   16059.  229.4  0  20    1.80  0.658   50.2    16.67  16.42 -20.39  10.03   9.94   1.10
713866   11378.  162.5  0  20    2.06  0.744   43.0    17.55  17.46 -18.60   9.31   9.31   1.23
730131   18397.  262.8  0  20    2.24  0.238   82.4    16.36  15.48 -21.62  10.52  10.74   1.93
243959    6223.   88.9  0  20    2.68  0.528   60.1    16.65  16.46 -18.29   9.19   9.19   1.00
243960   18145.  259.2  0  20    2.64  0.774   40.3    15.51  15.33 -21.74  10.57  10.95   1.99
243961   11145.  159.2  0  20    3.52  0.508   61.5    15.67  15.26 -20.75  10.17  10.55   2.10
243963   11000.  157.1  0  20    2.99  0.820   35.7    15.44  15.32 -20.66  10.14  10.62   2.29
240131    7304.  104.3  0   5    1.67  0.885   28.4    14.46  14.39 -20.70  10.15  10.55   2.31
713867   16554.  236.5  0  20    2.39  0.336   74.0    17.06  16.40 -20.47  10.06   9.91   1.33
713868    7603.  108.6  0  20    2.02  0.392   69.9    17.32  17.03 -18.15   9.13   9.41   1.87
713869   11733.  167.6  0  20    2.81  0.663   49.8    16.85  16.65 -19.47   9.66   9.97   1.86
249114    8033.  114.8  0   3    1.79  0.328   74.6    15.86  15.28 -20.02   9.88   9.86   1.02
249115   11365.  162.4  0   6    2.18  0.731   44.1    17.12  17.00 -19.06   9.49   9.50   1.38
713870    7274.  103.9  0  20    1.84  0.627   52.7    15.18  14.89 -20.19   9.95  10.38   2.19
713871    7462.  106.6  0  20    1.82  0.674   48.9    17.42  17.30 -17.84   9.01   9.32   1.83
249116   11662.  166.6  0   3    1.70  0.487   63.1    16.87  16.53 -19.57   9.70   9.60   1.21
241408    7515.  107.4  0   3    2.13  0.512   61.3    13.58  13.13 -22.02  10.68  10.90   1.82
243850    6609.   94.4  0   4    2.47  0.245   81.7    17.22  16.78 -18.09   9.11   9.04   0.80
713872   11578.  165.4  0  20    1.72  0.550   58.5    16.15  15.78 -20.31  10.00  10.01   1.36
243964    6068.   86.7  0   3    3.13  0.465   64.6    17.10  16.86 -17.83   9.00   8.87   1.44
730132    7550.  107.9  0  20    1.81  0.758   41.7    17.21  17.12 -18.04   9.09   8.91   1.04
240135   11713.  167.3  0   1    2.83  0.689   47.7    13.70  13.40 -22.72  10.96  11.45   2.73
730133   18259.  260.8  0  20    2.18  0.498   62.3    16.16  15.73 -21.35  10.41  10.88   2.16
713873   16741.  239.2  0  20    1.96  0.563   57.5    15.94  15.59 -21.30  10.39  10.30   0.96
  9054    7493.  107.0  0   3    1.81  0.571   56.9    14.53  14.18 -20.97  10.26  10.52   1.79
240138   18160.  259.4  0   3    2.38  0.331   74.4    14.67  13.79 -23.28  11.18  11.17   1.34
713875   18045.  257.8  0  20    2.39  0.588   55.6    17.13  16.81 -20.25   9.97  10.12   1.55
243966   18173.  259.6  0  20    2.51  0.711   45.9    17.00  16.79 -20.28   9.98   9.89   1.44
715928   18018.  257.4  0  20    2.51  0.524   60.4    16.20  15.80 -21.25  10.37  10.40   1.25
240142    8648.  123.5  0   3    3.17  0.350   73.0    15.06  14.42 -21.04  10.29  10.25   1.25
713876    8498.  121.4  0  20    2.82  0.629   52.5    15.54  15.25 -20.17   9.94  10.02   1.31
243968    7935.  113.4  0   3    2.82  0.690   47.6    16.69  16.57 -18.70   9.35   9.78   2.03
243969   16915.  241.6  0  20    3.68  0.721   45.0    15.98  15.78 -21.14  10.33  10.86   2.22
249154   11797.  168.5  0   4    3.12  0.258   80.4    17.09  16.53 -19.61   9.71   9.53   1.05
730134    7812.  111.6  0  20    2.20  0.673   49.0    17.24  17.12 -18.12   9.12   9.15   1.31
713877   11800.  168.6  0  20    2.85  1.000    0.0    16.96  16.96 -19.18   9.54   9.80   1.47
243972   17133.  244.8  0   3    3.50  0.812   36.6    16.73  16.60 -20.34  10.01  10.01   1.15
713878    7538.  107.7  0  20    2.10  0.744   43.0    15.73  15.58 -19.58   9.71   9.89   1.52
240146    7313.  104.5  0   2    1.98  0.616   53.5    13.81  13.51 -21.58  10.51  10.66   2.12
713879   17992.  257.0  0  20    2.37  0.152   90.0    16.49  15.33 -21.72  10.56  10.75   1.99
713880   17812.  254.5  0  20    2.36  0.723   44.8    16.60  16.40 -20.63  10.12  10.34   1.69
241207    6178.   88.3  0   3    3.58  0.532   59.8    15.09  14.73 -20.00   9.87  10.22   1.83
243975   13282.  189.7  0  20    3.94  0.399   69.4    16.18  15.61 -20.78  10.18  10.19   1.23
713881   11800.  168.6  0  20    2.84  0.527   60.2    15.43  15.04 -21.10  10.31  10.63   2.29
713882   11860.  169.4  0  20    2.88  0.683   48.2    17.76  17.64 -18.51   9.27   9.38   1.43
249119    4972.   71.0  0   3    2.37  0.586   55.8    17.64  17.47 -16.78   8.59   8.54   1.28
715929   17795.  254.2  0  20    2.47  0.458   65.1    16.48  16.00 -21.03  10.28  10.12   0.86
713883   17965.  256.6  0  20    2.58  0.847   32.9    17.09  16.98 -20.06   9.90  10.03   2.02
240153    7489.  107.0  0   3    2.91  0.260   80.2    15.83  15.18 -19.97   9.86   9.69   0.83
713884   17902.  255.7  0  20    2.08  0.979   12.0    16.77  16.75 -20.29   9.99  10.32   2.05
243978   16922.  241.7  0  20    3.96  0.627   52.7    16.53  16.24 -20.67  10.14  10.25   1.42
249120    7546.  107.8  0   6    2.09  0.684   48.1    17.34  17.23 -17.94   9.05   9.00   1.83
713885    8690.  124.1  0  20    2.89  0.364   71.9    17.66  17.34 -18.12   9.12   8.70   0.60
713886   17931.  256.2  0  20    2.11  0.250   81.2    15.44  14.48 -22.56  10.90  11.14   2.14
713887   11822.  168.9  0  20    3.03  0.885   28.4    15.78  15.70 -20.44  10.05  10.40   1.90
713888    7209.  103.0  0  20    2.83  0.528   60.1    17.51  17.32 -17.75   8.97   9.01   1.14
713889   10180.  145.4  0  20    2.28  0.249   81.3    17.48  17.05 -18.76   9.38   9.20   1.70
249121   11040.  157.7  0   3    2.35  0.423   67.6    17.73  17.46 -18.53   9.28   9.05   0.96
713890    7594.  108.5  0  20    2.29  0.672   49.1    16.71  16.59 -18.59   9.31   9.64   1.83
240157    7090.  101.3  0   0    2.23  0.480   63.6    14.22  13.77 -21.26  10.38  10.82   2.30
715930   17629.  251.8  0  20    2.67  0.829   34.8    16.91  16.79 -20.21   9.96  10.30   1.83
243891   17168.  245.3  0   3    2.64  0.583   56.0    16.76  16.43 -20.52  10.08  10.08   1.03
713891   17924.  256.1  0  20    2.69  0.433   66.9    16.92  16.40 -20.64  10.13  10.50   1.82
241924    7751.  110.7  0   5    2.39  0.219   84.8    17.01  16.54 -18.68   9.35   9.41   1.84
249122    7912.  113.0  0   4    2.27  0.828   34.9    15.82  15.72 -19.54   9.69   9.78   1.49
713892    8633.  123.3  0  20    2.92  0.704   46.5    17.48  17.37 -18.08   9.10   9.35   2.11
713893    7720.  110.3  0  20    2.70  0.569   57.1    15.56  15.24 -19.98   9.86   9.97   1.34
713894    8026.  114.7  0  20    2.31  0.767   40.9    16.20  16.09 -19.21   9.56   9.86   1.75
713895   18027.  257.5  0  20    3.27  0.959   16.8    16.86  16.83 -20.22   9.96  10.14   1.40
713896    8483.  121.2  0  20    3.39  0.594   55.2    15.69  15.38 -20.04   9.89   9.86   1.22
713897   18033.  257.6  0  20    3.51  0.281   78.4    17.52  16.83 -20.23   9.96   9.83   0.74
240161   10041.  143.4  0   5    2.51  0.510   61.4    15.11  14.70 -21.09  10.31  10.44   2.11
715931   16204.  231.5  0  20    2.93  0.418   68.0    17.12  16.59 -20.23   9.96  10.21   1.38
713898    7761.  110.9  0  20    2.46  0.930   22.0    17.06  17.04 -18.18   9.14   9.52   1.89
713899   10036.  143.4  0  20    2.58  0.691   47.5    17.67  17.56 -18.23   9.16   9.27   1.49
242106   11051.  157.9  0   6    3.64  0.150   90.0    15.71  14.54 -21.45  10.45  10.34   0.82
713900   17801.  254.3  0  20    3.08  0.333   74.2    16.98  16.31 -20.72  10.16  10.35   1.68
713901   16387.  234.1  0  20    3.22  0.632   52.3    17.65  17.44 -19.41   9.64  10.10   2.04
  9084    7491.  107.0  0   3    2.42  0.905   25.7    13.78  13.72 -21.43  10.44  10.82   2.31
713902   16356.  233.7  0  20    2.85  0.384   70.5    16.67  16.08 -20.76  10.18  10.43   1.74
243986   16283.  232.6  0  20    3.53  0.660   50.1    15.89  15.64 -21.20  10.35  10.78   2.29
243987   17210.  245.9  0  20    4.04  0.778   39.9    16.03  15.87 -21.08  10.30  10.82   2.38
713903   17867.  255.2  0  20    2.73  0.520   60.7    15.94  15.54 -21.50  10.47  10.89   2.07
243988   13980.  199.7  0  20    4.09  0.291   77.5    16.71  15.95 -20.55  10.09  10.01   1.01
243989   11547.  165.0  0  20    3.56  0.579   56.3    16.96  16.72 -19.37   9.62   9.95   1.96
713904   17662.  252.3  0  20    2.75  0.378   70.9    16.68  16.08 -20.93  10.24  10.40   1.40
241198    7233.  103.3  0   1    2.50  0.491   62.8    13.93  13.50 -21.58  10.50  10.89   2.17
713905   12261.  175.2  0  20    2.59  0.485   63.2    16.65  16.26 -19.96   9.86   9.79   1.09
713906   16231.  231.9  0  20    2.45  0.200   90.0    17.07  16.08 -20.74  10.17  10.32   1.06
  9089    8764.  125.2  0   3    3.06  0.382   70.6    13.56  12.83 -22.66  10.93  11.16   1.92
240167    7485.  106.9  0   0    2.49  0.803   37.5    13.77  13.63 -21.51  10.48  10.95   2.82
243991   17307.  247.2  0  20    3.95  0.489   62.9    17.19  16.75 -20.21   9.96  10.25   1.98
713907    6938.   99.1  0  20    2.52  0.428   67.3    17.53  17.27 -17.71   8.96   9.25   1.83
715933   17679.  252.6  0  20    2.77  0.738   43.5    16.84  16.65 -20.36  10.02  10.51   2.22
715934   17453.  249.3  0  20    2.82  0.621   53.1    16.89  16.59 -20.39  10.03  10.06   1.26
715935   17310.  247.3  0  20    2.85  0.452   65.6    15.09  14.49 -22.47  10.86  11.11   1.64
249125    7904.  112.9  0   6    2.45  0.473   64.1    17.37  17.14 -18.12   9.12   9.11   0.48
243993   17387.  248.4  0  20    4.20  0.473   64.1    15.78  15.32 -21.66  10.53  10.64   1.64
  9093   11625.  166.1  0   5    3.62  0.329   74.5    15.46  14.77 -21.33  10.40  10.28   1.12
713908    7615.  108.8  0  20    2.53  0.767   40.9    15.67  15.52 -19.66   9.74  10.15   2.03
713909   18056.  257.9  0  20    2.71  0.200   90.0    16.38  15.38 -21.67  10.54  10.46   0.99
713910    8854.  126.5  0  20    2.63  0.788   38.9    16.97  16.90 -18.61   9.32   9.69   2.08
715936   17538.  250.5  0  20    3.14  0.408   68.7    15.54  14.96 -22.04  10.69  10.89   1.50
249126    7526.  107.5  0   3    2.47  0.565   57.4    16.74  16.56 -18.59   9.31   9.22   1.04
713911   17264.  246.6  0  20    3.31  0.578   56.4    16.57  16.24 -20.72  10.16  10.33   1.12
713912   16987.  242.7  0  20    2.49  0.663   49.8    16.98  16.73 -20.20   9.95  10.11   1.43
713913   10046.  143.5  0  20    2.79  0.377   71.0    17.13  16.81 -18.97   9.46   9.73   1.60
240174    7335.  104.8  0   0    2.58  0.757   41.8    14.27  14.09 -21.01  10.27  10.53   1.99
713914    7565.  108.1  0  20    2.65  0.728   44.4    16.90  16.81 -18.36   9.22   9.15   1.35
713915   16235.  231.9  0  20    2.69  0.446   66.0    17.38  16.96 -19.87   9.82   9.70   1.12
240176    7491.  107.0  0  -2    2.63  0.350   73.0    14.96  14.32 -20.83  10.20  10.39   1.64
713916   18129.  259.0  0  20    2.79  0.235   82.8    17.57  16.79 -20.27   9.98   9.88   0.77
713917    7822.  111.7  0  20    3.02  0.709   46.0    14.91  14.69 -20.55  10.09  10.55   2.41
243997   10968.  156.7  0  20    3.93  0.956   17.4    15.95  15.93 -20.05   9.89   9.99   1.52
713918    9014.  128.8  0  20    2.67  0.903   26.0    16.30  16.26 -19.29   9.59   9.78   1.45
713919   16846.  240.7  0  20    2.99  0.571   56.9    15.47  15.11 -21.80  10.59  10.88   2.19
242108   17898.  255.7  0   5    3.25  0.221   84.5    16.32  15.39 -21.65  10.53  10.37   0.59
240181    7499.  107.1  0   0    2.64  0.909   25.2    13.40  13.33 -21.82  10.60  11.11   2.73
713920   17625.  251.8  0  20    3.56  0.764   41.2    17.47  17.32 -19.68   9.74   9.77   1.18
242023    7400.  105.7  0   3    2.64  0.470   64.3    16.77  16.53 -18.59   9.31   9.22   1.07
244003   11026.  157.5  0  20    3.95  0.709   46.0    14.50  14.27 -21.72  10.56  11.03   2.32
715937   17777.  254.0  0  20    2.98  0.612   53.8    16.98  16.67 -20.35  10.01  10.52   2.33
713921    7485.  106.9  0  20    2.66  0.440   66.4    17.02  16.77 -18.38   9.22   9.23   1.14
713922   17737.  253.4  0  20    3.59  0.389   70.1    17.46  16.93 -20.09   9.91  10.09   1.41
244005   17260.  246.6  0   3    4.14  0.532   59.8    15.33  14.89 -22.07  10.70  10.75   1.23
713923    8154.  116.5  0  20    2.81  0.226   83.8    17.45  16.99 -18.34   9.21   9.36   1.70
249127   10976.  156.8  0   3    2.78  0.843   33.3    15.86  15.76 -20.22   9.96   9.98   1.31
715938   17715.  253.1  0  20    3.07  0.493   62.6    16.26  15.82 -21.19  10.35  10.79   2.27
  9103    7620.  108.9  0   3    2.91  0.266   79.7    15.30  14.48 -20.70  10.15  10.17   1.66
713924   17837.  254.8  0  20    3.21  0.509   61.5    15.90  15.49 -21.54  10.49  10.67   1.58
713925   17786.  254.1  0  20    3.19  0.663   49.8    17.32  17.08 -19.95   9.85   9.84   0.99
713926    7719.  110.3  0  20    2.97  0.837   34.0    15.72  15.62 -19.59   9.71  10.16   2.23
244008   16242.  232.0  0  20    3.72  0.665   49.7    14.78  14.46 -22.37  10.82  11.25   2.16
715940   13059.  186.6  0  20    3.24  0.499   62.2    16.96  16.61 -19.74   9.77   9.71   1.75
715942   17924.  256.1  0  20    3.18  0.783   39.4    16.92  16.77 -20.27   9.98  10.49   2.51
713927    8772.  125.3  0  20    2.78  0.987    9.4    17.13  17.13 -18.36   9.22   9.59   1.77
244010   16442.  234.9  0  20    3.81  0.771   40.5    14.87  14.67 -22.18  10.75  11.27   3.35
713928   17531.  250.4  0  20    3.02  0.233   83.0    17.58  16.83 -20.16   9.94   9.84   0.83
240190    8814.  125.9  0   1    2.80  0.693   47.4    17.42  17.31 -18.19   9.15   9.05   1.32
713929   16453.  235.0  0  20    3.66  0.860   31.4    17.41  17.33 -19.52   9.68   9.79   1.37
713930   17443.  249.2  0  20    3.06  0.462   64.9    17.02  16.55 -20.43  10.05  10.17   1.45
249148    7594.  108.5  0   3    3.04  0.344   73.4    16.97  16.64 -18.54   9.29   9.33   1.15
730135    7924.  113.2  0  20    3.49  0.198   90.0    17.73  17.23 -18.04   9.09   8.84   0.65
713931   17842.  254.9  0  20    2.80  0.464   64.7    17.67  17.28 -19.75   9.77   9.55   0.88
713932    8859.  126.6  0  20    3.55  0.664   49.7    16.69  16.54 -18.97   9.46   9.51   1.27
713933    7529.  107.6  0  20    2.90  0.231   83.2    17.04  16.59 -18.57   9.30   9.21   0.90
240193    9852.  140.7  0   3    3.09  0.581   56.2    14.20  13.84 -21.90  10.63  11.04   2.18
713934    7506.  107.2  0  20    3.14  0.590   55.5    16.29  16.10 -19.05   9.49   9.52   1.23
  9111    7713.  110.2  0   1    3.38  0.706   46.3    13.62  13.39 -21.82  10.60  10.87   1.97
241082    8736.  124.8  0   6    3.11  0.193   90.0    16.31  15.58 -19.90   9.83   9.73   0.75
244013   17829.  254.7  0   5    4.32  0.837   34.0    15.84  15.73 -21.30  10.39  10.32   1.21
713935   17197.  245.7  0  20    3.14  0.726   44.6    16.06  15.86 -21.09  10.31  10.48   1.64
713936   17846.  254.9  0  20    3.20  0.567   57.2    16.18  15.83 -21.20  10.35  10.76   2.28
244015    6302.   90.0  0  20    4.29  0.835   34.2    15.82  15.75 -19.02   9.48   9.76   1.89
713937    8910.  127.3  0  20    3.15  0.640   51.7    17.56  17.43 -18.10   9.11   9.22   1.24
713938   16340.  233.4  0  20    3.73  0.383   70.5    16.65  16.06 -20.78  10.19  10.07   1.21
713939    8653.  123.6  0  20    3.16  0.824   35.3    17.61  17.55 -17.91   9.04   9.53   2.23
713940    7690.  109.9  0  20    3.25  0.772   40.4    16.86  16.79 -18.42   9.24   9.65   1.73
715951   16010.  228.7  0  20    3.47  0.409   68.7    16.41  15.86 -20.93  10.25  10.42   1.68
730136    7663.  109.5  0  20    3.19  0.531   59.9    17.54  17.34 -17.86   9.01   9.14   1.41
715952   17322.  247.5  0  20    3.26  0.203   88.0    17.52  16.67 -20.30   9.99  10.03   1.46
244018   17727.  253.2  0  20    4.16  0.169   90.0    17.39  16.35 -20.67  10.14  10.23   1.06
244019    7414.  105.9  0   3    3.88  0.524   60.4    17.64  17.44 -17.68   8.94   8.85   0.89
713941    7604.  108.6  0  20    3.09  0.613   53.7    16.50  16.34 -18.84   9.41   9.64   1.47
244022    7486.  106.9  0   3    4.35  0.796   38.2    15.90  15.80 -19.35   9.61   9.64   1.21
713942   16739.  239.1  0  20    3.50  0.782   39.5    15.53  15.38 -21.51  10.48  10.94   2.25
713943    7456.  106.5  0  20    3.29  0.336   74.0    17.16  16.82 -18.32   9.20   9.52   1.48
713944   17115.  244.5  0  20    3.29  0.742   43.2    16.23  16.05 -20.89  10.23  10.67   2.00
730137   18378.  262.5  0  20    3.05  0.569   57.1    16.15  15.80 -21.29  10.39  10.87   2.70
249128    9066.  129.5  0   3    3.11  0.600   54.7    15.68  15.37 -20.20   9.95   9.97   1.75
249129   17685.  252.6  0   3    3.11  0.635   52.0    16.22  15.94 -21.07  10.30  10.28   1.26
713945   11334.  161.9  0   3    3.65  0.325   74.8    17.11  16.68 -19.36   9.62   9.38   0.72
715954    7707.  110.1  0   3    3.53  0.430   67.1    17.39  17.13 -18.08   9.10   8.96   0.79
240211   11242.  160.6  0   3    3.64  0.990    8.3    15.64  15.63 -20.40  10.03  10.09   1.61
713946   17669.  252.4  0  20    3.26  0.384   70.5    17.70  17.24 -19.77   9.78   8.69   1.39
713947    8807.  125.8  0  20    3.76  0.341   73.6    17.54  17.21 -18.29   9.19   9.07   1.03
241199    7719.  110.3  0   3    3.38  0.284   78.1    15.29  14.52 -20.70  10.15  10.05   1.41
713948   17708.  253.0  0  20    3.28  0.900   26.4    15.62  15.56 -21.46  10.46  10.75   1.78
244025   16266.  232.4  0  20    4.05  0.633   52.2    17.16  16.90 -19.93   9.85   9.60   0.72
713949   17423.  248.9  0  20    3.20  0.941   20.2    17.94  17.91 -19.07   9.50   9.40   1.05
713950   16350.  233.6  0  20    4.06  0.338   73.9    15.90  15.23 -21.61  10.52  10.79   1.51
244026   16349.  233.6  0   3    4.09  0.385   70.4    15.55  14.96 -21.88  10.62  10.22   0.59
713951    9080.  129.7  0  20    3.21  0.627   52.7    14.74  14.45 -21.11  10.32  10.75   2.43
243889    7700.  110.0  0   3    3.55  0.772   40.4    16.70  16.62 -18.58   9.31   9.38   1.28
713952   17245.  246.4  0  20    3.21  0.397   69.5    17.25  16.69 -20.27   9.98  10.28   1.83
240215    7915.  113.1  0   2    3.38  0.485   63.2    14.21  13.76 -21.50  10.47  10.82   2.07
713953    8876.  126.8  0  20    3.23  0.630   52.4    14.33  14.05 -21.47  10.46  10.90   2.30
713954   17412.  248.7  0  20    3.23  0.508   61.5    16.70  16.28 -20.69  10.15  10.36   1.64
713955    7589.  108.4  0  20    3.34  0.872   30.0    16.80  16.76 -18.41   9.24   9.32   1.53
249130    5148.   73.5  0   3    3.60  0.611   53.9    16.86  16.71 -17.63   8.92   8.99   1.33
244028   17846.  254.9  0  20    3.28  0.536   59.5    15.61  15.20 -21.83  10.60  11.03   2.52
243887   13305.  190.1  0   3    3.60  0.617   53.4    17.05  16.81 -19.58   9.71   9.73   1.21
244029    7548.  107.8  0  20    4.22  0.623   53.0    15.22  14.93 -20.23   9.96  10.25   1.78
244030    8901.  127.2  0  20    3.29  0.882   28.8    17.00  16.96 -18.56   9.30   9.45   1.46
244031   14016.  200.2  0  20    4.40  0.350   73.0    17.55  17.13 -19.38   9.62   9.49   1.16
713956   17724.  253.2  0  20    3.28  0.532   59.8    16.53  16.14 -20.88  10.22  10.63   1.96
243888   13359.  190.8  0  20    3.64  0.837   34.0    16.85  16.75 -19.65   9.73   9.91   1.35
713957   12334.  176.2  0  20    3.36  0.812   36.6    16.52  16.40 -19.83   9.80   9.86   1.25
713958   16490.  235.6  0  20    3.99  0.877   29.4    16.34  16.26 -20.60  10.11  10.34   2.06
713959    7801.  111.4  0  20    3.92  0.739   43.4    17.52  17.43 -17.81   8.99   9.37   2.07
242253    8191.  117.0  0  20    3.52  0.540   59.2    15.13  14.75 -20.59  10.11  10.43   1.88
713960    8120.  116.0  0  20    3.44  0.510   61.4    15.31  14.90 -20.42  10.04  10.39   2.08
713961   17719.  253.1  0  20    3.55  0.717   45.4    14.85  14.59 -22.43  10.84  11.30   2.29
713962   17358.  248.0  0  20    3.32  0.703   46.5    17.50  17.31 -19.66   9.74   9.89   1.44
713963   17229.  246.1  0  20    3.53  0.668   49.4    17.26  17.02 -19.94   9.85  10.34   2.41
242254    7218.  103.1  0  20    3.61  0.570   57.0    16.29  16.09 -18.97   9.46   9.87   2.08
249131   10081.  144.0  0   3    3.67  0.444   66.1    17.53  17.28 -18.51   9.28   9.11   1.13
730138    7604.  108.6  0  20    3.44  0.937   20.9    17.76  17.74 -17.44   8.85   9.04   0.92
244034    8890.  127.0  0  20    3.95  0.336   74.0    17.27  16.93 -18.59   9.31   9.38   1.49
244035    8913.  127.3  0   3    3.94  0.449   65.8    17.76  17.51 -18.01   9.08   8.88   0.78
240222    7599.  108.6  0   5    3.50  0.613   53.7    13.49  13.14 -22.04  10.69  11.14   2.84
244036    6419.   91.7  0   3    4.52  0.891   27.6    16.90  16.86 -17.95   9.05   9.22   1.49
715955   17734.  253.3  0  20    3.65  0.821   35.6    16.54  16.42 -20.60  10.11  10.10   1.26
715956   17779.  254.0  0  20    3.64  0.810   36.8    17.74  17.64 -19.38   9.62   9.70   1.39
713964   11169.  159.6  0  20    3.35  0.385   70.4    15.79  15.20 -20.82  10.20  10.20   1.11
730139    7948.  113.5  0  20    3.66  0.569   57.1    17.08  16.91 -18.37   9.22   9.38   1.32
244037   17237.  246.2  0  20    4.64  0.468   64.4    16.92  16.46 -20.50  10.07  10.11   1.16
730140   18059.  258.0  0  20    3.61  0.821   35.6    16.88  16.76 -20.30   9.99  10.25   1.63
713965   17247.  246.4  0  20    3.38  0.626   52.7    14.88  14.51 -22.45  10.85  11.31   2.22
242256    6926.   98.9  0  20    3.62  0.725   44.7    14.96  14.77 -20.21   9.96  10.39   2.19
244038   17197.  245.7  0  20    4.37  0.589   55.6    16.06  15.74 -21.21  10.36  10.63   1.76
715957   17465.  249.5  0  20    3.69  0.531   59.9    16.23  15.84 -21.14  10.33  10.71   2.01
713966   17232.  246.2  0  20    3.39  0.440   66.4    16.50  15.99 -20.97  10.26  10.67   2.11
713967   16685.  238.4  0  20    3.58  0.870   30.2    17.36  17.29 -19.60   9.71  10.19   2.56
  9134   11416.  163.1  0   5    3.46  0.679   48.5    14.74  14.50 -21.56  10.50  10.66   1.81
242258    7576.  108.2  0  20    3.74  0.581   56.2    15.88  15.62 -19.55   9.69  10.04   2.07
