238632    7052.  100.7  0   6    3.17  0.350   70.7    17.09  16.77 -18.25   9.17   9.14   0.98
232436   12084.  172.6  0   3    3.38  0.365   71.8    16.95  16.50 -19.69   9.75   9.54   0.93
238633    7020.  100.3  0   5    3.54  0.547   57.5    17.51  17.33 -17.68   8.94   8.94   1.95
231532    7182.  102.6  0   3    3.00  0.786   39.1    14.60  14.46 -20.60  10.11  10.27   1.41
238634    6834.   97.6  0   4    3.22  0.880   29.0    16.86  16.82 -18.13   9.12   8.98   1.44
230792   11556.  165.1  0   5    3.05  0.459   63.5    15.13  14.65 -21.44  10.45  10.57   1.68
238635    5932.   84.7  0   3    3.81  0.950   18.6    16.35  16.33 -18.31   9.20   9.27   1.70
232158    7209.  103.0  0   6    2.47  0.650   50.0    16.96  16.82 -18.24   9.17   9.30   1.26
238636    5132.   73.3  0   3    2.20  0.723   44.8    18.88  18.78 -15.55   8.09   7.53   0.03
230801    7117.  101.7  0   6    2.14  0.810   36.2    15.27  15.15 -19.89   9.83   9.92   1.72
238637    7218.  103.1  0   3    2.51  0.301   76.7    16.79  16.42 -18.65   9.33   9.26   0.62
238638   12919.  184.6  0   6    2.11  0.574   55.6    18.95  18.78 -17.55   8.89   8.94   1.39
233581    7212.  103.0  0   3    2.27  0.286   78.0    15.49  14.79 -20.27   9.98  10.34   1.53
238639    7423.  106.0  0   3    2.24  0.358   72.4    16.68  16.37 -18.76   9.38   9.06   0.67
238640    7048.  100.7  0   3    2.01  0.514   61.1    17.51  17.31 -17.71   8.95   8.93   1.35
231014    7458.  106.5  0   0    3.28  0.661   50.0    14.57  14.31 -20.83  10.20  10.20   1.17
230831    7038.  100.5  0   4    2.08  0.566   57.3    14.85  14.50 -20.51  10.08   9.91   0.96
238642    7554.  107.9  0   3    3.80  0.285   78.0    15.05  14.28 -20.88  10.23  10.41   1.39
238643    1480.   21.1  0  10    1.72  0.168   90.0    22.05  21.50 -10.12   5.92   8.35   0.50
238644    7051.  100.7  0   3    1.74  0.495   62.5    16.70  16.49 -18.53   9.28   9.22   1.17
238645    7141.  102.0  0   3    1.94  0.236   82.7    16.59  16.15 -18.89   9.43   9.35   1.01
233565    5169.   73.8  0   3    1.76  0.500   62.1    16.85  16.64 -17.70   8.95   8.62   1.02
232440    6894.   98.5  0   3    2.55  0.575   56.6    16.81  16.64 -18.33   9.20   9.27   1.29
233583    4310.   61.6  0  10    1.70  0.741   43.3    16.94  16.85 -17.10   8.71   8.67   1.42
  8861    5153.   73.6  0   6    1.76  0.423   65.9    15.52  15.24 -19.09   9.51   9.42   1.99
232305   11445.  163.5  0   3    2.11  0.264   79.9    17.13  16.61 -19.46   9.65   9.56   1.19
232306   11688.  167.0  0   3    1.90  0.313   75.8    17.61  17.25 -18.86   9.42   9.30   1.02
230861    7128.  101.8  0   6    2.09  0.422   66.0    14.99  14.46 -20.58  10.10  10.05   1.62
230866    6448.   92.1  0   3    3.00  0.481   63.5    14.01  13.56 -21.26  10.38  10.62   1.80
230865    6367.   91.0  0   3    2.97  0.973   13.6    14.81  14.79 -20.01   9.87   9.95   1.53
232447   12174.  173.9  0   3    2.61  0.271   79.2    16.82  16.17 -20.03   9.88   9.63   0.56
  8871   16335.  233.4  0   3    3.64  0.592   55.3    14.90  14.50 -22.34  10.81  10.95   1.65
  8874    4633.   66.2  0   3    3.49  0.768   40.8    12.59  12.41 -21.69  10.55  10.82   2.10
231575    7337.  104.8  0   3    2.30  0.772   40.4    13.68  13.51 -21.59  10.51  10.82   2.54
  8878    7077.   98.4  2   3    1.34  0.609   54.1    13.52  13.20 -21.77  10.58  10.83   1.86
231576    4939.   70.6  0   3    2.27  0.334   74.2    15.08  14.58 -19.66   9.74  10.00   1.68
231122    4633.   66.2  0   3    2.25  0.843   33.3    15.02  14.95 -19.15   9.53   9.78   1.89
  8881    7311.  104.4  0   5    2.47  0.191   81.4    14.64  13.62 -21.47  10.46  10.32   1.23
230872    7090.  101.3  0   3    1.82  0.602   54.6    15.22  14.91 -20.12   9.92   9.90   1.18
238646    7118.  101.7  0   3    1.85  0.268   79.5    16.30  15.87 -19.17   9.54   9.52   1.42
232563   17280.  246.9  0   3    3.05  0.221   84.5    16.64  15.71 -21.26  10.37  10.15   0.34
232226    7210.   98.4  2   3    1.23  0.311   75.9    15.85  15.34 -19.62   9.72   9.85   1.39
  8886    5376.   76.8  0  -2    3.03  0.769   40.7    12.86  12.68 -21.74  10.57  11.05   2.41
233921    6473.   92.5  0   3    1.55  0.356   72.5    15.59  15.10 -19.73   9.76   9.71   1.33
231119    7543.  107.8  0   3    2.38  0.532   59.8    14.25  13.86 -21.31  10.39  10.55   1.83
  8890    4559.   65.1  0   0    3.19  0.631   52.4    13.35  13.07 -21.00  10.27  10.66   2.17
232635   16785.  239.8  0   3    1.11  0.865   30.8    16.05  15.96 -20.94  10.25  10.43   1.69
  8891    5473.   78.2  0   4    3.44  0.152   90.0    13.77  12.61 -21.86  10.62  10.55   1.26
233568    7035.  100.5  0   3    1.48  0.599   54.8    16.45  16.29 -18.72   9.36   9.47   1.65
232636   16934.  241.9  0   3    1.11  0.790   38.7    15.40  15.25 -21.67  10.54  10.76   1.62
  8896    4663.   66.6  0   3    2.35  0.157   90.0    14.30  13.16 -20.96  10.26  10.07   0.78
238647    7556.  107.9  0   3    2.88  0.371   71.4    17.20  16.90 -18.27   9.18   9.30   1.38
231120    7654.  109.3  0   5    2.28  0.302   73.8    15.54  14.88 -20.31  10.00   9.57   0.69
233569    6973.   98.4  2   3    1.26  0.582   56.1    17.54  17.37 -17.59   8.91   8.95   1.89
230898    6910.   98.4  2   3    1.18  0.914   24.5    14.16  14.10 -20.86  10.22  10.40   1.61
238625    4858.   69.4  0   0    1.41  0.341   73.6    15.38  14.99 -19.22   9.56   9.76   1.52
233570    5279.   75.4  0   3    2.13  0.594   55.2    15.99  15.83 -18.56   9.30   9.25   1.03
233924   11711.  167.3  0   3    1.54  0.481   63.5    15.46  15.01 -21.11  10.32  10.50   1.53
238649   16893.  241.3  0   2    0.76  0.226   83.8    16.78  15.87 -21.05  10.29   9.93   1.19
230912   11915.  170.2  0   3    2.82  0.689   47.7    15.52  15.29 -20.86  10.22  10.17   1.18
243884    4807.   68.7  0   3    1.71  0.470   64.3    17.22  16.99 -17.20   8.75   8.95   1.20
230914   12108.  173.0  0   0    2.86  0.460   65.0    13.90  13.28 -22.91  11.04  11.28   1.93
243859    6359.   83.7  1  10    0.67  0.710   46.0    18.84  18.73 -15.88   8.22   8.21   0.84
249086    7285.   98.4  2   3    1.34  0.303   76.6    17.27  16.90 -18.06   9.10   8.95   0.78
242402   16818.  240.3  0   3    0.87  0.590   55.5    15.67  15.35 -21.56  10.49  10.64   1.56
  8918    4361.   62.3  0   3    0.73  0.279   78.6    14.12  13.34 -20.64  10.13  10.18   1.71
230917    6090.   83.7  1   3    0.63  0.252   81.0    15.12  14.38 -20.24   9.97  10.02   1.31
243818    7108.   98.4  2   3    0.87  0.268   79.5    16.40  16.00 -18.97   9.46   9.28   0.75
230925    4832.   69.0  0   5    0.88  0.158   84.1    15.83  15.26 -18.93   9.44   9.19   0.71
243904   11798.  168.5  0   3    2.81  0.565   57.4    16.62  16.32 -19.82   9.80   9.97   1.56
242246    4419.   63.1  0  10    0.65  0.483   63.3    17.56  17.34 -16.66   8.54   8.62   0.94
249087   11214.  160.2  0   4    2.18  0.874   29.7    15.76  15.68 -20.34  10.01  10.06   1.66
249088    5629.   83.7  1   3    0.68  0.220   84.6    17.28  16.81 -17.80   8.99   8.80   0.57
243828    5335.   76.2  0   6    0.55  0.686   47.1    17.30  17.18 -17.23   8.76   8.71   0.82
231599    4591.   65.6  0   3    2.88  0.454   65.4    15.21  14.92 -19.16   9.54   9.49   1.05
249089    5512.   78.7  0   3    1.56  0.437   66.6    15.95  15.70 -18.78   9.39   9.29   1.34
249091    7377.  105.4  0   4    1.97  0.136   90.0    16.51  15.91 -19.20   9.55   9.40   1.36
249090    6525.   83.7  1   3    0.70  0.855   32.0    16.48  16.43 -18.18   9.14   9.17   1.20
248868    7199.  102.8  0   3    2.82  0.728   44.4    17.23  17.13 -17.93   9.04   9.05   1.10
242168    5693.   83.7  1   6    0.48  0.431   65.4    17.60  17.34 -17.27   8.78   8.45   1.06
231601    5124.   73.2  0   1    0.85  0.371   71.4    14.07  13.46 -20.87  10.22  10.54   1.98
  8928    7171.  102.4  0   3    1.68  0.925   22.8    14.06  14.01 -21.04  10.29  10.31   1.53
  8927    7364.  105.2  0   4    1.89  0.361   72.1    14.73  14.10 -21.01  10.28  10.29   2.52
230939    7124.   98.4  2   4    0.87  0.750   42.5    14.61  14.43 -20.53  10.08  10.28   1.67
  8934   10511.  150.2  0   5    1.20  0.505   60.4    14.76  14.34 -21.55  10.49  10.55   1.54
230946    5219.   74.6  0   3    0.37  0.450   65.7    15.74  15.50 -18.87   9.42   9.53   1.34
249092    5724.   81.8  0  10    1.36  0.415   68.2    17.16  16.89 -17.68   8.94   9.03   1.58
  8938    6522.   83.7  1   3    0.30  0.483   63.3    13.36  12.92 -21.70  10.55  10.89   2.66
230954    6692.   98.4  2   5    0.40  0.245   77.6    16.59  16.16 -18.80   9.39   9.15   0.82
230955    6333.   83.7  1   3    0.59  0.848   32.7    13.81  13.71 -20.91  10.23  10.28   1.32
249093   11879.  169.7  0   3    2.47  0.362   72.1    15.51  14.88 -21.27  10.38  10.42   1.26
  8940    6096.   83.7  1  -5    0.44  0.627   52.7    13.07  12.75 -21.86  10.62  11.04   2.43
249094    4197.   60.0  0   3    1.51  0.469   64.3    15.43  15.19 -18.70   9.35   9.49   1.42
231067   11461.  163.7  0  -2    0.66  0.521   60.6    15.64  15.24 -20.83  10.20  10.32   1.41
  8942    4540.   64.9  0   3    0.63  0.592   55.3    13.24  12.92 -21.14  10.33  10.27   1.07
230964    6063.   83.7  1   5    0.32  0.890   27.3    15.40  15.35 -19.26   9.58   9.77   1.69
230966    5933.   83.7  1   3    0.29  0.479   63.6    15.61  15.32 -19.30   9.59   9.62   1.31
243835    6296.   89.9  0   7    1.79  0.688   47.0    19.33  19.22 -15.55   8.09   8.98   1.83
  8944    6497.   83.7  1   5    0.19  0.697   46.2    13.12  12.89 -21.73  10.56  10.79   1.86
249095    5492.   78.5  0  10    1.25  0.565   57.4    20.38  20.20 -14.28   7.58   7.28   1.61
  8943    5193.   74.2  0   1    1.30  0.577   56.5    12.36  11.93 -22.42  10.84  11.26   2.48
249096    7010.   98.4  2   6    0.27  0.605   53.3    18.16  18.01 -16.96   8.65   8.68   0.72
  8946    4851.   69.3  0   3    1.65  0.469   64.3    13.24  12.77 -21.43  10.44  10.67   2.18
249097    5763.   82.3  0   3    1.44  0.250   81.2    16.26  15.83 -18.74   9.37   9.25   0.87
243837    6055.   86.5  0   6    2.19  0.637   50.9    17.77  17.63 -17.05   8.69   8.72   0.95
249098   16867.  241.0  0   6    0.60  0.388   68.2    17.03  16.44 -20.47  10.06   9.99   0.61
230970   10481.  149.7  0   3    1.08  0.373   71.3    14.20  13.51 -22.37  10.82  11.11   1.86
243841    4447.   63.5  0   3    1.38  0.647   51.1    16.30  16.16 -17.85   9.01   8.80   0.74
  8948    6274.   83.7  1   3    0.26  0.395   69.7    13.95  13.38 -21.24  10.37  10.37   1.59
240003    6005.   83.7  1   4    0.22  0.226   83.8    15.77  15.23 -19.38   9.63   9.85   1.44
243817   11490.  164.1  0   3    1.19  0.240   82.2    15.94  15.06 -21.02  10.28  10.16   1.12
241325    5900.   83.7  1  10    0.06  0.369   71.6    17.28  16.97 -17.64   8.93   8.76   0.68
  8950    6123.   83.7  1   5    0.17  0.136   86.3    16.00  15.40 -19.22   9.56   9.36   1.16
241923    6071.   83.7  1   3    0.66  0.870   30.2    17.19  17.15 -17.46   8.86   8.83   1.09
  8951    6128.   83.7  1   5    0.55  0.237   78.1    15.24  14.53 -20.08   9.90   9.79   1.05
  8956    6255.   83.7  1  -2    0.10  0.787   39.0    12.89  12.71 -21.90  10.63  11.13   2.72
249099    7302.  104.3  0   6    2.24  0.562   56.4    18.40  18.23 -16.87   8.62   8.52   1.28
249100   11562.  165.2  0   6    1.29  0.891   27.2    22.93  22.90 -13.19   7.15   5.17   0.06
241327    6948.   98.4  2   6    0.15  0.386   68.3    16.34  16.05 -18.92   9.44   9.43   1.07
243860    5936.   83.7  1  10    0.29  0.706   46.3    17.68  17.57 -17.04   8.69   8.49   1.14
243819    7034.   98.4  2   6    0.57  0.845   32.6    15.88  15.81 -19.15   9.53   9.58   2.16
242169    5515.   78.8  0   6    1.09  0.682   47.5    16.72  16.60 -17.88   9.02   8.81   2.01
243861    5821.   83.7  1   5    0.09  0.223   79.1    17.67  17.21 -17.40   8.83   8.72   1.02
243842    5566.   79.5  0   3    2.39  0.825   35.2    14.99  14.89 -19.61   9.72   9.78   1.20
240019    5675.   83.7  1   0    0.45  0.563   57.5    13.73  13.38 -21.24  10.37  10.74   2.14
242248    7470.   98.4  2   6    0.43  0.771   39.9    16.49  16.41 -18.56   9.30   9.57   2.28
249101    4269.   61.0  0   3    0.74  0.465   64.6    16.28  16.04 -17.88   9.02   8.99   1.00
243820    7354.   98.4  2   6    0.56  0.374   69.1    18.46  18.16 -16.81   8.60   8.66   1.18
249102    7205.  102.9  0   3    1.83  0.204   87.7    16.25  15.71 -19.35   9.61   9.36   0.79
  8965    4900.   70.0  0   5    0.19  0.950   18.3    13.42  13.39 -20.84  10.21  10.51   2.66
249103    4243.   60.6  0   3    1.83  0.536   59.5    16.18  15.99 -17.93   9.04   8.98   0.96
  8967    5899.   83.7  1   4    0.21  0.225   84.0    14.22  13.31 -21.31  10.40  10.33   1.37
241328    5639.   83.7  1   5    0.40  0.236   78.2    16.24  15.79 -18.82   9.40   9.29   1.05
  8966    7628.  109.0  0   5    2.57  0.519   59.4    14.90  14.50 -20.69  10.15  10.16   1.99
249143    5671.   81.0  0   3    1.57  0.503   61.9    16.16  15.95 -18.59   9.31   9.27   0.98
242104    6262.   89.5  0   6    2.25  0.167   83.3    16.30  15.75 -19.01   9.48   9.33   0.97
  8973   11771.  168.2  0   3    2.07  0.522   60.5    14.47  14.02 -22.11  10.72  10.80   2.23
243862    6213.   83.7  1   5    0.68  0.950   18.3    16.17  16.16 -18.46   9.25   9.45   1.37
249105    6073.   83.7  1   3    0.30  0.294   77.3    16.91  16.53 -18.08   9.11   9.10   1.06
  8983    7498.  107.1  0   5    2.69  0.190   81.5    15.40  14.38 -20.77  10.18  10.23   1.55
  8979    7695.  109.9  0   4    2.86  0.220   84.6    15.00  14.07 -21.14  10.33  10.42   1.27
249106   11065.  158.1  0   3    1.36  0.627   52.7    15.47  15.18 -20.81  10.20  10.44   1.56
242251    7557.   98.4  2   5    0.43  0.733   43.3    15.88  15.75 -19.22   9.56   9.49   1.20
  8989    6284.   89.8  0   0    2.44  0.398   69.4    14.20  13.63 -21.13  10.33  10.75   2.13
243843    5358.   76.5  0   6    1.91  0.864   30.5    16.27  16.22 -18.20   9.15   9.26   1.93
249107   11413.  163.0  0   4    0.56  0.195   90.0    17.74  17.23 -18.83   9.40   9.14   0.52
240051    4886.   69.8  0   4    2.36  0.796   38.2    14.14  14.00 -20.22   9.96   9.93   1.12
243844    6169.   88.1  0   3    2.43  0.401   69.2    17.42  17.14 -17.59   8.91   8.67   0.61
242316    5434.   77.6  0   5    2.85  0.362   69.9    16.83  16.52 -17.93   9.04   8.89   0.98
240054    7109.   98.4  2   4    1.11  0.827   35.0    15.07  14.95 -20.01   9.88   9.98   1.58
  8995    1495.   21.4  0   4    0.72  0.323   75.0    13.97  13.62 -18.03   9.08   9.08   1.68
  9001   11682.  166.9  0   5    1.56  0.426   65.7    14.77  14.24 -21.88  10.62  10.56   1.19
243829    7625.   98.4  2   6    0.64  0.565   56.2    17.83  17.65 -17.32   8.80   8.62   1.27
  9008    5604.   80.1  0   5    1.77  0.876   29.1    14.82  14.74 -19.78   9.78  10.04   1.93
  9007    4877.   69.7  0   6    0.57  0.836   33.6    15.59  15.53 -18.68   9.35   9.43   2.35
243926    6179.   88.3  0   3    1.38  0.803   37.5    17.45  17.39 -17.34   8.81   8.95   1.35
240067    7179.   98.4  2   5    0.69  0.733   43.3    15.14  14.95 -20.01   9.88  10.02   2.00
243826    5730.   83.7  1   3    1.25  0.738   43.5    17.08  16.98 -17.63   8.92   8.61   0.66
243826    5730.   83.7  1   3    1.25  0.738   43.5    17.08  16.98 -17.63   8.92   8.61   0.66
243929    9367.  133.8  0   3    2.99  0.868   30.5    16.72  16.66 -18.97   9.46   9.49   1.75
240077    7303.   98.4  2   7    0.81  0.929   21.9    15.06  15.01 -19.95   9.85   9.91   1.79
243845    7099.  101.4  0   4    2.34  0.254   80.8    16.26  15.79 -19.24   9.57   9.47   0.82
242321    4881.   69.7  0   5    2.84  0.244   77.6    16.80  16.36 -17.85   9.01   8.74   0.84
240082   16662.  238.0  0   5    0.74  0.794   37.8    15.27  15.11 -21.77  10.58  10.81   2.53
243933    7637.  109.1  0   6    2.99  0.608   53.1    17.70  17.55 -17.64   8.93   8.84   1.14
  9015    7257.   98.4  2   3    0.83  0.692   47.5    14.26  14.03 -20.93  10.24  10.57   2.45
243823   10223.  146.0  0   4    1.45  0.437   66.6    16.10  15.60 -20.22   9.96   9.77   1.01
240088    5032.   71.9  0   6    2.59  0.544   57.7    14.89  14.59 -19.69   9.75   9.73   1.34
242252    7651.   98.4  2   3    0.86  0.548   58.6    16.03  15.80 -19.17   9.54   9.56   1.35
243935    9427.  134.7  0   3    3.25  0.272   79.2    16.95  16.52 -19.13   9.52   9.62   1.37
243846    6965.   99.5  0   3    2.60  0.592   55.3    17.14  16.98 -18.01   9.08   8.93   0.82
242405   11701.  167.2  0   3    0.91  0.515   61.0    15.59  15.18 -20.93  10.25  10.36   1.61
242009    7472.   98.4  2  10    0.90  0.429   67.2    16.81  16.55 -18.41   9.24   9.27   2.73
  9020    1281.   18.3  0   3    3.43  0.192   90.0    12.94  12.43 -18.88   9.43   9.76   2.79
249108    7440.  106.3  0   6    3.32  0.854   31.6    17.87  17.82 -17.31   8.80   8.90   1.00
243863    7021.  100.3  0   3    1.44  0.647   51.1    16.71  16.58 -18.43   9.24   9.14   1.21
  9023    7463.   98.4  2   5    1.00  0.449   64.2    15.26  14.80 -20.17   9.94   9.78   1.36
243939    7639.  109.1  0   3    3.27  0.858   31.6    16.45  16.40 -18.79   9.39   9.38   1.21
240102    9960.  142.3  0   4    1.53  0.719   45.2    14.21  13.99 -21.77  10.58  10.73   1.70
  9027    7126.  101.8  0   3    1.68  0.318   75.4    15.23  14.53 -20.51  10.07   9.95   1.31
243940    7855.  112.2  0   4    2.92  0.365   71.8    17.56  17.25 -18.00   9.07   8.87   0.70
243852    1438.   20.5  0   3    1.74  0.509   61.5    16.88  16.67 -14.89   7.83   7.76   0.71
249109    6140.   83.7  1   7    1.12  0.346   70.9    19.06  18.73 -15.88   8.22   8.11   1.86
249110    9429.  134.7  0   3    2.98  0.895   27.1    17.02  16.98 -18.66   9.34   9.43   1.19
249111    7359.  105.1  0   3    2.51  0.650   50.9    15.76  15.55 -19.55   9.69   9.84   2.06
243848    7705.  110.1  0   4    2.39  0.818   36.0    16.58  16.52 -18.69   9.35   9.34   1.61
  9030    7348.   98.4  2   4    1.24  0.177   90.0    14.69  13.63 -21.34  10.41  10.52   1.78
241392    7268.  103.8  0   3    2.62  0.924   23.0    14.87  14.82 -20.26   9.98  10.23   1.97
243949    9397.  134.2  0   3    2.90  0.509   61.5    15.96  15.58 -20.06   9.90   9.72   0.83
243952    9363.  133.8  0   4    2.92  0.172   90.0    16.49  15.70 -19.93   9.84   9.85   0.91
243954    7228.  103.3  0   3    2.65  0.588   55.6    16.86  16.70 -18.37   9.22   9.28   1.22
243955   16811.  240.2  0   3    3.50  0.868   30.5    16.69  16.61 -20.30   9.99  10.01   1.15
249112    5230.   74.7  0  10    2.65  0.543   59.0    17.46  17.27 -17.10   8.71   8.50   0.77
243956    7891.  112.7  0   5    3.22  0.534   58.4    16.06  15.78 -19.48   9.66   9.49   1.19
  9037    6199.   88.6  0   5    2.67  0.572   55.7    13.89  13.54 -21.19  10.35  10.34   1.40
  9041    5993.   85.6  0   1    2.86  0.640   51.7    13.58  13.31 -21.35  10.41  10.71   1.90
249113    7418.  106.0  0   3    1.79  0.693   47.4    17.85  17.74 -17.39   8.83   8.89   1.17
240125    6070.   86.7  0   4    2.98  0.331   74.4    15.43  14.92 -19.77   9.78   9.69   1.08
243857    5088.   72.7  0   3    2.08  0.432   67.0    15.65  15.39 -18.92   9.44   9.34   0.89
243849    6064.   86.6  0   3    3.01  0.907   25.5    17.01  16.98 -17.70   8.95   9.04   1.25
240131    7305.  104.4  0   5    1.67  0.885   28.0    14.46  14.39 -20.71  10.15  10.55   2.31
249114    8033.  114.8  0   3    1.79  0.328   74.6    15.86  15.28 -20.02   9.88   9.86   1.02
249115   11365.  162.4  0   6    2.18  0.731   43.4    17.12  17.00 -19.06   9.49   9.50   1.38
249116   11662.  166.6  0   3    1.70  0.487   63.1    16.87  16.53 -19.57   9.70   9.60   1.21
241408    7515.  107.4  0   3    2.13  0.512   61.3    13.58  13.13 -22.02  10.68  10.90   1.82
243850    6609.   94.4  0   4    2.47  0.245   81.7    17.22  16.78 -18.09   9.11   9.04   0.80
243964    6068.   86.7  0   3    3.13  0.465   64.6    17.10  16.86 -17.83   9.00   8.87   1.44
  9054    7488.  107.0  0   3    1.81  0.571   56.9    14.53  14.18 -20.97  10.26  10.52   1.79
240138   17963.  256.6  0   3    2.38  0.331   74.4    14.67  13.79 -23.26  11.18  11.16   1.34
240140    7889.  112.7  0   1    1.98  0.718   45.3    14.54  14.34 -20.92  10.24  10.44   1.66
240142    8652.  123.6  0   3    3.17  0.350   73.0    15.06  14.42 -21.04  10.29  10.25   1.25
713876    8498.  121.4  0  20    2.82  0.629   52.5    15.54  15.25 -20.17   9.94  10.02   1.31
249118    7098.  101.4  0   7    2.05  0.507   60.3    19.39  19.18 -15.85   8.21   7.70   2.94
243972   17133.  244.8  0   3    3.50  0.812   36.6    16.73  16.60 -20.34  10.01  10.01   1.15
240146    7313.  104.5  0   2    1.98  0.616   53.5    13.81  13.51 -21.58  10.51  10.66   2.12
  9072    6146.   87.8  0   3    3.59  0.588   55.6    12.86  12.47 -22.25  10.77  11.02   1.93
249119    4972.   71.0  0   3    2.37  0.586   55.8    17.64  17.47 -16.78   8.59   8.54   1.28
240153    7499.  107.1  0   3    2.91  0.260   80.2    15.83  15.18 -19.97   9.86   9.69   0.83
249120    7546.  107.8  0   6    2.09  0.684   47.3    17.34  17.23 -17.94   9.05   9.00   1.83
249121   11040.  157.7  0   3    2.35  0.423   67.6    17.73  17.46 -18.53   9.28   9.05   0.96
240155    7696.  109.9  0   4    2.37  0.744   43.0    14.87  14.69 -20.51  10.08  10.03   1.17
240157    7090.  101.3  0   0    2.23  0.480   63.6    14.22  13.77 -21.26  10.38  10.82   2.30
241924    7751.  110.7  0   5    2.39  0.219   79.4    17.01  16.54 -18.68   9.34   9.41   1.84
249122    7912.  113.0  0   4    2.27  0.828   34.9    15.82  15.72 -19.54   9.69   9.78   1.49
240161   10034.  143.3  0   5    2.51  0.510   60.1    15.11  14.70 -21.08  10.31  10.44   2.11
243982    7624.  108.9  0   6    4.16  0.787   38.4    17.20  17.13 -18.06   9.10   9.01   1.33
  9084    7487.  107.0  0   3    2.42  0.905   25.7    13.78  13.72 -21.43  10.44  10.82   2.31
241198    7239.  103.4  0   1    2.50  0.491   62.8    13.93  13.50 -21.58  10.50  10.89   2.17
249123    7508.  107.3  0   2    2.53  0.671   49.2    17.48  17.36 -17.79   8.99   9.24   1.56
249124   17292.  247.0  0   3    3.76  0.909   25.2    15.54  15.47 -21.49  10.47  10.66   1.61
249125    7904.  112.9  0   6    2.45  0.473   62.6    17.37  17.14 -18.12   9.12   9.11   0.48
  9093   11616.  165.9  0   5    3.62  0.329   72.0    15.46  14.77 -21.33  10.40  10.27   1.12
249126    7526.  107.5  0   3    2.47  0.565   57.4    16.74  16.56 -18.59   9.31   9.22   1.04
240174    7335.  104.8  0   0    2.58  0.757   41.8    14.27  14.09 -21.01  10.28  10.53   1.99
240176    7491.  107.0  0  -2    2.63  0.350   73.0    14.96  14.32 -20.83  10.20  10.39   1.64
240179    7657.  109.4  0   3    2.65  0.875   29.6    15.28  15.20 -20.00   9.87   9.92   1.46
240183    7457.  106.5  0   4    2.65  0.279   78.6    14.57  13.78 -21.35  10.41  10.23   0.92
244005   17260.  246.6  0   3    4.14  0.532   59.8    15.33  14.89 -22.07  10.70  10.75   1.23
249127   10976.  156.8  0   3    2.78  0.843   33.3    15.86  15.76 -20.22   9.96   9.98   1.31
241967    7643.  109.2  0   3    2.93  0.682   48.3    13.91  13.67 -21.52  10.48  10.81   2.30
243890    8226.  117.5  0   4    3.12  0.209   86.5    17.04  16.56 -18.79   9.39   9.21   0.93
240190    8814.  125.9  0   1    2.80  0.693   47.4    17.42  17.31 -18.19   9.15   9.05   1.32
  9111    7713.  110.2  0   1    3.38  0.706   46.3    13.62  13.39 -21.82  10.60  10.87   1.97
241082    8758.  125.1  0   6    3.11  0.193   81.2    16.31  15.58 -19.90   9.83   9.73   0.75
244013   17829.  254.7  0   5    4.32  0.837   33.5    15.84  15.73 -21.30  10.39  10.32   1.21
243830    1478.   21.1  0   6    3.03  0.513   59.8    19.39  19.18 -12.44   6.85   7.54   8.73
244019    7414.  105.9  0   3    3.88  0.524   60.4    17.64  17.44 -17.68   8.94   8.85   0.89
244022    7486.  106.9  0   3    4.35  0.796   38.2    15.90  15.80 -19.35   9.61   9.64   1.21
249128    9066.  129.5  0   3    3.11  0.600   54.7    15.68  15.37 -20.20   9.95   9.97   1.75
249129   17685.  252.6  0   3    3.11  0.635   52.0    16.22  15.94 -21.07  10.30  10.28   1.26
240211   11241.  160.6  0   3    3.64  0.990    8.3    15.64  15.63 -20.40  10.03  10.09   1.61
241199    7720.  110.3  0   3    3.38  0.284   78.1    15.29  14.52 -20.70  10.15  10.05   1.41
244026   16349.  233.6  0   3    4.09  0.385   70.4    15.55  14.96 -21.88  10.62  10.22   0.59
713955    7589.  108.4  0  20    3.34  0.872   30.0    16.80  16.76 -18.41   9.24   9.32   1.53
249130    5148.   73.5  0   3    3.60  0.611   53.9    16.86  16.71 -17.62   8.92   8.99   1.33
243887   13305.  190.1  0   3    3.60  0.617   53.4    17.05  16.81 -19.58   9.71   9.73   1.21
249131   10081.  144.0  0   3    3.67  0.444   66.1    17.53  17.28 -18.51   9.27   9.11   1.13
240222    7599.  108.6  0   5    3.50  0.613   52.7    13.49  13.14 -22.04  10.69  11.14   2.84
244036    6419.   91.7  0   3    4.52  0.891   27.6    16.90  16.86 -17.95   9.05   9.22   1.49
244038   17197.  245.7  0  20    4.37  0.589   55.6    16.06  15.74 -21.21  10.36  10.63   1.76
  9134   11408.  163.0  0   5    3.46  0.679   47.7    14.74  14.50 -21.56  10.50  10.66   1.81
