# AGC    RA            Dec        z(ha)    zerr(ha)      sigma_ha                 ew_ha                         sigma_hb                  ew_hb                        sigma_oiii               hw_oiii                   sigma_nii                 ew_nii                     chisq_ha       nu   Zw    Obj
238632 207.95208740  7.68804455 0.022606 0.8424E-04      1.592391     0.024414    47.39144135    0.67328900     1.060585     0.053711     9.46215916    0.41871801     1.246374     0.024414    26.02732468    0.53445399     1.524053     0.126953     4.51634312    0.32548100   45.42203903     6     0 587736525907034357
232436 208.06277466 11.50184441 0.039484 0.7675E-04      1.663724     0.014648    46.78335571    0.56655997     1.145781     0.039063     8.28464031    0.26609501     1.345236     0.024414    25.23229027    0.42667899     1.719949     0.087891     5.72675991    0.25401899   35.13311386     6 65536 588017703479410761
238633 208.07608032  6.91979504 0.022715 0.1217E-03      1.596099     0.073242    14.71295547    0.56513399     1.240878     0.297852     4.01636410    0.69819802     1.344772     0.209961     5.32885313    0.66852897     4.576093     3.753826     1.16538596    0.86682302    8.26022434     6  4096 588017725484237130
231532 208.08493042  7.79947424 0.023107 0.8900E-04      1.872947     0.014648    19.81956673    0.21902400     1.150554     0.034180     3.31177092    0.09814200     1.490479     0.161133     0.89610702    0.08343000     1.961582     0.034180     8.14605522    0.13310100   61.63658905     7     0 588017726557978704
230792 208.37715149 11.34372807 0.037738 0.1688E-03      1.448097     0.302734     0.61459798    0.11118700     5.044473     1.950792    -1.59374106    0.28373799     1.503564     0.878906     0.31153399    0.15392400     1.640640     0.224609     1.27278197    0.14557201   42.69930267    14     0 588017703479541773
238635 208.39500427  6.28353500 0.019259 0.2445E-03      2.851887     0.169888    12.54689503    0.47455800     1.114928     0.209961     2.33379793    0.42176399     1.288699     0.224609     3.06316209    0.44380400     2.045297     0.361328     2.66546392    0.34902799  624.54040527    15     0 587736524296683789
232158 208.40534973  8.35327244 0.023682 0.2731E-02      3.490624     0.504504     7.34906483    0.89749599    12.526315    31.065018    -0.81593400    2.75695205     2.139281     0.463867     5.13723993    0.93116498     1.642811     0.693359     1.81252503    0.58769798  121.27496338    18  4112 587736541478453439
230801 208.53656006  9.41273785 0.023101 0.1979E-03      1.637769     0.043945    11.86541939    0.27983600     0.778457     0.141602     1.45788395    0.21264900     0.952987     0.405273     0.78143901    0.21151200     1.952338     0.126953     5.16032505    0.24098800   99.23169708    14     0 588017991765262510
238637 208.56539917  7.96747160 0.023227 0.8852E-04      1.585198     0.024414    22.53027153    0.37077001     1.047104     0.063477     4.86607599    0.27538499     1.313973     0.048828     9.75022411    0.31037301     1.564461     0.136719     2.81943893    0.21214300   37.46596527     7     0 587736526444167304
233581 208.61122131  8.39386559 0.023206 0.1199E-03      1.676929     0.024414    15.67875290    0.21212199     1.009033     0.053711     3.18349409    0.17381400     1.413872     0.126953     2.64955306    0.18988200     1.832778     0.043945     7.09281921    0.15126100   44.75153732     7     0 587736541478519037
238639 208.66226196  8.34115887 0.023909 0.3686E-04      1.603534     0.004883   225.95277405    1.75240099     1.248685     0.014648    44.04024506    0.46469900     1.278448     0.004883   210.73345947    1.95358205     1.722335     0.034180    10.50114346    0.19596300   45.78854370     6    16 587736541478584332
231014 208.86975098  6.59644604 0.024082 0.8981E-04      1.881240     0.004883    67.30965424    0.51435798     1.273882     0.014648    10.92078304    0.12842000     1.501027     0.014648    11.86965275    0.13736001     1.908557     0.014648    19.65456200    0.20151600   57.94434357     6     0 588017724947759115
230831 208.93632507  8.18928909 0.022636 0.8113E-04      1.682000     0.004883    50.35040665    0.43438199     1.225284     0.024414     9.30610943    0.18994001     1.450471     0.043945     5.92214680    0.16705000     1.721885     0.024414    14.55184460    0.20114300   88.24138641     6    32 588017990154846296
238642 208.98576355  5.92659998 0.024414 0.1916E-03      2.011523     0.043945     5.80425501    0.12844400     0.797154     0.166016     0.43443099    0.09273100     1.598970     0.415039     0.49350700    0.12422700     2.176439     0.092773     3.28018808    0.11506500   11.40856647     6     0 587736523760074920
238644 209.01283264  8.84593487 0.022675 0.8745E-04      1.550257     0.024414    22.04458809    0.41057301     0.983044     0.107422     4.07645321    0.33785400     1.205692     0.053711    10.87678432    0.39258200     1.690003     0.205078     3.21343899    0.27707699   48.13008118     6     0 587736542015586455
238645 209.07852173  8.23571205 0.022999 0.9229E-04      1.668867     0.014648    30.80952072    0.36653501     1.237971     0.083008     5.21518517    0.30166599     1.445161     0.063477     8.31746197    0.30506599     1.706920     0.063477     6.34582710    0.20666300  125.43131256     6     0 588017990154911937
233565 209.09756470 10.10381603 0.016532 0.1116E-03      1.631089     0.034180    34.60085297    0.66368800     0.929158     0.083008     5.21543694    0.38893199     1.192287     0.048828    13.89751244    0.50547701     1.650521     0.620117     2.70985794    0.41789901   20.79626083     7 65536 587736543626199063
232440 209.10069275 11.34131908 0.022026 0.8174E-04      1.619138     0.014648    75.53280640    0.78294897     1.198133     0.024414    15.36802006    0.27457699     1.268579     0.014648    56.98642731    0.60193002     1.644851     0.043945     8.44330215    0.19791700   14.41540146     6 65568 588017703479804034
233583 209.13781738  8.60922813 0.013500 0.3117E-03      1.608635     0.249023     4.04254723    0.53930598     2.609397     1.503461    -2.88297105    1.24665797     1.006671     0.756836    -2.22389793    0.65200502     1.496530     0.776367     1.66214502    0.48971799   22.26287460    17  4624 588017990691782903
  8861 209.14401245 10.19120979 0.016309 0.9732E-04      1.589111     0.034180    13.58287811    0.26957101     0.979452     0.102539     2.37423301    0.22476900     1.282542     0.097656     4.64696693    0.28486100     1.764934     0.126953     3.52094698    0.23210800   28.37726402     6     0 587736543626199210
232305 209.15774536 10.79570961 0.037300 0.1110E-03      1.526402     0.073242    10.42290878    0.43068299     0.665479     0.136719     1.83287001    0.35751301     0.935046     0.239258     2.40401697    0.38889500     1.899094     0.693359     1.90172994    0.55302399    5.90059423     6     0 587736477050667189
232306 209.22625732 10.54856110 0.038140 0.9843E-04      1.638981     0.053711    12.12846947    0.34777001     0.903011     0.151367     1.55702400    0.27032599     1.520223     0.136719     5.19571781    0.38766900     1.442055     0.385742     1.47419500    0.31836799   13.73193073     8     0 588017702406193272
230866 209.30786133 11.99750137 0.020621 0.1816E-03      2.676548     0.049663     7.10717678    0.13125600     1.217236     0.112305     0.60048801    0.06268100     1.947271     0.053711     4.18956184    0.10239600     2.917584     0.071230     6.23148584    0.12752900   22.62246895    18     0 587736478661279833
230865 209.32984924 11.97600269 0.020402 0.1433E-03      1.521207     0.073242     3.05750394    0.14070401     0.502861     5.000000    -0.01426700    0.08334300     1.318089     0.380859     0.46844900    0.13607700     1.446827     0.102539     2.00678897    0.13174801   32.84335709     6     0 587736478661279939
232447 209.33171082 11.56896496 0.039804 0.8229E-04      1.667648     0.043945    18.05318069    0.39046499     0.956307     0.078125     3.37737608    0.25319499     1.172666     0.083008     4.89186478    0.29301900     1.694416     0.126953     4.25801802    0.26499301    5.28367186     6     0 587736478124474529
  8871 209.35363770  5.94917345 0.053557 0.1704E-03      2.279140     0.083008     6.04094791    0.17813800     0.500344     0.292969     0.23018999    0.09471300     1.454985     0.366211     0.59141397    0.17309301     2.622621     0.133180     4.21359491    0.16922300    1.72677004     6     0 587736523760206056
  8874 209.37345886  6.09699535 0.014577 0.1021E-03      2.403991     0.014648    45.11455154    0.34404099     1.638891     0.024414     6.72551918    0.10422500     1.864269     0.170898     0.89319301    0.07126200     2.538697     0.024792    17.16076660    0.17859399  249.29644775    33     0 588017724411084892
231575 209.44845581  7.39627504 0.023581 0.1629E-03      2.620524     0.189374     2.02151799    0.08564300     7.597238     0.845786    -1.71998799    0.15024900     1.702631     0.214844     0.66438901    0.07299300     4.106212     0.192479     4.22976780    0.11713600  129.70602417    33     0 588017726021697646
  8878 209.45596313  9.87337780 0.022755 0.9148E-04      2.071634     0.014649    25.54358292    0.23273700     1.127040     0.034180     2.84560609    0.08271100     1.702277     0.166016     0.89343297    0.07851500     2.355901     0.024414    15.75208855    0.17368799   83.98281097    19     0 588017992302526501
231576 209.46759033  7.41350460 0.015611 0.9194E-04      1.703825     0.014648    30.15243530    0.31199101     1.061680     0.024414     5.56795692    0.13720800     1.334755     0.068359     3.11107492    0.12205700     1.720959     0.024414    10.45013428    0.15255301   41.20553589     7     0 588017726021697687
231122 209.48423767  7.43358040 0.014712 0.9871E-04      1.586051     0.024414    18.79905891    0.27876401     0.898018     0.048828     2.76780605    0.15223700     1.302036     0.092773     3.01586008    0.18722600     1.605606     0.063477     5.25777006    0.17222400   27.21877098     7     0 588017726021697715
  8881 209.49488831  7.16172981 0.023472 0.1201E-03      1.643817     0.024414     9.43377018    0.15079500     1.026018     0.102539     1.54453695    0.12807000     1.293925     0.126953     1.46075499    0.12374000     1.773215     0.063477     4.19405222    0.12084300   36.58004379     7     0 587736525370884222
230872 209.49624634 10.71202850 0.022806 0.7851E-04      1.608001     0.014648    23.95055580    0.32057700     1.140972     0.043945     4.62362814    0.18050499     1.490026     0.097656     3.11480403    0.17215601     1.694746     0.043945     7.96599388    0.18762299   14.48201466     6     0 587736477050798261
238646 209.50866699  7.90295696 0.023216 0.2345E-03      1.491330     0.048828     9.51463699    0.28731599     0.838986     0.146484     1.71250105    0.24809600     1.321296     0.161133     2.96650290    0.30805600     2.143074     0.278320     2.32225299    0.24233100   32.68894577     7     0 587736526444626083
  8886 209.55357361  6.51818323 0.017048 0.1780E-03      2.486830     0.175781     1.17321897    0.07086300     9.292886     0.567193    -2.51606989    0.11828600     1.226866     0.336914     0.18885700    0.04543600     3.701969     0.159069     3.21106100    0.09558600   20.23310089    22     0 588017724948021351
232635 209.59513855  9.53429699 0.055368 0.1578E-03      1.871642     0.048828     8.34584904    0.19718200     0.921795     0.117188     0.99444002    0.13052601     0.894864     0.566406     0.19560000    0.12466600     1.948634     0.097656     3.63425708    0.17169900   35.31833649     7     0 587736543089524928
  8891 209.60325623  6.07125950 0.017450 0.1140E-03      2.126058     0.034180    11.68757153    0.17662400     1.236973     0.156250     1.10882103    0.12133400     1.364956     0.322266     0.58605498    0.11708900     2.250821     0.073242     4.88667488    0.12941800   20.30980873     7     0 588017724411215908
233568 209.60612488 10.33983040 0.022444 0.6666E-04      1.704749     0.073242    12.51052284    0.46351799     0.969968     0.175781     2.37533903    0.40263000     1.116964     0.087891     6.43554497    0.43692899     2.287858     0.463867     2.72586107    0.41873601    4.88757801     6     0 587736476513993036
232636 209.60765076  9.06044579 0.055511 0.1553E-03      2.076362     0.043945     9.76097202    0.17669800     0.885749     0.117188     0.88009900    0.12024000     1.818807     0.512695     0.73337698    0.16235600     2.223529     0.092773     3.92843795    0.15264300   18.75471497     7     0 588017991228850270
  8896 209.66090393  7.21650600 0.014687 0.1146E-03      1.618525     0.014648    17.31250954    0.21052600     0.999959     0.043945     2.53832889    0.10810600     1.200011     0.078125     1.94901395    0.10507300     1.742769     0.043945     5.86571884    0.12518600   74.52552032     7     0 587736525370949664
238647 209.68441772  6.62769938 0.024467 0.1880E-03      1.645352     0.063477     6.70500803    0.22707900     0.500525     0.161133     0.58612198    0.17265300     1.096847     0.175781     1.58144605    0.23459999     1.928276     0.175781     2.63988900    0.21021099   14.49615765     6     0 587736524834078854
231120 209.74111938  7.25403261 0.024642 0.7659E-04      1.557980     0.014648    48.61304092    0.46361101     1.051278     0.024414    10.16079235    0.22901399     1.109846     0.014648    20.78731728    0.31181201     1.744991     0.053711     7.61502695    0.19373100  212.94606018     6     0 588017726021828738
233569 209.79492188 10.21284485 0.022353 0.1222E-03      1.575931     0.068359    13.01259041    0.48655400     0.926887     5.209961     0.64580899    0.40907800     1.244382     0.151367     4.62608099    0.49951801     1.389851     1.464844     1.17558897    0.36360300    8.34872913     6     0 588017992839528812
230898 209.83460999 10.13932419 0.022150 0.8007E-04      1.738635     0.014648    14.37353897    0.16638300     0.946715     0.034180     2.01495910    0.07087000     1.385209     0.136719     0.78995901    0.07249600     1.797704     0.034180     6.19282579    0.11149900   73.08371735     7     0 587736543626526740
238625 209.93786621  8.14116764 0.015399 0.1060E-03      1.586184     0.009766    34.56145477    0.31086501     1.013261     0.014648     6.35553122    0.12443300     1.159647     0.034180     4.71841717    0.11713700     1.625858     0.024414    10.95443916    0.16099501  150.97619629     6     0 588017990155305008
233570 209.95053101 11.32602501 0.016803 0.8580E-04      1.701333     0.024414    32.61560440    0.48110899     1.119368     0.043945     7.25846004    0.27864301     1.262985     0.034180    13.70841789    0.35705301     1.765962     0.097656     5.09353685    0.24754401   26.41987801     6     0 588017703480197321
233924 209.95201111 10.68717861 0.038330 0.1008E-03      2.325011     0.014648    45.76353455    0.42742601     1.489005     0.034180     6.66274023    0.14931799     1.884614     0.156250     1.70746005    0.12086300     2.440450     0.034180    16.02378082    0.22114800  249.02818298     6     0 587736477050994783
238649 209.96038818  9.10730076 0.055564 0.8666E-04      1.767889     0.043945    12.18812180    0.29471499     0.923548     0.170898     1.40873301    0.20814000     1.097036     0.146484     1.97974706    0.23258901     2.000596     0.146484     3.99979711    0.25834501   29.30048180     7     0 587736542552850591
230912 209.97952271 12.05534935 0.038879 0.7919E-04      1.819193     0.034180    22.98676491    0.41434199     1.100276     0.087891     3.49600601    0.25115600     1.832458     0.307617     2.42314506    0.29521200     1.860811     0.073242     8.53124809    0.29779300    8.29058647     7     0 588017704553939173
243884 209.99938965  7.76396751 0.015131 0.1130E-02      7.525573     5.691949     3.20507312    1.19132400     1.238132     0.014648    51.38726425    0.59564298     1.232537     0.004883    98.11115265    0.94601399     1.568480     0.034180    54.40460205    1.89804101   86.52614594    17    16 588017726558830607
230914 210.01850891 12.11150742 0.039588 0.1862E-03      6.589813     1.525181    -1.37513602    0.28563601     7.382372     1.020123    -2.42039895    0.18726800     7.419792     1.974505    -1.30964100    0.19127899     4.009889     0.943734     0.84181303    0.12670501   14.27146053    21     0 588017704553939028
249086 210.02171326  8.17022800 0.023411 0.8565E-04      1.536625     0.014648    45.64216232    0.56838799     1.064831     0.034180    10.59589577    0.33453599     1.119592     0.014648    32.63871384    0.49902999     1.456827     0.107422     3.63961411    0.22696900   44.62110901     7     0 588017990155305201
  8918 210.06040955  8.96705246 0.013637 0.1090E-03      1.684824     0.024414    10.02757454    0.17116600     0.782491     0.092773     1.12832403    0.08455600     1.513140     0.146484     1.64479303    0.11563900     1.904437     0.053711     5.61330700    0.14160900  164.39126587     6     0 588017991229046981
230917 210.06726074  9.28927898 0.019317 0.1074E-03      1.590348     0.024414    11.73089123    0.18202899     0.878312     0.073242     1.72720397    0.12043100     1.295625     0.214844     0.91303200    0.13662200     1.679244     0.058594     4.57363892    0.13266200   40.75399780     6     0 588017991765917815
243818 210.08837891  9.95836163 0.022907 0.7268E-04      1.592300     0.014648    37.77783966    0.44477600     1.017331     0.039063     6.42176580    0.23859400     1.135836     0.014648    21.06652641    0.36276901     1.661200     0.126953     3.53281593    0.24498101   53.29410553     6 65536 587736543626592360
243904 210.13029480 12.08107567 0.038730 0.1057E-03      2.529705     0.024704    38.83404160    0.42668399     1.621828     0.063477     6.17920685    0.21072900     1.692686     0.224609     1.86362600    0.17516500     2.656123     0.041502    22.15129662    0.31639799  203.28945923    32     0 588017704554004512
242246 210.13711548  8.99492455 0.014035 0.2826E-03      1.681712     0.156250     9.28371716    0.68523997     0.907596     5.200195    -0.96327901    0.58383602     1.053320     0.688477     1.22560799    0.64895302     2.130974     1.020508     1.32615304    0.67005098   16.21131516     7     0 588017991229112676
249087 210.16102600  7.21519184 0.036564 0.8571E-04      1.637983     0.024414    16.17758369    0.23405300     0.926087     0.053711     2.72275305    0.14394900     0.973122     0.283203     0.68459302    0.13004300     1.757169     0.063477     5.98686409    0.17328700   46.70887375     7     0 587736525371146336
249088 210.16958618  8.89386368 0.017768 0.2251E-03      1.713807     0.063477     9.12282944    0.32189000     1.075198     0.322266     1.10513997    0.29536700     1.160271     0.292969     2.06626606    0.28574601     1.444412     0.571289     0.54592699    0.23317701  158.01831055    17     0 588017991229112501
243828 210.19665527  9.56034946 0.016729 0.2809E-03      1.773848     0.161133     7.69785500    0.57880801     0.763375     0.429688    -1.12004900    0.47094399     1.892004     0.625000     3.31811094    0.75589299     1.333130     0.966797     0.94803798    0.43872899    4.87693501     6  4096 587736543089787300
231599 210.21867371  6.48636818 0.014524 0.9433E-04      1.677099     0.014648    26.43727303    0.28445399     1.046866     0.034180     4.39567423    0.13276300     1.270845     0.024414     9.77045441    0.17692000     1.727935     0.053711     4.59937477    0.13558200  144.40109253     6     0 588017724948349080
249089 210.22018433  7.84004736 0.017567 0.9957E-04      1.562711     0.014648    27.35569000    0.34223500     0.951187     0.034180     6.06213999    0.19692300     1.176404     0.024414    12.06427574    0.24676500     1.621443     0.078125     4.39266682    0.17903700   99.50984955     7     0 588017726558896349
249091 210.22587585  7.42217064 0.023813 0.9573E-04      1.494208     0.034180    13.18096924    0.26194799     1.002561     0.112305     2.18442607    0.20657000     1.038279     0.068359     3.85375404    0.21491000     1.691715     0.156250     2.42246509    0.18262701   14.31384754     6     0 587736525908082889
249090 210.23623657  9.86445236 0.021023 0.9844E-04      1.590479     0.034180    12.75038815    0.27177101     0.918457     0.102539     2.38130593    0.19491300     1.246770     0.087891     4.04542589    0.22365700     1.655672     0.112305     3.48392010    0.19182700   17.85909462     6     0 588017992302854319
248868 210.24592590 12.11042690 0.023169 0.1131E-03      1.705115     0.034180    17.70972443    0.38281599     0.948927     0.087891     3.11338711    0.27004999     1.280082     0.073242     6.80770493    0.33201101     1.900136     0.244141     2.52034998    0.27164400    7.63615990     7     0 588017704554004702
242168 210.27490234  9.10717583 0.018248 0.9872E-04      1.637399     0.024414    70.78249359    1.13116300     1.124450     0.073242    11.60895729    0.67857403     1.272707     0.048828    24.33175087    0.88569498     1.328427     0.209961     6.77396584    0.66169101   45.96492004     7     0 587736542552981569
231601 210.28718567  8.58368874 0.016100 0.1829E-03      5.174404     1.667532    -0.71543401    0.26778701     6.137255     0.440516    -2.14262199    0.10487900     1.501532     0.356445     0.24811199    0.05594000     3.987148     0.739803     0.65952802    0.08883900   17.11205673    20     0 588017990692306978
  8928 210.28945923  7.70227575 0.023066 0.8856E-04      1.627232     0.014648    19.98420525    0.23263600     1.038451     0.039062     3.80942512    0.13024200     1.547454     0.234375     1.07522905    0.13779899     1.738820     0.034180     6.88962078    0.13992000  107.31382751     7     0 588017726558961797
230939 210.32540894 10.11881638 0.022822 0.9516E-04      1.883312     0.014648    24.03623199    0.25224799     1.253581     0.048828     4.01766205    0.14182401     1.489298     0.341797     0.72369498    0.12387300     1.986192     0.034180     8.36602688    0.15077600   17.45799255     6     0 588017992839790659
  8934 210.34086609 10.48093319 0.034245 0.1702E-03      1.706060     0.087891     3.62782311    0.17168200     0.631961     0.229492     0.28587601    0.13640000     0.500183     0.253906    -0.06799400    0.10505900     2.040612     0.185547     2.34471202    0.17930500   10.32677841     6     0 588017702406652124
230946 210.37184143  9.15371513 0.016500 0.1025E-03      1.552673     0.014648    16.98001671    0.21149200     0.973408     0.034180     3.44789791    0.11408400     1.225516     0.034180     4.94805193    0.12950100     1.718203     0.053711     4.40453100    0.11672400   72.94087219     7     0 587736542553047150
249092 210.41783142  7.99799824 0.018095 0.1271E-03      1.559360     0.073242     7.70369911    0.31591299     1.003559     0.375977     0.63932002    0.28602099     1.080244     0.151367     2.41128993    0.28845799     1.266457     0.561523     0.86816800    0.23726200  107.58313751    16     0 588017990155501793
  8938 210.44200134  9.49028015 0.020807 0.1596E-03      2.474634     0.522461     0.33602399    0.06815400     8.241118     0.599572    -2.42548299    0.12320000     1.856933     0.229492     0.49999499    0.06348500     3.364063     0.216824     1.75402796    0.08838700   21.29047966    17     0 587736543089917989
230954 210.45690918  9.65378761 0.021449 0.8061E-04      1.554471     0.024414    20.25511551    0.34535399     0.899803     0.058594     3.82929206    0.25310701     1.240514     0.034180    12.20739746    0.33140600     1.469662     0.209961     2.04289794    0.20774600   34.20845795     6     0 587736543089918126
230955 210.46771240  8.78592682 0.020329 0.1635E-03      2.097826     1.206054    -2.11341691    0.78613800     1.008184     0.034180     2.54215288    0.08315400     1.457442     0.190430     0.66025400    0.08054200     1.780239     0.034180     6.07043791    0.11431600    1.67412698     8     0 587736542016176238
249093 210.47615051 11.78749943 0.038821 0.1683E-03      1.958230     0.043945     7.49788904    0.17540200     0.983611     0.161133     0.86413699    0.12320100     1.524002     0.336914     0.70350897    0.14857200     2.035174     0.107422     3.40623093    0.15010200   20.88484573     7     0 587736478661804165
  8940 210.49688721  8.93769264 0.019725 0.1849E-03     36.399544    35.786362     1.64988601    0.20286800     7.971265     0.548802    -2.17373800    0.11264800     2.374667     0.595703     0.28668800    0.06557500     3.818852     0.630260     2.25016689    0.08645900   56.12414169    58     0 588017991229243562
249094 210.50051880 10.83060074 0.013125 0.7377E-05      1.652306     0.004883    77.53641510    0.72267997     1.176070     0.014648    15.29893780    0.25228900     1.271840     0.014648    18.08667564    0.27433401     1.668311     0.024414    15.95580482    0.25379300  167.51986694     6     0 588017702943588384
231067 210.51165771  9.96422291 0.037420 0.1615E-03      2.367818     0.068359     4.43479109    0.11654300     0.965890     5.117188     0.21091400    0.07021100     1.377945     0.273438     0.42427099    0.08779200     2.850590     0.136405     3.08727694    0.12165300   16.48942184     6     0 587736543626789072
  8942 210.51467896  9.92932224 0.014235 0.1067E-03      1.742571     0.004883    51.00394058    0.57393199     1.080891     0.014648     7.04996109    0.10171600     1.383393     0.014648     8.34239769    0.12381800     1.762335     0.014648    13.79576492    0.16006200   86.95471954     7     0 587736543626788902
230966 210.53330994  9.56690788 0.018896 0.1728E-04      1.700567     0.014648    33.36102676    0.34129199     1.166885     0.034180     7.18101788    0.19589700     1.149478     0.058594     4.38887501    0.17262800     1.771146     0.043945     9.54814053    0.19268200   23.78052521     6     0 587736543089918174
  8944 210.54714966  9.44010925 0.020812 0.8974E-04      2.608289     0.028019    13.70243454    0.14467201     1.368415     0.063477     1.54860497    0.06856500     1.142953     0.258789     0.28373000    0.05447200     2.803268     0.068439     4.95793581    0.09888200   69.27986145    14     0 588017991766114369
  8943 210.55432129  8.03709888 0.016266 0.1921E-03      6.577079     1.297431    -0.52668798    0.18145500     7.633435     0.484544    -2.15809202    0.10304900    19.998102     4.325761    -1.64778602    0.17514800     4.099785     0.372344     1.11298394    0.08861000   10.06241608    20     0 588017990155567180
  8946 210.57328796  7.68416262 0.015278 0.1017E-03      2.536584     0.014863    40.29151535    0.31478399     1.650518     0.024414     5.71177816    0.09064600     2.091548     0.087891     1.96162498    0.07258700     2.670477     0.023471    20.19039345    0.18970600  484.51287842    17     0 588017726559092746
249097 210.58799744  7.88998079 0.018371 0.1033E-03      1.678628     0.024414    27.03661919    0.40312001     1.001082     0.053711     4.66813612    0.22658201     1.227396     0.043945     9.04585648    0.27187300     1.774790     0.166016     2.78396392    0.23483600   22.81018257     6     0 587736526445084868
230970 210.60816956 10.40563583 0.034011 0.8631E-04      3.553794     0.045116    15.31066418    0.20492899     1.978203     0.156250     1.52899504    0.11570100     2.154433     0.263672     1.25845003    0.11746400     3.774941     0.062670    11.27826977    0.18310501  283.13803101    32     0 588017702406783209
243841 210.62425232 10.70810127 0.013915 0.1239E-03      1.673706     0.014648    42.48640060    0.48223099     1.055088     0.024414     7.95126677    0.17767200     1.239732     0.014648    40.79605865    0.48813000     1.742363     0.146484     1.85851502    0.13781799   32.93650818     7 65568 588017702943653911
  8948 210.63720703  9.07972240 0.020124 0.1777E-03      1.816983     0.034180     6.26573896    0.12062700     0.813650     5.141602     0.16318400    0.07818400     1.068431     0.341797     0.35836101    0.08801900     2.003179     0.073242     3.45202088    0.10624100   18.27846336     6     0 587736542553112829
240003 210.64793396  9.11921215 0.019244 0.1811E-03      1.729827     0.117188     2.37069201    0.12487600     9.750985     2.461552    -2.87548399    0.56178302     0.830099     0.302734     0.81140101    0.15383001     2.668736     0.192858     3.35111594    0.16439100   17.00635529     7     0 587736542553112855
243817 210.65771484 10.51706314 0.037546 0.1129E-03      1.673235     0.058594     8.07367992    0.24860699     0.678618     0.214844     0.63303298    0.18292400     1.549124     0.566406     0.72243500    0.27697700     1.877941     0.170899     3.70365405    0.26679301   12.93070698     7     0 587736477051322578
241325 210.66964722  9.27923679 0.018905 0.7908E-04      1.553602     0.014648    90.75312805    0.98195398     1.050787     0.034180    18.17747307    0.50075603     1.105368     0.014648    48.99271774    0.75022298     1.648509     0.107422     6.70719481    0.41059199   67.47269440     6 65536 588017991766180190
  8950 210.67584229  9.16413975 0.019611 0.1055E-03      1.773983     0.014648    43.00587463    0.50516498     1.266799     0.053711     8.09839916    0.30129001     1.379493     0.034180    18.89097214    0.38372800     1.682465     0.083008     5.90016508    0.26046601   17.15059853     6     0 587736542553178234
241923 210.68150330  9.99150848 0.019418 0.1002E-03      1.605834     0.024414    21.71935463    0.37744799     1.107504     0.078125     5.00863886    0.31029201     1.144177     0.034180    15.62307739    0.40062499     1.636449     0.205078     2.19725490    0.24248800   36.75786972    17     0 587736543626854615
  8951 210.71212769  8.77981853 0.019584 0.2145E-03      1.790571     0.043945    10.09668636    0.23370899     0.743377     0.131836     1.24711204    0.15304500     1.629550     0.405273     1.18729496    0.21687400     1.876951     0.117187     3.41227293    0.18137600   46.82884979     6     0 587736542016307449
241327 210.74591064  9.47124958 0.022386 0.1062E-03      1.695045     0.053711    11.89399624    0.30798599     1.033254     0.136719     2.27354693    0.27137500     1.275761     0.117188     3.87213993    0.30028799     1.635307     0.180664     2.76807499    0.24090800   26.12678146     6     0 587736543090049223
243860 210.75274658  9.04952335 0.019506 0.2275E-02      4.714595     1.827827     4.78960323    1.14417195     0.500065     5.000000     0.00986084    0.47155201     0.915050     0.234375     3.74071908    0.76737398     3.430795     3.749082     1.30253100    0.91910899   47.74514771     6  4624 587736542553178754
242169 210.77684021  8.24182606 0.017518 0.6308E-05      1.547462     0.024414    42.46918106    0.68533701     1.123622     0.087891     6.58540916    0.55039501     1.142528     0.043945    17.29887581    0.63020301     1.819453     0.205078     4.42249107    0.43070900   14.81098938     7     0 587736541479502029
243861 210.78291321  9.29892540 0.018559 0.8862E-04      1.590565     0.014648    45.12071609    0.58072102     1.058201     0.048828     8.90126228    0.36968100     1.100409     0.029297    18.20194244    0.44994500     1.705308     0.146484     4.35814095    0.31972501  139.59448242     6 65536 588017991766245561
243842 210.80029297 11.71988869 0.017726 0.9571E-04      1.835529     0.024414    11.78409481    0.17465401     1.026856     0.043945     1.93277597    0.08206400     1.457492     0.043945     4.64797688    0.11430200     1.938808     0.053711     5.25168514    0.12415700   29.84428024     6     0 587736478661935196
240019 210.80329895  8.89559746 0.018138 0.1421E-03     10.326219     2.198355    -1.54137194    0.19954699     6.887640     0.346400    -3.34884691    0.11052500     1.263881     0.283203     0.24420200    0.05122000     3.267143     0.216959     1.78033805    0.09105300   14.18746471    28     0 588017991229374543
242248 210.80767822  9.75106144 0.024115 0.8835E-04      1.677317     0.014648    68.29954529    0.74176502     1.055456     0.043945    11.83098698    0.44210699     1.175222     0.034180    21.93026352    0.49405500     1.770524     0.073242    10.08366203    0.37509599   82.96568298     6     0 588017992303116358
249101 210.82397461 10.06121254 0.013383 0.8916E-05      1.804704     0.004883    75.74426270    0.56231803     1.155226     0.014648    13.92876625    0.16527499     1.242936     0.004883    59.24986649    0.45698401     1.937962     0.043945     5.64007521    0.12064900  116.95332336     6 65568 587736543626919990
249102 210.82885742  7.50534725 0.023214 0.8197E-04      1.589354     0.014648    41.04652023    0.42303899     1.035807     0.024414     7.43413019    0.19729599     1.176592     0.014648    16.36127853    0.26075700     1.630737     0.053711     5.53263617    0.16530199  100.10841370     7     0 587736525908345022
  8965 210.84643555  9.44808674 0.015489 0.1446E-03      1.468765     0.122070     1.26426995    0.08558400     8.546103     1.456342    -2.38958502    0.26705101     9.681417     7.223244    -0.95935202    0.27745500     1.974334     0.156250     1.59770298    0.09761400   18.60942268    17     0 587736543090114810
249103 210.85070801 11.15408039 0.013291 0.1056E-03      1.579080     0.004883    70.02535248    0.72616798     1.140978     0.014648    13.41804790    0.22791301     1.238729     0.014648    44.90683746    0.52121001     1.661991     0.053711     5.80655622    0.15271300   32.98352814     6 65568 588017703480590422
  8967 210.86294556  9.46728325 0.018797 0.1012E-03      1.850653     0.024414     8.02706146    0.11590300     0.890946     0.102539     0.69931000    0.06833400     1.567963     0.180664     0.86555201    0.08850500     2.096913     0.063477     3.62661600    0.09484700  120.37378693     8     0 587736543090114811
241328 210.86752319  8.96702099 0.018040 0.1220E-03      1.419767     0.083008     4.02799606    0.21061800     7.397604     1.004167    -4.45314693    0.59317797     1.984752     0.375977     2.22145200    0.30879501     1.375082     0.488281     0.63137603    0.18219200   23.61098099     6     0 588017991229440112
  8966 210.88249207  6.77007294 0.024653 0.1565E-03      1.567438     0.053711     5.25557280    0.16501001     0.500049     0.190430     0.32853901    0.11756900     0.883537     0.498047     0.29793400    0.12252100     1.760121     0.117188     2.68087506    0.14478301   10.92948437     6     0 588017725485482087
249143 210.89877319 10.88263607 0.018037 0.9499E-04      1.536480     0.024414    33.06373215    0.51240098     1.132295     0.048828     6.84536505    0.28415301     1.285744     0.034180    14.93473625    0.38197601     1.766107     0.117188     4.16550207    0.23665200   20.90999603     6 65536 587736477588258985
242104 210.90899658 11.57348347 0.020054 0.7865E-04      1.653117     0.024414    25.37112236    0.41239601     1.053647     0.063477     5.14653683    0.29907900     1.139710     0.063477     6.19572496    0.29903200     1.622482     0.092773     4.74510098    0.23035900   39.69246674     6     0 588017704017461469
243862 210.96530151  8.70583916 0.019728 0.2293E-03      1.549379     0.136719     3.48479605    0.26387301     6.050186     9.985170    -1.03559804    0.79927701     2.399058     0.625000     1.66152096    0.45934799     1.688274     0.244141     2.51290703    0.25598100   34.58514404    15     0 587736542016438558
249105 210.99810791  9.27324772 0.019451 0.1076E-03      1.771112     0.024414    17.63607025    0.26473701     1.179415     0.097656     2.62787700    0.19032900     1.228504     0.034180     9.17976284    0.23717700     1.878629     0.219727     2.09200597    0.17177300   26.93123817     6     0 588017991766311150
  8983 211.01507568 12.00466824 0.024187 0.1640E-03      1.603441     0.102539     2.85547900    0.16621800    14.148098     4.808144    -4.00105810    0.76933903     1.140590     0.683594     0.31960601    0.19510500     1.534571     0.224609     1.43776095    0.14939900   18.72083664     6     0 588017704554397844
  8979 211.03222656  6.48589706 0.024822 0.1716E-03      1.800928     0.058594     4.53694201    0.13217600     0.500046     5.000000     0.08482800    0.07949700     1.546090     0.439453     0.49947700    0.15282001     2.038011     0.107422     3.18013000    0.12762700   22.29619789     6     0 588017724948676794
249106 211.04254150  8.00820255 0.036077 0.8705E-04      1.985886     0.024414    15.26319313    0.17534500     1.288143     0.058594     2.15734506    0.09663100     1.334665     0.249023     0.48183599    0.08537600     2.190121     0.053711     5.83455896    0.12018600   28.66122055     6     0 588017990155763833
242251 211.09155273  9.50796032 0.024364 0.7717E-04      1.703104     0.024414    19.31789589    0.27979001     0.944165     0.053711     3.39562798    0.18887299     1.241247     0.058594     5.29207182    0.20636700     1.867204     0.097656     4.27552986    0.18696100   21.47572708     6     0 587736543090180248
  8989 211.09559631 11.73579693 0.020053 0.1775E-03      2.293749     0.229492     1.03996205    0.09022800     7.827136     0.963104    -1.95231199    0.19055501     1.437333     0.278320     0.57807499    0.08546800     2.892559     0.161012     2.32751799    0.10935000    7.45106411     6     0 587736478662066339
243843 211.13667297 11.18979359 0.017098 0.1201E-03      1.656143     0.083008    10.35239410    0.46694201     1.543621     1.547852     0.79165602    0.55070800     0.993251     0.161133     4.26172209    0.49890900     1.923722     0.473633     1.99686503    0.40352201   13.59747314     7  4608 588017703480721453
249107 211.14793396  8.99165535 0.037210 0.1306E-03      1.521278     0.053711    12.46272278    0.38757300     0.838310     0.288086     1.68718505    0.29983199     1.265755     0.126953     4.63096619    0.41743800     1.813319     0.405273     2.10492706    0.48082200   13.38118839     7  4096 588017991229505837
240051 211.15811157 11.64574909 0.015410 0.8446E-04      1.589396     0.014648    34.33847427    0.35433799     1.017496     0.014648     6.82674408    0.13914700     1.184711     0.024414     7.52865696    0.14528801     1.633063     0.034180     8.22844791    0.15704601  101.30745697     6     0 588017704017592327
243844 211.15847778 11.71735573 0.019707 0.9427E-04      1.571684     0.014648    54.02224731    0.74600500     1.016754     0.039062     9.62193489    0.35113400     1.104131     0.014648    40.15353775    0.62903601     1.662740     0.263672     2.44300890    0.30225801   15.56088924     6 65536 587736478662066379
242316 211.16960144 12.14395237 0.017565 0.2573E-03      2.085192     0.073242    11.40583897    0.30399799     1.334782     0.209961     1.84587204    0.27026099     1.277209     0.083008     4.89895821    0.26523301     1.341452     0.219727     1.46130097    0.18553300  691.07135010     7     0 587736479198937234
240054 211.19487000  8.33479500 0.022865 0.1801E-03      1.652196     0.053711     7.58582687    0.21788201     0.800605     0.156250     0.82519400    0.20061199     2.315982     0.849609     0.78991699    0.31649199     1.580343     0.117188     3.50475192    0.18024400   12.28939533     6     0 587736541479633137
  8995 211.19721985  8.80092621 0.004101 0.8661E-05      1.456491     0.024414    16.24199104    0.28910801     1.005932     0.078125     3.43250990    0.23620801     1.244696     0.053711     7.11619091    0.29852900     1.437938     0.097656     3.77884698    0.19982700   56.90568161     6     0 588017991229571218
  9008 211.25758362 11.01187515 0.017860 0.9269E-04      1.492229     0.024414    15.16603088    0.27983400     1.066072     0.073242     3.30097699    0.21640100     1.144840     0.200195     1.57425594    0.20314600     1.577561     0.068359     5.55985498    0.20545900   44.00069809     6     0 587736477588455567
  9007 211.27508545  9.33917046 0.015555 0.1826E-03      1.807007     0.097656     6.23466301    0.30293801     0.500108     5.000000    -0.08627500    0.16669500     0.974581     0.205078     1.09669495    0.25477299     2.003438     0.346680     2.02207088    0.27402300   17.07234001     7     0 588017991766442129
243926 211.29415894  8.08278751 0.019887 0.2908E-03      1.624799     0.292969     2.56109691    0.43270999    91.195389    49.112709    -1.32052302    5.68618822     0.738649     0.390625     1.20213699    0.48437199     7.198121     1.655427     2.64514804    0.95700502   13.95485115     6  4608 588017990155895100
240067 211.32397461  9.63721848 0.023311 0.1840E-03      1.784888     0.034180    11.38682461    0.20193000     0.808414     0.073242     1.80980396    0.14691401     1.136512     0.161133     1.41797400    0.16052300     1.864239     0.087891     4.22563791    0.15759601   18.40193748     7     0 588017992303313123
243826 211.33462524 10.41073895 0.018738 0.9717E-03      1.644608     0.004883   406.57354736    3.20349789     1.157162     0.004883    79.46160889    0.77880299     1.136939     0.004883   353.47985840    2.98792291     1.940906     0.126953     5.90925407    0.33323899 1692.95690918     7    16 587736477051584650
243929 211.39184570  6.42235327 0.030385 0.1017E-03      1.581077     0.043945    14.08092690    0.33266899     1.130306     0.117187     2.83830094    0.27489901     1.297322     0.117188     3.98913503    0.29888800     1.437802     0.136719     3.26540208    0.24187601   18.39196014     7     0 588017724948807933
243845 211.40243530 11.56319714 0.022928 0.8546E-04      1.560524     0.004883   114.72741699    1.05311596     1.116010     0.014648    22.01104736    0.35347199     1.163215     0.014648    44.19496155    0.55248302     1.622115     0.024414    16.18443871    0.30070999  208.58140564     6 65568 588017704017658090
242321 211.42680359 12.07409477 0.015330 0.1466E-04      1.614129     0.024414    35.34127426    0.52041799     1.155641     0.043945     7.15779686    0.24266399     1.255506     0.014648    33.21871185    0.50376099     1.560933     0.170898     2.26453590    0.17887799   12.74547672     6     0 587736479199068320
240082 211.42864990  9.51229477 0.054696 0.1640E-03      2.059855     0.092773     4.15707493    0.16643800     0.808232     5.151367     0.20766100    0.11687600     0.500010     5.000000     0.00469569    0.08482400     2.319177     0.263672     2.03377104    0.15455000   13.25086975     6     0 587736543090311257
243933 211.48080444  6.43797159 0.024861 0.2329E-03      1.588734     0.073242    10.30049992    0.41251501     0.745771     0.283203     0.97792101    0.32666400     1.425706     0.136719     6.22640705    0.46111301     3.969186     3.748245     0.27432001    0.54755598   11.47947025     6     0 588017724948873608
  9015 211.48529053  9.02642441 0.023344 0.1534E-03      3.527133     0.372002    -1.06524098    0.08262200     5.263815     0.462640    -2.22667098    0.12224300     1.031129     0.341797     0.15909100    0.05467000     3.881279     0.943788     0.55347800    0.09285300    5.90174723    18     0 587736542553505877
243823 211.51362610 10.54253483 0.033149 0.7275E-04      1.663636     0.024414    18.98624611    0.31022400     1.112624     0.078125     3.34653306    0.21506301     1.347249     0.126953     3.18916702    0.22772101     1.751188     0.073242     5.70080280    0.21003500   21.32327461     6     0 587736477051715590
240088 211.52703857 11.78883553 0.015911 0.9454E-04      1.565459     0.024414    24.54593277    0.36933601     0.919502     0.034180     4.14466286    0.17871200     1.144693     0.043945     5.63954496    0.20207100     1.678666     0.063477     5.49668598    0.19262800   16.42383385     6     0 587736478662262809
242252 211.53913879  9.57143688 0.024785 0.1063E-03      1.627326     0.043945     9.99878883    0.25005701     0.811231     0.131836     1.03301096    0.20665300     1.265751     0.161133     2.20678306    0.23582099     1.843512     0.156250     3.24904299    0.21386400   13.21622944     6     0 587736543090376930
243935 211.56089783  6.19429636 0.030674 0.8085E-04      2.173419     0.024414    32.72639465    0.43530300     1.524485     0.073242     6.81432915    0.31168699     1.827625     0.112305     6.74933481    0.32450700     2.206099     0.048828    13.57384586    0.28154400   13.25936794    17     0 587736524298059825
242405 211.60479736  9.15388680 0.038334 0.9493E-04      2.161046     0.014648    22.20827866    0.22039700     1.161628     0.053711     2.44147301    0.10165300     1.855776     0.146484     1.79932404    0.12047600     2.146236     0.043945     8.85255623    0.15251000   65.79177856     6     0 587736542553571448
242009 211.61116028  9.35903835 0.024191 0.4394E-03      0.519691     5.009766    -0.19381499    0.35843900     0.500094     0.175781    -1.62381399    0.57117897     0.622623     5.058594     0.64286101    0.54403698     1.540949     1.459961     0.51173902    0.68260801   46.55290985    26  4112 588017991766573360
  9020 211.63296509  6.02968359 0.003446 0.6921E-04      1.304261     0.146484     0.97909099    0.10872800     4.661668     1.502295    -1.30676794    0.30512100     1.316248     5.405273     0.08265200    0.14901300     2.005607     0.278320     1.36146605    0.13849799   16.24614525     6     0 587730021714427909
243863 211.69422913 10.38742447 0.022451 0.1541E-03      1.641477     0.483398     9.56713009    0.35309899     0.717791     0.214844     0.92300600    0.24873300     1.295461     0.180664     3.04657793    0.34335101     1.939035     0.644531     1.24679303    0.27848300   23.27814865    13  4096 587736477051781143
  9023 211.71281433  9.32120037 0.024049 0.8369E-04      1.873947     0.014648    39.76122284    0.38243201     1.152223     0.034180     7.97203588    0.21010201     1.341558     0.063477     5.05268812    0.18743400     1.907686     0.039062    11.16381073    0.22345100   23.67255592     6     0 588017991766638724
243939 211.73927307  6.22538757 0.024599 0.7880E-04      1.616917     0.004883    74.99815369    0.70739597     1.202635     0.014648    15.40225124    0.25249901     1.292325     0.004883    59.42432785    0.59292901     1.606565     0.053711     5.71236801    0.16230100   49.40216827     6 65536 587736524298125416
240102 211.75074768 10.46253204 0.032364 0.1561E-03      1.438921     0.117188     1.51718402    0.10394900     8.022050     1.523720    -2.06349397    0.33531001    19.999998     7.929686    -1.74908304    0.53750598     2.092032     0.170898     1.84545898    0.12815800    4.81869507     6     0 587736477051781168
  9027 211.76675415 10.64293385 0.022952 0.9650E-04      1.719233     0.024414    18.38954735    0.27532801     1.127661     0.073242     2.87630105    0.18714701     1.361275     0.112305     2.52924800    0.19084699     1.772729     0.063477     5.50665283    0.17624199   52.71755981     6     0 588017702944112852
243940 211.76745605  6.60454416 0.025163 0.8789E-04      1.752126     0.014648    56.17487335    0.72956300     1.231109     0.024414    13.66130733    0.30816701     1.319745     0.014648    49.59430695    0.71006900     1.633468     0.073242     5.53053284    0.20192300   23.93728638     6     0 587736524834996496
243852 211.76820374 10.71257687 0.004112 0.9853E-03      1.585648     0.004883   330.05694580    2.93651390     1.213185     0.014648    63.69949341    0.84398401     1.247137     0.004883   261.15817261    2.39168310     1.731410     0.068359    13.05179977    0.39909300 1874.21118164     6    16 588017702944112724
243848 211.86083984 11.43127060 0.024836 0.1110E-03      1.474530     0.068359    12.26418018    0.49090299     1.407234     0.341797     2.58957911    0.68030798     1.283152     0.483398     2.65804505    0.55184901     1.570830     0.400391     2.24007106    0.39736801    6.41233206     6     0 588017704017854824
  9030 211.90936279  9.67535591 0.023567 0.1810E-03      1.661925     0.063477     3.10625601    0.10168500    10.736342     1.525524    -3.32869911    0.34878001     1.091342     0.522461     0.44468299    0.10514000     2.136238     0.117188     2.46075797    0.10600300   19.57313728     7     0 588017992303575270
241392 211.98054504  7.04137182 0.023372 0.1550E-03      4.945059     1.154169    -1.37201703    0.18686099     7.686489     1.501267    -3.01840711    0.33792901    19.999996     8.749998    -2.25923610    0.53167701     2.199081     0.532227     0.67912900    0.13381100    2.71967602    10     0 587736525371932926
243949 212.00762939  6.73472548 0.030527 0.7710E-04      1.675241     0.014648    25.42323112    0.31204700     1.136335     0.048828     4.60142517    0.18742099     1.164963     0.083008     3.05315208    0.18102799     1.802845     0.043945     9.05424404    0.20798300   41.85270309     7     0 587730022788300820
243952 212.03799438  6.72745991 0.030451 0.8564E-04      1.633772     0.024414    21.41513634    0.33441600     0.944343     0.087891     3.58184099    0.26080301     1.197951     0.097656     3.77059293    0.27458200     1.699315     0.068359     6.48222780    0.22800700    5.34052277     7     0 587730022788300969
243954 212.04023743  7.03082991 0.023278 0.7439E-04      1.728595     0.014648    74.49079132    0.76661301     1.141156     0.014648    14.60044670    0.24123301     1.273499     0.014648    28.85120201    0.36420399     1.803843     0.024414    15.03117466    0.23638000   48.71413803     7     0 587736525371998269
243955 212.06414795  6.10435724 0.055489 0.7680E-04      1.678646     0.014648    66.53050995    0.64058399     1.204829     0.024414    10.90258694    0.20414500     1.330730     0.034180     9.09035873    0.19869301     1.684868     0.024414    18.75368500    0.28336900   68.60137939     7     0 587736524298256565
249112 212.08442688 11.60859299 0.016742 0.1005E-03      1.547666     0.034180    18.51707077    0.40476900     0.982053     0.078125     4.12976408    0.29843199     1.186734     0.043945    11.91044140    0.38099101     1.937157     0.268555     1.98884201    0.27474999   29.78874588     6     0 587736478662525042
243956 212.11532593  6.43230438 0.025426 0.9318E-04      1.592190     0.034180    20.92422485    0.43645099     1.102954     0.097656     4.51739693    0.39881200     1.251995     0.087891     7.26355314    0.42140901     1.521056     0.131836     4.32168579    0.31361201   24.42334366     6     0 587730022251495559
  9037 212.12149048  7.05790758 0.019760 0.6043E-03      1.856801     0.014648    56.37174606    0.52236903     1.233567     0.024414     9.25416946    0.17705500     1.506110     0.097656     2.33959198    0.12078100     1.939074     0.024414    18.66696167    0.25064400   92.75288391     6   528 587736525371998363
  9041 212.13740540 11.81622982 0.019111 0.1069E-03      2.572658     0.012562    55.77986908    0.47086900     1.626928     0.024414     9.28991985    0.13897900     2.086815     0.092774     2.46920204    0.09493400     2.614705     0.022981    28.75867081    0.28603801   94.77166748    17     0 588017704554856491
240125 212.14761353 11.95103931 0.019417 0.9787E-04      1.590590     0.034180    11.69758987    0.26483601     0.885904     0.107422     1.44924200    0.18196601     1.205820     0.117188     2.97512197    0.24251699     1.640465     0.117187     3.32334495    0.19398700   11.64668560     6     0 588017704554856480
243857 212.20590210 10.79593945 0.015991 0.4922E-05      1.618034     0.009766    56.29659271    0.55904800     1.170790     0.014648    11.88154507    0.20729400     1.296536     0.014648    30.40119553    0.35234401     1.675938     0.043945     7.19310093    0.16568500   94.12808990     6 65536 587736477588848694
243849 212.22764587 11.94227695 0.019403 0.1137E-03      1.501230     0.063477    10.45744514    0.38774201     0.922853     0.273437     1.65310001    0.33331099     1.135921     0.136719     3.69891310    0.38230300     1.828985     0.244141     2.60296392    0.34044400    9.14116287     6     0 588017704554856726
240131 212.34126282  8.90660858 0.023501 0.1517E-03      1.297336     0.249023     0.40401700    0.07315100     5.412998     0.951504    -1.50601697    0.18693700     1.728595     0.434570     0.34447101    0.10327600     2.437158     0.263672     1.28101099    0.10581500   25.08669662    17     0 587736542553899149
249114 212.38461304  8.67424488 0.025921 0.1176E-03      1.832194     0.004883    67.23450470    0.55036598     1.211978     0.014648    11.75847912    0.18706600     1.342089     0.024414    11.18564796    0.18337999     1.930917     0.024414    16.49675751    0.20763800  629.62011719     6     0 587736542017028192
249115 212.40150452 10.72446442 0.037189 0.2044E-03      1.422591     0.161133     4.18378210    0.36337000     0.500108     5.000000     0.32323399    0.27335200     0.500161     0.488281     0.37165499    0.28624099     1.352082     0.302734     2.92270994    0.47779101    4.23105001     7     0 587736477588914535
249116 212.41174316  9.56110764 0.038059 0.9153E-04      1.883846     0.034180    12.55708981    0.23695999     1.043949     0.126953     1.63381505    0.17942700     1.351784     0.107422     2.67447901    0.20314100     2.296454     0.234375     3.77724910    0.25595999   34.85721588     8     0 588017992303771916
241408 212.43289185  8.06913376 0.024209 0.9368E-04      3.263755     0.022311    33.23816299    0.24651600     2.142834     0.063477     4.13921309    0.11241600     2.479839     0.268555     0.98914403    0.09792600     3.329055     0.035761    14.95523357    0.16010000  185.94689941    32     0 587736541480222746
243850 212.43380737 11.11614513 0.021463 0.2421E-03      2.070181     0.195312     5.21996689    0.37710300    99.368484    48.213497    -1.35940301    3.75337791     0.953181     0.195313     2.38933706    0.35204801     3.649307     3.057719     0.66373098    0.45708099  150.96255493    14     0 588017703481246095
243964 212.43925476  6.71680927 0.019767 0.2351E-03      1.627972     0.068359     7.89280510    0.29637200     0.877406     0.302734    -0.72147101    0.20275600     1.761373     0.195313     3.59026289    0.31553301     0.943157     0.278320     0.83404100    0.17415300   12.07611847     6   512 587730022788497558
  9054 212.45251465  9.85846233 0.024158 0.8866E-04      2.265888     0.029297    13.04930592    0.17254800     1.342958     0.078125     1.97272897    0.10939000     1.568260     0.166016     1.09899998    0.10312000     2.445827     0.053711     7.39891815    0.13794699    8.72646809     6     0 587736543627640870
240138 212.45945740 10.96118355 0.059727 0.1740E-03      2.896552     0.195178     2.97101808    0.13445500    13.997576     1.818045    -2.79638195    0.34216499     2.336319     0.478516     0.87314898    0.15093701     4.825242     0.197910     5.78528500    0.18319900   49.84762955    32   256 588017703481311257
240142 212.54173279 11.93435669 0.028019 0.1033E-03      1.945611     0.024414    15.74926376    0.23622100     1.297486     0.083008     2.69143605    0.16402100     1.733741     0.258789     1.35106301    0.16937600     2.001665     0.063476     5.90630102    0.16201200    8.52420330     6     0 588017704555053185
713876 212.56050110 11.47255325 0.027506 0.8426E-04      1.746559     0.014648    28.51173592    0.33282501     1.187013     0.034180     5.33812618    0.14112800     1.299069     0.078125     2.51000690    0.12066300     1.780847     0.024414    13.87624836    0.20386501   80.29553986    16     0 588017704018182222
243972 212.64807129  6.41422129 0.056336 0.9609E-04      1.674246     0.034180    21.21802711    0.37621501     0.936339     0.083008     3.02604103    0.23601300     1.539452     0.234375     2.21437407    0.28520900     1.714738     0.087891     7.40647602    0.29454300    7.45175886     6     0 587730022251692261
240146 212.68212891  8.99656296 0.023565 0.9251E-04      2.044711     0.073242     2.33670807    0.08041300    10.371419     0.600104    -3.74883890    0.17344600     1.527979     0.292969     0.43238699    0.06997300     2.392046     0.107422     2.27643394    0.08353700   43.27117157     7     0 587736542554030108
249119 212.76383972 10.55643368 0.015777 0.1194E-03      1.568358     0.043945    12.77958584    0.32923001     1.001389     0.166016     1.37052596    0.25890201     1.240370     0.073242     6.74346685    0.33356199     1.530122     0.488281     1.01803100    0.24138600  156.52708435    17     0 588017702944571618
240153 212.80577087 11.37249851 0.024239 0.9461E-04      1.546392     0.014648    35.74681091    0.42421499     1.057637     0.034180     7.74174023    0.22432400     1.197596     0.024414    14.47729111    0.28309199     1.665899     0.053711     6.55104303    0.19076499   93.17187500     6     0 588017704018313360
249120 212.81809998  9.22580242 0.024321 0.1024E-03      1.657732     0.014648   149.46362305    1.60648406     1.142838     0.034180    30.40572929    0.76612002     1.180065     0.014648   115.51972961    1.31168103     2.078582     0.180664     9.12670708    0.58901799   42.02444458     6 65536 588017991767097592
249121 212.87779236  8.39793873 0.035944 0.8666E-04      1.643739     0.014648    58.81800842    0.61749500     1.100773     0.034180    11.77781296    0.33291301     1.223203     0.014648    39.91937256    0.53275001     1.418294     0.107422     3.59816694    0.26126099   48.92767334     7     0 588017990693421119
240157 212.90113831  8.80973434 0.022832 0.1717E-03      0.500005     5.000000     0.02290300    0.02958300     6.558621     0.682122    -1.90548396    0.14833100     1.675779     0.444336     0.24704100    0.07487300     3.722476     0.330806     1.49836898    0.09378600   57.28072739    17     0 588017991230292116
241924 212.96401978  8.50001049 0.024786 0.1082E-03      1.618328     0.053711    15.38658047    0.42635000     0.674672     0.224609     1.94041896    0.38261700     1.501021     0.141602     5.69641399    0.45297101     1.789560     0.317383     2.21634102    0.34020501   13.43492413     6     0 587736542017290280
249122 212.96658325  9.75244331 0.025494 0.1057E-03      1.685365     0.063477    10.50559998    0.32740799     1.011525     0.263672     1.28486896    0.29392901     1.234285     0.214844     2.05515504    0.31969601     1.913753     0.190430     4.22391415    0.29610401    5.85953999     6     0 587736543627837689
240161 213.01130676 10.37547970 0.032725 0.1650E-03      1.678255     0.151367     2.50824308    0.19632700     0.803119     5.151367     0.07593700    0.18009400     2.755598     6.638732    -0.02191600    0.34270301     2.113194     0.278320     2.14760590    0.20981701    9.37127018     6     0 587736477052305564
  9084 213.05302429  8.66183758 0.024115 0.1603E-03      5.811401     1.047074     1.71965301    2.85324407     5.724976     0.735190    -1.80096197    0.13227500     1.725644     0.234375     0.74033499    0.07965300     3.046533     0.306438     1.41372395    0.09407300   14.21117306    22     0 588017991230357545
241198 213.08781433  8.50859737 0.023239 0.1630E-03      1.221464     5.356445     0.07358200    0.05304400     7.805630     0.747023    -2.39794707    0.14322101     1.684074     0.209961     0.53939098    0.07216100     3.129218     0.207799     1.84171700    0.09314100   32.08010864    17     0 587736542017355819
249125 213.15205383  9.73953056 0.025546 0.1086E-03      1.696872     0.048828    26.36035919    0.69157201     1.211996     0.151367     5.93333912    0.61362302     1.196163     0.078125    10.55975628    0.64257503     1.754481     0.341797     3.73709512    0.51915503    8.88260937     6     0 587736543627968909
  9093 213.15798950 12.02018070 0.038052 0.1835E-03      1.672640     0.053711     5.88868189    0.19501200    99.819092    42.814861     1.89507496    1.51833105     1.209617     0.346680     0.76044202    0.17067300     1.807424     0.166016     2.86077309    0.19463000   30.25975609     8     0 587736479199789261
249126 213.18873596  9.55220318 0.024114 0.8292E-04      1.694328     0.024414    23.16647720    0.37469199     1.022449     0.063477     4.59553194    0.26761100     1.262013     0.043945     9.69008732    0.31394199     1.699333     0.122070     3.78727388    0.23164400   14.91637802     6     0 588017992304164992
240174 213.24398804  9.92110062 0.023596 0.9298E-04      2.088673     0.014648    58.93372345    0.48954201     1.379785     0.024414    10.92412090    0.18679400     1.801735     0.117188     2.45805407    0.13569100     2.140514     0.014648    28.78389931    0.28687599  170.14535522    18   512 588017992841035819
240176 213.27259827  8.63187885 0.024520 0.1687E-03      1.795506     0.034180     6.26802397    0.12695099     0.896468     0.122070     0.54920799    0.08591900     1.468443     0.332031     0.48721501    0.10421900     1.963646     0.073242     3.57124591    0.10668800   82.12559509     6     0 588017991230488742
244005 213.40541077  6.16829157 0.056757 0.1817E-03      2.569792     0.047682    12.13228416    0.21041100     1.313915     0.146484     1.28238595    0.13802201     1.824166     0.332031     1.00573695    0.16034900     2.485766     0.073242     6.77386284    0.17539001    6.50925303     6     0 587736524298846452
249127 213.41656494  8.59193325 0.035689 0.7673E-04      1.671656     0.024414    19.25195885    0.28421101     0.975333     0.058594     3.09485888    0.17098001     1.336680     0.117188     2.28643203    0.18743400     1.812644     0.058594     7.40254307    0.20067100   30.36609268     7     0 587736542017487005
240190 213.49996948  9.76648998 0.028258 0.8074E-04      1.559785     0.024414    42.00461197    0.59376597     1.059354     0.053711     8.31164837    0.37176701     1.309206     0.063477     9.93060303    0.40380901     1.615297     0.053711    11.52054310    0.35477901    7.62688780     6     0 587736543628099691
  9111 213.58694458  7.51590157 0.024791 0.9974E-04      2.461669     0.014648    35.27726746    0.30426201     1.501923     0.034180     4.93358994    0.11629200     1.780366     0.190430     1.10295999    0.09232500     2.544616     0.024850    14.58090973    0.17333400   76.55836487     6     0 587730023862698049
241082 213.59693909 10.57933426 0.028342 0.7239E-04      1.610961     0.014648    47.28525162    0.54505998     1.166065     0.043945     8.84406757    0.30505100     1.385729     0.043945    12.55851078    0.35069600     1.566689     0.043945     8.92686462    0.23907700   66.17472076     6     0 588017702944899318
244013 213.59962463  6.10314417 0.058580 0.8117E-04      1.888911     0.014648    33.96793365    0.38368201     1.206030     0.043945     5.58239603    0.19034199     1.455383     0.112305     3.17560911    0.18544701     1.957450     0.043945    12.18726254    0.23065101    7.01552486     6     0 587736524298911964
244019 213.71224976 11.84074211 0.024248 0.1037E-03      1.635613     0.039062    23.04627800    0.61256897     1.226185     0.131836     4.63911581    0.41453299     1.195069     0.053711    11.53393745    0.45540699     1.371965     0.268555     1.85600495    0.28973201   14.83817863     6 65536 588017704555512123
244022 213.76797485  6.22348785 0.024243 0.7850E-04      1.643309     0.014648    42.39271545    0.47451100     1.096037     0.034180     8.00255203    0.23314600     1.308024     0.024414    13.94006729    0.28186700     1.655496     0.043945     9.29486275    0.22608300   51.55566025     6     0 587730022252216507
249128 213.80436707  8.78201103 0.029270 0.9359E-04      1.600374     0.024414    16.77321815    0.27038899     1.012658     0.068359     2.94907999    0.19114000     1.091909     0.190430     1.13346100    0.17330900     1.830003     0.078125     5.79460001    0.20097201   40.91601181     6     0 588017991230685339
249129 213.80833435  8.84361458 0.058028 0.7913E-04      1.957049     0.024414    28.16860962    0.32736599     1.133511     0.043945     4.40660000    0.15356800     1.554589     0.117188     2.47595000    0.15435000     2.074373     0.043945    11.18333054    0.20025000    3.17438412     6     0 587736542554489109
240211 213.81570435 11.28754902 0.036649 0.7311E-04      1.573842     0.014648    28.56223679    0.39834699     1.000179     0.034180     5.35397291    0.19595499     1.283926     0.126953     2.17623901    0.17771199     1.729235     0.043945    11.04655170    0.25305301   33.91174698     7     0 588017704018706503
241199 213.85006714  8.01115322 0.024914 0.9614E-04      1.686022     0.034180    12.58350754    0.23667400     1.111548     0.107422     2.40691304    0.21201600     1.437305     0.390625     0.90597600    0.19150500     1.826005     0.073242     5.19462776    0.17422999   12.04582024     6     0 587736541480812784
244026 213.90983582 11.94075108 0.053885 0.8095E-04      2.001593     0.014648    50.73418808    0.40729901     1.335839     0.024414     7.74430799    0.13218001     1.609782     0.014648    16.33827209    0.20819999     2.040784     0.034180    10.23115253    0.15709300   77.48348236     7     0 587736479200116823
713955 213.95800781 10.25388527 0.024449 0.1910E-03      1.318840     0.268555     1.80181503    0.28616700     0.500009     0.131836     0.93392199    0.30740201     2.461626     3.129883     1.37451506    0.68868601     1.469141     0.361328     1.63031006    0.33426499    8.37058830     6     0 587736477052764425
249130 213.95982361 10.96130562 0.016351 0.1126E-03      1.542530     0.024414    26.40188980    0.40002301     1.064391     0.063477     3.86778092    0.21602800     1.358751     0.039062    11.96394825    0.31055200     1.620293     0.136719     2.74589801    0.19040900   42.27252579     6 65536 588017703481901187
243887 213.97839355  7.76457405 0.043568 0.1050E-03      1.623209     0.078125     6.72461700    0.29532400     0.907792     0.214844     0.87335098    0.26916099     0.978384     0.385742     0.72930199    0.28751299     2.187283     0.361328     2.72416902    0.38868999   23.14544868     6     0 588017990157074653
249131 214.07521057 10.89440727 0.033243 0.2466E-03      1.327424     0.073242     6.81489611    0.34725100     1.507855     5.336914    -0.76594400    0.47674900     1.902892     0.429688     3.91703200    0.55274200     0.689126     0.151367     0.77675003    0.20740700   45.64876175    29  4096 588017703481966819
240222 214.08300781  8.29345703 0.024394 0.1807E-03      2.756653     0.220748     1.26562297    0.08139100    12.086285     0.994404    -2.33884406    0.16706599     1.972526     0.200195     0.90747702    0.07358400     3.554184     0.149248     3.07608700    0.09993500   23.13843536    30     0 588017990693945436
244036 214.09176636  6.30975485 0.020619 0.1062E-03      1.675510     0.053711    11.79223919    0.34163901     1.178266     0.302734     1.67137206    0.39276701     1.289059     0.224609     3.17352104    0.40393901     1.882429     0.180664     3.72426796    0.30524299   22.48031998     7     0 587730022252347523
244038 214.13748169  6.58929443 0.056466 0.1619E-03      2.831340     0.102304     5.59029293    0.17981701     1.083820     0.654297     0.20892300    0.12547401     1.573864     1.059570     0.37959501    0.14675900     3.071784     0.179987     3.89585090    0.17988899   16.88217735     6   256 587730022789218458
  9134 214.14671326  9.98552227 0.037272 0.1520E-03      1.609656     0.073242     3.48755598    0.14770000    26.107742    28.128286    -2.43769097    0.75575000     1.036691     0.507813     0.36766699    0.14326499     1.951969     0.175781     2.15939999    0.16071901    8.67823982     6     0 588017702408290514
