#  AGC     ew_NII6583    ew_Halpha    ew_OIII5007    ew_Hbeta      R1     R2   ObjID
#  R1 = log(ew_NII6583/ew_Halpha)       R2 = log(ew_OIII5007/ew_Hbeta)
238632     4.51634312   47.39144135   26.02732468    9.46215916  -1.02   0.44 587736525907034357
715890     3.19318008    9.66840267    2.34313607    0.77883500  -0.48   0.48 588017726021042386
715891     4.18934584    8.84464645    0.52627802    0.90131003  -0.32  -0.23 588017724410495077
713685     8.55071354   16.25222397    1.45527899    1.77131104  -0.28  -0.09 587736542015127621
713686    11.92903709   33.95066071    4.27201986    5.41297817  -0.45  -0.10 587736543088869537
713687     7.23214388   33.48609924   10.48967457    5.66584921  -0.67   0.27 587736541478256850
715892     1.92601597   11.91462898    4.04908705    0.84408301  -0.79   0.68 587736525907099802
713688     9.34431076   20.28551865    1.11809695    2.39350390  -0.34  -0.33 587736543088869558
713690     4.90744781   98.75643158   86.63764954   21.71768379  -1.30   0.60 587736542015127811
232436     5.72675991   46.78335571   25.23229027    8.28464031  -0.91   0.48 588017703479410761
238633     1.16538596   14.71295547    5.32885313    4.01636410  -1.10   0.12 588017725484237130
715894     2.80399489   12.53055668    3.73799801    1.54122496  -0.65   0.38 587736525370229094
231532     8.14605522   19.81956673    0.89610702    3.31177092  -0.39  -0.57 588017726557978704
715898     6.57554388   29.97043800    9.05682755    5.74650383  -0.66   0.20 588017724410560659
713697     2.39940596   12.49629211    4.25518703    2.12483096  -0.72   0.30 588017990691389607
715901    10.45762444   29.76563454    1.62522995    5.52338409  -0.45  -0.53 587736525907230910
232437     3.03960299   13.81098175    4.10720301    2.65358496  -0.66   0.19 588017703479476364
713705     3.06593895    3.86150193    1.70527697    0.59976798  -0.10   0.45 587736541478387896
713708     2.00399804    2.28546691    0.69992298    0.02398900  -0.06   1.47 587736543625871510
713710     6.12188387   18.57034302    2.42644191    3.07917094  -0.48  -0.10 588017990691455170
715906     3.81765103    7.17682695    0.43750399    0.72726703  -0.27  -0.22 588017726558109872
713713     6.51763391   25.78187943    3.89600611    3.91077995  -0.60   0.00 587736542552129830
238635     2.66546392   12.54689503    3.06316209    2.33379793  -0.67   0.12 587736524296683789
232438     4.97994614    6.30895901    0.38906899    0.17016600  -0.10   0.36 587736477587210418
713717    11.66924858  123.62548065   69.82579803   23.56217003  -1.03   0.47 587736543089066025
715908     9.42193699   38.26153183   10.29801559    7.07565689  -0.61   0.16 588017724947562734
730036     7.03616905   36.55829239   12.95050240    7.14226580  -0.72   0.26 587736542552195264
715909     8.83603954   18.13645363    1.55700397    3.11313891  -0.31  -0.30 587736525907296286
230801     5.16032505   11.86541939    0.78143901    1.45788395  -0.36  -0.27 588017991765262510
238637     2.81943893   22.53027153    9.75022411    4.86607599  -0.90   0.30 587736526444167304
715911     1.63814294   11.79519653    3.45143199    1.97149503  -0.86   0.24 588017724410757282
233581     7.09281921   15.67875290    2.64955306    3.18349409  -0.34  -0.08 587736541478519037
730038     4.81403112   26.49756241   11.28310013    4.48182678  -0.74   0.40 587736524833620176
715913     3.65589809    8.77115822    0.68425298    1.12049997  -0.38  -0.21 588017726021370036
730039    11.79220009   20.74332047    1.14364600    2.83906007  -0.25  -0.39 588017724947628255
238639    10.50114346  225.95277405  210.73345947   44.04024506  -1.33   0.68 587736541478584332
232301     2.36451101    8.87751579    4.69777012    0.70757997  -0.57   0.82 588017702942802254
715915     3.83502293   12.99537563    1.58158803    1.76024902  -0.53  -0.05 588017726021435472
713726     4.74408484   22.95728683    6.23332500    3.78271794  -0.68   0.22 587736542552326368
730040     8.03740501   21.77117348    1.32419503    3.25089908  -0.43  -0.39 588017991228522675
730041     8.88117313   29.65604782    5.58654499    5.08378887  -0.52   0.04 588017724947693803
715916     2.68685293   17.64458275    8.04397297    3.47106409  -0.82   0.37 588017725484564671
730042     4.07576704   16.94459343    5.04590702    2.86174107  -0.62   0.25 587736524296880285
238660     5.90610790   11.66388512    2.40375710    1.55523896  -0.30   0.19 587736543626068177
231014    19.65456200   67.30965424   11.86965275   10.92078304  -0.53   0.04 588017724947759115
232302     4.79478693   34.15813446   21.78834724    6.72734022  -0.85   0.51 588017702406062206
715918    21.27943993   29.14283943   14.40163612    4.25397015  -0.14   0.53 587736523760009369
238658     5.10305214   35.27114868   12.44027901    5.71783209  -0.84   0.34 587736542015520976
230831    14.55184460   50.35040665    5.92214680    9.30610943  -0.54  -0.20 588017990154846296
730043     3.99865294   36.91761780   24.33072662    7.10558701  -0.97   0.53 587736525370622022
730045     5.79103708   33.24010086   11.37395191    5.08781624  -0.76   0.35 587736540941844622
238642     3.28018808    5.80425501    0.49350700    0.43443099  -0.25   0.06 587736523760074920
713743     6.58893108   17.76098633    2.48815894    2.39234900  -0.43   0.02 587736542552391820
231562    12.97717953   18.89472580    1.99578094    1.84672201  -0.16   0.03 588017990154911879
238661     4.08521223   14.56095791    2.49379706    2.17746210  -0.55   0.06 587736523760074800
238644     3.21343899   22.04458809   10.87678432    4.07645321  -0.84   0.43 587736542015586455
238645     6.34582710   30.80952072    8.31746197    5.21518517  -0.69   0.20 588017990154911937
233565     2.70985794   34.60085297   13.89751244    5.21543694  -1.11   0.43 587736543626199063
232439     4.67104387   46.81366730   34.42735291    9.32080269  -1.00   0.57 588017703479804023
232440     8.44330215   75.53280640   56.98642731   15.36802006  -0.95   0.57 588017703479804034
232441     3.56363201    7.20402098    1.87009299    0.85049999  -0.31   0.34 587736477587538004
730046     5.79657698   34.98998642   14.15087700    5.94500589  -0.78   0.38 587736541478781000
730047     3.67921901    6.51749182    1.33533299    0.82142401  -0.25   0.21 587736542015652001
  8861     3.52094698   13.58287811    4.64696693    2.37423301  -0.59   0.29 587736543626199210
232303     3.84677291    6.98059177    0.22270501    0.53931701  -0.26  -0.38 587736477050667182
713750     3.76980996    5.82942581    0.37139001    0.40125501  -0.19  -0.03 588017990154977553
232305     1.90172994   10.42290878    2.40401697    1.83287001  -0.74   0.12 587736477050667189
730048     5.84820223   11.87730026    2.09345293    1.80204105  -0.31   0.07 587736524833882229
232443     3.18380308   14.61048603    6.44861317    1.74981499  -0.66   0.57 588017703479869630
232306     1.47419500   12.12846947    5.19571781    1.55702400  -0.92   0.52 588017702406193272
232444     1.87422001   25.06198502   11.73406410    3.87105799  -1.13   0.48 588017703479869635
730050     4.18588400   71.92633057   43.97356033   11.27218723  -1.24   0.59 588017992302461032
232307     9.76510906   97.13612366   67.76933289   20.72356224  -1.00   0.51 588017702406193182
238673    15.65326118   28.62751579    2.21770406    4.57650185  -0.26  -0.31 588017702943064296
730051     2.91412807   54.87976837   41.12805557   13.14969540  -1.27   0.50 587736525370753258
230866     6.23148584    7.10717678    4.18956184    0.60048801  -0.06   0.84 587736478661279833
232308    11.18129921  106.51294708   76.60908508   21.70233536  -0.98   0.55 588017702406193224
730053     5.99492407   81.49109650   73.69677734   18.45382118  -1.13   0.60 588017724411084979
232447     4.25801802   18.05318069    4.89186478    3.37737608  -0.63   0.16 587736478124474529
715922     4.13025188   11.38342762    1.00486898    1.42507601  -0.44  -0.15 587736524297076972
  8871     4.21359491    6.04094791    0.59141397    0.23018999  -0.16   0.41 587736523760206056
  8874    17.16076660   45.11455154    0.89319301    6.72551918  -0.42  -0.88 588017724411084892
730055     7.93521214   20.80748367    1.54964602    3.45401502  -0.42  -0.35 587736542015717552
730056     5.35120821   16.54644966    2.92200208    2.93205690  -0.49   0.00 588017724411150479
232448    12.12805843   20.95364952    1.74055803    2.42156100  -0.24  -0.14 588017704016871514
  8878    15.75208855   25.54358292    0.89343297    2.84560609  -0.21  -0.50 588017992302526501
231576    10.45013428   30.15243530    3.11107492    5.56795692  -0.46  -0.25 588017726021697687
232449     7.47060299   45.72594070   16.44064331    8.58360481  -0.79   0.28 587736477587669097
713763     3.29611897   35.64930344   16.00763702    5.33948088  -1.03   0.48 588017990691979388
231122     5.25777006   18.79905891    3.01586008    2.76780605  -0.55   0.04 588017726021697715
  8881     4.19405222    9.43377018    1.46075499    1.54453695  -0.35  -0.02 587736525370884222
232450     5.68143082   47.00462341   27.49441528   10.79329205  -0.92   0.41 587736478661410897
230872     7.96599388   23.95055580    3.11480403    4.62362814  -0.48  -0.17 587736477050798261
713764     9.95979309   52.87045288   14.41757011    8.74746799  -0.72   0.22 588017704016871542
238646     2.32225299    9.51463699    2.96650290    1.71250105  -0.61   0.24 587736526444626083
232121     5.34518194   20.27915382    6.29830313    4.14885092  -0.58   0.18 587736476513992901
715923     2.72164512   13.60698605    5.17910480    2.46930194  -0.70   0.32 588017724948021474
730057     2.82257199   27.05052185   12.99470615    4.85257912  -0.98   0.43 588017726021763318
730058     2.03725100   26.91288185   12.85207081    3.93081093  -1.12   0.51 588017724948021502
232635     3.63425708    8.34584904    0.19560000    0.99444002  -0.36  -0.71 587736543089524928
  8891     4.88667488   11.68757153    0.58605498    1.10882103  -0.38  -0.28 588017724411215908
233568     2.72586107   12.51052284    6.43554497    2.37533903  -0.66   0.43 587736476513993036
232636     3.92843795    9.76097202    0.73337698    0.88009900  -0.40  -0.08 588017991228850270
730059     4.55252504   26.29097366   11.23702717    5.20583391  -0.76   0.33 588017726558634189
713768     7.78983116   43.68912125   15.57174587    9.75895691  -0.75   0.20 587736542015848581
233922    17.06230927  476.48809814  651.44354248   92.52611542  -1.45   0.85 588017702943195194
232451     9.04862690   18.75134277    0.94096100    3.43547893  -0.32  -0.56 588017704016937104
730060     2.08872390    8.44466019    2.33560395    0.52859199  -0.61   0.65 588017724948086841
730061     2.08378506   15.39910889    9.90925694    2.77034903  -0.87   0.55 587736543626395930
  8896     5.86571884   17.31250954    1.94901395    2.53832889  -0.47  -0.11 587736525370949664
713771     1.84882700    4.10145998    1.91484499    0.07510300  -0.35   1.41 587736477587734736
730062     3.89410996   20.31767082    4.34103489    3.50981402  -0.72   0.09 588017990155174189
730063    11.51443195   68.89402008   32.82783127   14.98627758  -0.78   0.34 587736524834078845
238647     2.63988900    6.70500803    1.58144605    0.58612198  -0.40   0.43 587736524834078854
231120     7.61502695   48.61304092   20.78731728   10.16079235  -0.81   0.31 588017726021828738
713777     2.88431311    4.15185499    0.51922297    0.69553399  -0.16  -0.13 587736477050929307
232637    14.62158489   21.20477867    1.09587097    2.72463989  -0.16  -0.40 587736543089590369
233569     1.17558897   13.01259041    4.62608099    0.64580899  -1.04   0.86 588017992839528812
730066     6.79841185   27.53417206    3.79132509    4.62562704  -0.61  -0.09 587736542552785025
730067     3.52291203    5.49304724    1.15561104    0.64319801  -0.19   0.25 587736543626461410
230898     6.19282579   14.37353897    0.78995901    2.01495910  -0.37  -0.41 587736543626526740
730068    10.67166424    8.48088360   19.05242157    1.59425998   0.10   1.08 588017990155239670
238625    10.95443916   34.56145477    4.71841717    6.35553122  -0.50  -0.13 588017990155305008
233570     5.09353685   32.61560440   13.70841789    7.25846004  -0.81   0.28 588017703480197321
233924    16.02378082   45.76353455    1.70746005    6.66274023  -0.46  -0.59 587736477050994783
238649     3.99979711   12.18812180    1.97974706    1.40873301  -0.48   0.15 587736542552850591
230912     8.53124809   22.98676491    2.42314506    3.49600601  -0.43  -0.16 588017704553939173
233598     6.17098808   66.44017792   47.17925644   14.85845947  -1.03   0.50 588017726558830740
713784    14.54080868   30.22834778    3.31952095    4.68254519  -0.32  -0.15 588017703480197354
730070     3.13119292   25.80772972   13.77215576    4.12356710  -0.92   0.52 588017992302723272
243884    54.40460205    3.20507312   98.11115265   51.38726425   1.23   0.28 588017726558830607
730071     3.67435908   18.48581886    5.33155107    3.41594100  -0.70   0.19 588017991765917869
713785     8.39530659   23.72053528    1.71544695    3.76820993  -0.45  -0.34 587736477587865818
249086     3.63961411   45.64216232   32.63871384   10.59589577  -1.10   0.49 588017990155305201
730072     9.68549633   15.68419743    4.19833088    2.80565310  -0.21   0.18 587736542552850486
730073    19.43453979   47.62791443    6.47935295    7.81355810  -0.39  -0.08 588017724948283406
  8918     5.61330700   10.02757454    1.64479303    1.12832403  -0.25   0.16 588017991229046981
230917     4.57363892   11.73089123    0.91303200    1.72720397  -0.41  -0.28 588017991765917815
730074     4.36255217   12.64095306    2.66969299    2.32769203  -0.46   0.06 587736526444822768
243818     3.53281593   37.77783966   21.06652641    6.42176580  -1.03   0.52 587736543626592360
730075     4.56590223   22.82943153    7.66036892    4.16070986  -0.70   0.27 588017724948283572
730076    16.24967766   29.09486580   11.76772499    4.93384123  -0.25   0.38 588017992302788692
243904    22.15129662   38.83404160    1.86362600    6.17920685  -0.24  -0.52 588017704554004512
713789     3.54852891   11.20853043    5.88940096    2.62890005  -0.50   0.35 587736477051060460
730077     7.57747078   15.96357536    0.61012501    1.49812496  -0.32  -0.39 587736524834275540
249087     5.98686409   16.17758369    0.68459302    2.72275305  -0.43  -0.60 587736525371146336
249088     0.54592699    9.12282944    2.06626606    1.10513997  -1.22   0.27 588017991229112501
231136     4.02839899   10.89503002    2.88942599    2.04060197  -0.43   0.15 587736542552916288
730078    12.99324131   22.92251778    1.40391397    3.44126391  -0.25  -0.39 588017990692241678
730079     8.27588940   35.70456314    9.10933304    6.13674116  -0.63   0.17 588017726022025431
243815    29.53813171  163.33068848   44.47886658   27.53875542  -0.74   0.21 587736477051125805
231599     4.59937477   26.43727303    9.77045441    4.39567423  -0.76   0.35 588017724948349080
249089     4.39266682   27.35569000   12.06427574    6.06213999  -0.79   0.30 588017726558896349
249091     2.42246509   13.18096924    3.85375404    2.18442607  -0.74   0.25 587736525908082889
713791     8.20287991   63.26403046   22.32776260   11.72036457  -0.89   0.28 588017703480328334
249090     3.48392010   12.75038815    4.04542589    2.38130593  -0.56   0.23 588017992302854319
730080     4.83726501   10.32489777    0.76160002    1.22195601  -0.33  -0.21 588017724948349093
248868     2.52034998   17.70972443    6.80770493    3.11338711  -0.85   0.34 588017704554004702
730081     9.30104828   27.10133743    2.82004404    4.57034016  -0.46  -0.21 587736524834340977
242168     6.77396584   70.78249359   24.33175087   11.60895729  -1.02   0.32 587736542552981569
730082     8.89945507   23.72284698    1.72913802    4.13868999  -0.43  -0.38 588017990155436124
  8928     6.88962078   19.98420525    1.07522905    3.80942512  -0.46  -0.55 588017726558961797
230943    12.90933323   31.72326851    1.58867800    5.99418116  -0.39  -0.58 588017702406652091
242306    22.70060349  100.26560211   18.40485573   18.75413704  -0.65  -0.01 588017703480393839
230939     8.36602688   24.03623199    0.72369498    4.01766205  -0.46  -0.74 588017992839790659
730087     0.82826698    7.04676199    2.80972004    0.28079501  -0.93   1.00 587736542016176508
230946     4.40453100   16.98001671    4.94805193    3.44789791  -0.59   0.16 587736542553047150
730088     7.04640102   33.81573105    8.31628895    6.75201321  -0.68   0.09 588017991766048946
730089     7.27661896   14.90352631    1.09845805    1.44081998  -0.31  -0.12 588017990692372598
249092     0.86816800    7.70369911    2.41128993    0.63932002  -0.95   0.58 588017990155501793
713792     3.31744695   30.00740623   17.39907837    5.24903393  -0.96   0.52 588017702406717548
240043     4.78035784   28.24666023   17.75457764    6.92247486  -0.77   0.41 588017725485285546
230954     2.04289794   20.25511551   12.20739746    3.82929206  -1.00   0.50 587736543089918126
713793     1.99735701   20.11838913    6.76726007    3.50732207  -1.00   0.29 587736478661804159
249093     3.40623093    7.49788904    0.70350897    0.86413699  -0.34  -0.09 587736478661804165
249359     1.52452505   11.34940147    4.99547005    1.25621295  -0.87   0.60 588017991766114452
713794     7.86182594   50.38071823   19.47010422    8.77158165  -0.81   0.35 588017991766114474
249094    15.95580482   77.53641510   18.08667564   15.29893780  -0.69   0.07 588017702943588384
231067     3.08727694    4.43479109    0.42427099    0.21091400  -0.16   0.30 587736543626789072
  8942    13.79576492   51.00394058    8.34239769    7.04996109  -0.57   0.07 587736543626788902
230966     9.54814053   33.36102676    4.38887501    7.18101788  -0.54  -0.21 587736543089918174
243916    30.91238785  359.42214966  254.10989380   69.45531464  -1.07   0.56 587736524297601077
230968     3.36506796   17.44486046    8.07747269    3.12533689  -0.71   0.41 587736543089918192
  8944     4.95793581   13.70243454    0.28373000    1.54860497  -0.44  -0.74 588017991766114369
730091     8.99856281   26.13986015    1.91424298    3.76655293  -0.46  -0.29 588017990155567305
  8946    20.19039345   40.29151535    1.96162498    5.71177816  -0.30  -0.46 588017726559092746
713795     3.15054488   15.62626171    6.04008007    2.41107297  -0.70   0.40 587736542553112775
730092     8.86244869   21.59326172    1.13910699    3.47605491  -0.39  -0.48 587736525371343088
249097     2.78396392   27.03661919    9.04585648    4.66813612  -0.99   0.29 587736526445084868
730093     3.28293204   14.75848961    5.03259706    2.63967705  -0.65   0.28 587736543626854528
230970    11.27826977   15.31066418    1.25845003    1.52899504  -0.13  -0.08 588017702406783209
713797     7.01978493   19.97176552    2.81934309    3.64338207  -0.45  -0.11 587736477051322510
730094     6.77802992   13.97673988   21.38589287    1.68135798  -0.31   1.10 588017991766180016
730095     2.89229894    8.61036396    0.93474102    0.57073897  -0.47   0.21 587736542553112912
243841     1.85851502   42.48640060   40.79605865    7.95126677  -1.36   0.71 588017702943653911
  8948     3.45202088    6.26573896    0.35836101    0.16318400  -0.26   0.34 587736542553112829
730096     2.13677096   51.15971756   45.86188889   10.68103886  -1.38   0.63 587736543626854583
730097     2.15902305    5.21272421    1.02266097    0.10050800  -0.38   1.01 588017992303050881
243817     3.70365405    8.07367992    0.72243500    0.63303298  -0.34   0.06 587736477051322578
730098    12.25133801   59.56678772   18.81461906   11.73665905  -0.69   0.20 588017990155632800
241325     6.70719481   90.75312805   48.99271774   18.17747307  -1.13   0.43 588017991766180190
  8950     5.90016508   43.00587463   18.89097214    8.09839916  -0.86   0.37 587736542553178234
241923     2.19725490   21.71935463   15.62307739    5.00863886  -0.99   0.49 587736543626854615
713799     2.20142794    4.33788204    0.92733502    0.23820999  -0.29   0.59 588017704554266772
249350     3.79690790   14.09154224    2.66507196    2.15393710  -0.57   0.09 588017991766179952
730100    13.06345844  146.75375366  101.99569702   31.97795677  -1.05   0.50 587736542016307247
  8951     3.41227293   10.09668636    1.18729496    1.24711204  -0.47  -0.02 587736542016307449
713800    10.54563236  121.76188660   78.55432129   26.41901398  -1.06   0.47 587736478661935107
241132    16.97978592   31.57971001    2.24243689    4.73515701  -0.27  -0.32 588017725485416605
713801     5.88117886   46.07976913   22.75590515    8.35887432  -0.89   0.43 587736543090049060
241327     2.76807499   11.89399624    3.87213993    2.27354693  -0.63   0.23 587736543090049223
243860     1.30253100    4.78960323    3.74071908    0.00986084  -0.57   2.58 587736542553178754
249360    12.58604145  237.18475342  223.72065735   46.11153412  -1.28   0.69 588017991766245411
231848     3.12635994    8.99203396    0.69348103    1.46091902  -0.46  -0.32 587736542016307495
240015    11.12777710   10.49343014   41.70178986    2.49256492   0.03   1.22 588017991229374498
242169     4.42249107   42.46918106   17.29887581    6.58540916  -0.98   0.42 587736541479502029
240016     5.63678694   10.12611103    0.51100200    0.82189500  -0.25  -0.21 588017991766245536
243861     4.35814095   45.12071609   18.20194244    8.90126228  -1.02   0.31 588017991766245561
243842     5.25168514   11.78409481    4.64797688    1.93277597  -0.35   0.38 587736478661935196
715690     2.47544599   10.97729111    6.34129715    1.59454703  -0.65   0.60 587736543090049275
242248    10.08366203   68.29954529   21.93026352   11.83098698  -0.83   0.27 588017992303116358
713802     2.56396699   11.15222836    3.66965890    1.38682401  -0.64   0.42 588017991229374659
249101     5.64007521   75.74426270   59.24986649   13.92876625  -1.13   0.63 587736543626919990
730103    13.07525444   37.98061752    2.28430200    6.47204590  -0.46  -0.45 588017991229374675
249102     5.53263617   41.04652023   16.36127853    7.43413019  -0.87   0.34 587736525908345022
730105     2.11484599    8.68533039    3.91968393    1.21583903  -0.61   0.51 588017991229440088
249103     5.80655622   70.02535248   44.90683746   13.41804790  -1.08   0.52 588017703480590422
  8967     3.62661600    8.02706146    0.86555201    0.69931000  -0.35   0.09 587736543090114811
240025    12.48923874   39.52172089    0.83886498    5.68413591  -0.50  -0.83 587736542553243682
  8966     2.68087506    5.25557280    0.29793400    0.32853901  -0.29  -0.04 588017725485482087
249143     4.16550207   33.06373215   14.93473625    6.84536505  -0.90   0.34 587736477588258985
713803    16.37034035   41.36630249    2.48817801    6.14617682  -0.40  -0.39 587736542016372992
242104     4.74510098   25.37112236    6.19572496    5.14653683  -0.73   0.08 588017704017461469
713806    13.25551987   54.54610062   18.69845772   10.57763290  -0.61   0.25 587736542016438290
243920     2.61638188    4.27912378    1.23040295    0.33516899  -0.21   0.56 587736523760926934
242249     3.95932388   10.01794910    1.30363095    1.58910298  -0.40  -0.09 587736541479567526
249105     2.09200597   17.63607025    9.17976284    2.62787700  -0.93   0.54 588017991766311150
713807     6.77343512   16.81677055    0.69396698    3.09608197  -0.39  -0.65 588017704017526920
713808    14.03058910   48.10572052    7.65698481    9.19459248  -0.54  -0.08 588017702943785133
730107     1.85063303    7.60205078    2.11013508    0.52625102  -0.61   0.60 588017725485547679
713809     2.87329602    7.45425177    2.10865498    0.73806500  -0.41   0.46 588017992303182091
713810     2.43466592   28.07058716   17.91580200    6.65350580  -1.06   0.43 588017703480656066
  8979     3.18013000    4.53694201    0.49947700    0.08482800  -0.15   0.77 588017724948676794
249106     5.83455896   15.26319313    0.48183599    2.15734506  -0.42  -0.65 588017990155763833
730108     2.21742105   18.95297050   10.88686752    3.50711703  -0.93   0.49 587736525908410651
730109     7.49352884   27.08206749    4.73758411    4.97161722  -0.56  -0.02 588017990692634785
249144     8.26441002  194.83792114  154.17994690   37.50479126  -1.37   0.61 588017702943850504
243897     1.89004803    7.46245718    3.80835795    1.36810195  -0.60   0.44 587736542016438511
713811     2.63209605    4.41042709    2.33712792    0.20728800  -0.22   1.05 588017992303247521
242251     4.27552986   19.31789589    5.29207182    3.39562798  -0.65   0.19 587736543090180248
730111     9.95000172   37.09839630    7.81827593    6.24835491  -0.57   0.10 587736541479633070
713812    16.03620529   36.55867386    3.70743299    6.10353899  -0.36  -0.22 587736477051519008
730112     2.36172104   11.49733067    4.32093620    1.97652805  -0.69   0.34 587736543090180285
243843     1.99686503   10.35239410    4.26172209    0.79165602  -0.71   0.73 588017703480721453
730113    12.14297581   24.49547958    3.04474092    2.80513000  -0.30   0.04 588017992303247558
249107     2.10492706   12.46272278    4.63096619    1.68718505  -0.77   0.44 588017991229505837
240051     8.22844791   34.33847427    7.52865696    6.82674408  -0.62   0.04 588017704017592327
243844     2.44300890   54.02224731   40.15353775    9.62193489  -1.34   0.62 587736478662066379
242316     1.46130097   11.40583897    4.89895821    1.84587204  -0.89   0.42 587736479198937234
240054     3.50475192    7.58582687    0.78991699    0.82519400  -0.34  -0.02 587736541479633137
  8995     3.77884698   16.24199104    7.11619091    3.43250990  -0.63   0.32 588017991229571218
243821     3.46539593   19.90319061    9.95469761    4.51356697  -0.76   0.34 588017992303247739
713814     4.95002079  138.35578918  161.13092041   28.82721329  -1.45   0.75 587736478662131729
730114     6.10687685   24.15895271    6.50614691    4.83074617  -0.60   0.13 588017724411871428
249349     2.16349101   10.50346375    4.15445709    1.59422898  -0.69   0.42 588017991229571579
243923     6.27381086   16.11144257    1.14871097    2.33137202  -0.41  -0.31 587736524297928865
713817     2.81398010   17.80926323    6.90672588    2.77354193  -0.80   0.40 587736477051584816
  9008     5.55985498   15.16603088    1.57425594    3.30097699  -0.44  -0.32 587736477588455567
730115     1.89794695    8.41284847    2.27437091    1.35318804  -0.65   0.23 587736543090246052
713819     3.76380396    6.83772182    8.32061577    0.27839500  -0.26   1.48 587736478662131825
730116     3.68007708   18.25344467    5.40908623    2.76239896  -0.70   0.29 587736542553440408
240067     4.22563791   11.38682461    1.41797400    1.80980396  -0.43  -0.11 588017992303313123
713821     4.50005007   19.21288109    3.93861294    3.42162609  -0.63   0.06 587736543090311355
243928     2.95598507   25.38512993   12.47161770    4.96037579  -0.93   0.40 588017726559420512
713822     4.60748005   35.39502335   18.23303032    6.70159197  -0.89   0.43 588017704017658063
730117     2.00371695    8.36109257    5.10084391    1.09504902  -0.62   0.67 588017992303378675
243929     3.26540208   14.08092690    3.98913503    2.83830094  -0.63   0.15 588017724948807933
730118     3.51975393   25.76093864   10.68361855    4.96236706  -0.86   0.33 588017726022549664
713823     7.58724022   17.18958092    1.77957201    2.00921202  -0.36  -0.05 588017991766507638
243845    16.18443871  114.72741699   44.19496155   22.01104736  -0.85   0.30 588017704017658090
243930     6.96449900   20.76382828    4.05614805    2.86141205  -0.47   0.15 588017990155960349
242321     2.26453590   35.34127426   33.21871185    7.15779686  -1.19   0.67 587736479199068320
240082     2.03377104    4.15707493    0.00469569    0.20766100  -0.31  -1.65 587736543090311257
243931     0.59757799    4.04857111    2.92958498    0.48775399  -0.83   0.78 588017726559420660
249159     2.82854509   31.61087036   14.09483624    6.28881502  -1.05   0.35 587736543090311559
243932     5.10423803   28.08349800   12.22226429    4.81905890  -0.74   0.40 588017724948873413
243933     0.27432001   10.30049992    6.22640705    0.97792101  -1.57   0.80 588017724948873608
713828     4.56814098   20.70782661    6.60830879    3.94137597  -0.66   0.22 587736541479764179
243823     5.70080280   18.98624611    3.18916702    3.34653306  -0.52  -0.02 587736477051715590
240088     5.49668598   24.54593277    5.63954496    4.14466286  -0.65   0.13 587736478662262809
730120     2.46514797    9.31252098    1.51927805    1.40458202  -0.58   0.03 587736478125391962
242252     3.24904299    9.99878883    2.20678306    1.03301096  -0.49   0.33 587736543090376930
713831     9.46621609   15.26627254    2.14077306    1.84927499  -0.21   0.06 587736541479829669
243934     3.24555397   12.35419559    2.70642400    2.57677603  -0.58   0.02 587736540942958777
713832     5.64427805   36.38969421   16.05780220    7.28488779  -0.81   0.34 587736543090376965
730121     7.21468782   23.31884193    2.43606710    3.83829594  -0.51  -0.20 587730023056539821
243935    13.57384586   32.72639465    6.74933481    6.81432915  -0.38   0.00 587736524298059825
713834     6.78568602   31.47898483    9.62101841    6.04852486  -0.67   0.20 587736478662262926
242405     8.85255623   22.20827866    1.79932404    2.44147301  -0.40  -0.13 587736542553571448
730122    11.87569046   30.79428673    2.97540092    5.03326797  -0.41  -0.23 587730024130281611
243937     4.75356483   13.24256992    2.85790896    1.76742804  -0.44   0.21 587730021714428283
713836     9.62085438   23.72321701    0.72234797    3.45751595  -0.39  -0.68 588017702407241898
243824     4.58871078   10.54445934    1.37044799    1.45838404  -0.36  -0.03 587736543090442404
243863     1.24679303    9.56713009    3.04657793    0.92300600  -0.88   0.52 587736477051781143
243938     9.15187931   27.10549164    2.90670800    4.70824814  -0.47  -0.21 587736524834996240
  9023    11.16381073   39.76122284    5.05268812    7.97203588  -0.55  -0.20 588017991766638724
713837    11.17914391   37.92948151    6.21471119    6.61967993  -0.53  -0.03 588017703480983592
713838     6.90820885   13.70275116    0.67570603    1.53965497  -0.30  -0.36 587736541479895150
243939     5.71236801   74.99815369   59.42432785   15.40225124  -1.12   0.59 587736524298125416
  9027     5.50665283   18.38954735    2.52924800    2.87630105  -0.52  -0.06 588017702944112852
243940     5.53053284   56.17487335   49.59430695   13.66130733  -1.01   0.56 587736524834996496
243852    13.05179977  330.05694580  261.15817261   63.69949341  -1.40   0.61 588017702944112724
243941     4.65019083    9.39243317    0.26999700    0.91193098  -0.31  -0.53 588017990156091580
713841     3.63072300    8.88136578    0.50287700    0.51498801  -0.39  -0.01 588017990692962433
713842     2.09756589   30.78227806   25.73464203    6.35055208  -1.17   0.61 588017992303509713
730124     8.11231899   19.68530273    0.98635203    2.14815903  -0.38  -0.34 587736541479895091
713843    14.21793842   35.71873856    3.99435997    6.33423424  -0.40  -0.20 587736542553637192
243943     3.09959507   11.15065193    3.67143202    1.68723297  -0.56   0.34 587730023325040915
730125     4.90966606   29.70123672    9.52488232    6.75842619  -0.78   0.15 587730023325106390
243848     2.24007106   12.26418018    2.65804505    2.58957911  -0.74   0.01 588017704017854824
713845     9.09698200   33.49180603    5.11541891    5.46979094  -0.57  -0.03 587736542016831638
243944     9.07598019  229.55041504  314.62988281   50.16576004  -1.40   0.80 587730023861911753
249354     1.39668405   10.61689854    4.60323477    1.03996396  -0.88   0.65 588017992303575249
713846     5.14533520   26.18124390   10.72852230    6.85803413  -0.71   0.19 588017991229833604
730126     7.90174723   21.43409729    1.20151901    3.09141302  -0.43  -0.41 587730021714493686
249361     9.29824734   39.42132187   10.97836399    6.25390911  -0.63   0.24 588017704017920111
713847    42.31049347   84.24535370  246.24018860   20.40023613  -0.30   1.08 588017702944178311
713848     2.55962801   14.25134945    6.10693216    2.71503305  -0.75   0.35 587736542553702440
243946     2.63006806    9.26636314    1.10609603    1.08627605  -0.55   0.01 587736541479960801
243825    11.52805901   44.69129562    7.31744003    8.93417645  -0.59  -0.09 587736543627444362
730127     2.70654011   15.22664547    4.53530598    3.45923090  -0.75   0.12 588017704554791090
713854    11.28686237   53.08796692    9.26067638   10.90775585  -0.67  -0.07 588017991766769849
243949     9.05424404   25.42323112    3.05315208    4.60142517  -0.45  -0.18 587730022788300820
241136    15.99531841   14.28440094   22.76160049    1.55853498   0.05   1.16 587736525908803669
713855     2.04593706    3.12666893    0.39323300    0.19143599  -0.18   0.31 588017991766769868
243952     6.48222780   21.41513634    3.77059293    3.58184099  -0.52   0.02 587730022788300969
243953    11.95271778   34.30559158    2.22509193    5.31320190  -0.46  -0.38 587730021714559181
243954    15.03117466   74.49079132   28.85120201   14.60044670  -0.70   0.30 587736525371998269
713856     1.99991202   17.51996994    7.02538395    3.70301294  -0.94   0.28 588017991229898994
243955    18.75368500   66.53050995    9.09035873   10.90258694  -0.55  -0.08 587736524298256565
249112     1.98884201   18.51707077   11.91044140    4.12976408  -0.97   0.46 587736478662525042
730128     7.43510723   34.66775131   11.22815132    5.99109316  -0.67   0.27 588017704017985715
713858    10.69813156  174.33563232  151.75303650   34.84882355  -1.21   0.64 588017992840511636
243956     4.32168579   20.92422485    7.26355314    4.51739693  -0.68   0.21 587730022251495559
713859     4.68850088    6.50041294    0.85344100    0.64465201  -0.14   0.12 587736542016897288
  9037    18.66696167   56.37174606    2.33959198    9.25416946  -0.48  -0.60 587736525371998363
730129     3.54398608   16.43578529    4.11825323    1.93002999  -0.67   0.33 587736477051978046
243957    11.25364494   37.85572052    6.64146900    7.30869579  -0.53  -0.04 587736524298322065
713860     3.12621593    6.99331617    2.22471499    1.70948195  -0.35   0.11 588017990156222576
  9041    28.75867081   55.77986908    2.46920204    9.28991985  -0.29  -0.58 588017704554856491
240125     3.32334495   11.69758987    2.97512197    1.44924200  -0.55   0.31 588017704554856480
713862    15.07660294   36.47106934    2.29450393    5.61375904  -0.38  -0.39 588017990156288127
243958    21.02390099   19.00382805   10.67374802    1.94338703   0.04   0.74 587730022251495624
243857     7.19310093   56.29659271   30.40119553   11.88154507  -0.89   0.41 587736477588848694
730130     8.12229824    5.26415014    6.16007423    0.02006800   0.19   2.49 587736478125719660
243849     2.60296392   10.45744514    3.69891310    1.65310001  -0.60   0.35 588017704554856726
713865     8.80808067   27.69842339    4.50337601    5.21580076  -0.50  -0.06 588017990693158960
713866    10.44696712   88.21631622   54.23707199   19.07874298  -0.93   0.45 588017702944309348
243959     2.37307501   12.80451775    5.38198709    2.00288701  -0.73   0.43 587730023325237481
713867     9.08234692   48.25324249   16.81838608    8.72953129  -0.73   0.28 588017703481245934
713868     6.55176306   25.05087090    5.63037777    4.83805799  -0.58   0.07 587736541480157377
249114    16.49675751   67.23450470   11.18564796   11.75847912  -0.61  -0.02 587736542017028192
249115     2.92270994    4.18378210    0.37165499    0.32323399  -0.16   0.06 587736477588914535
713871     3.89095306    9.75034618    1.34709597    1.19140804  -0.40   0.05 587736542017028223
249116     3.77724910   12.55708981    2.67447901    1.63381505  -0.52   0.21 588017992303771916
241408    14.95523357   33.23816299    0.98914403    4.13921309  -0.35  -0.62 587736541480222746
713872     6.33504677   16.43432999    1.78995705    3.15139699  -0.41  -0.25 587736543090770146
730132    10.25856876  105.32810974   50.58459473   19.20976830  -1.01   0.42 587736543627641126
713873    21.16030502   56.19274902    4.00846004    9.71609402  -0.42  -0.38 588017990693224513
  9054     7.39891815   13.04930592    1.09899998    1.97272897  -0.25  -0.25 587736543627640870
713875     6.41806316   12.59769726    1.91519105    1.71562898  -0.29   0.05 588017703481311456
243966     6.47834492   23.69969749    4.38036489    4.42461109  -0.56   0.00 587730023862239383
715928     7.94459677   21.95329475    1.78610897    3.14019895  -0.44  -0.25 587730023862239398
240142     5.90630102   15.74926376    1.35106301    2.69143605  -0.43  -0.30 588017704555053185
713876    13.87624836   28.51173592    2.51000690    5.33812618  -0.31  -0.33 588017704018182222
249154     4.89687395   18.21333504    5.66057920    3.59702110  -0.57   0.20 588017704555053252
730134     2.10701203    8.72657490    4.64408207    2.59827995  -0.62   0.25 587736477052174683
713877    15.73594189   43.63585663    4.47140789    9.00927067  -0.44  -0.30 588017704018182445
243972     7.40647602   21.21802711    2.21437407    3.02604103  -0.46  -0.14 587730022251692261
713878     4.93389797   12.81033897    0.72514498    1.81517804  -0.41  -0.40 588017702407635200
713880     2.87344193    3.56254911    0.08435800    0.13392900  -0.09  -0.20 587736541480353932
241207     6.43447924   13.96395206    0.77363700    1.79416502  -0.34  -0.37 587730022251757618
243975     3.56162810    7.16549397    0.41427001    0.53056800  -0.30  -0.11 587730021714886710
249119     1.01803100   12.77958584    6.74346685    1.37052596  -1.10   0.69 588017702944571618
715929    11.25531292   39.15616608    6.32738495    6.06129694  -0.54   0.02 588017990156550255
240153     6.55104303   35.74681091   14.47729111    7.74174023  -0.74   0.27 588017704018313360
243978     6.35252523   16.39849091    2.50087905    1.81199002  -0.41   0.14 587730021714886853
249120     9.12670708  149.46362305  115.51972961   30.40572929  -1.21   0.58 588017991767097592
713885     1.65489399   72.98796844   85.12741089   14.82879829  -1.64   0.76 588017704018313247
713887     4.92582989    7.66581488    9.13351154    0.80225003  -0.19   1.06 587736478662787156
713888     5.46552992   54.42142868   35.24126053   12.12756920  -1.00   0.46 587736478125981838
713889     2.49053597   17.89138985    8.96566200    4.01137781  -0.86   0.35 588017702407766055
249121     3.59816694   58.81800842   39.91937256   11.77781296  -1.21   0.53 588017990693421119
713890     2.40557003    4.47351503    0.28299901    0.34167001  -0.27  -0.08 587736542017224819
715930     4.19501305    4.44104195    5.93706417    0.16350999  -0.02   1.56 587736540943548456
243891     4.49214888   14.20242119    1.54127598    1.89555001  -0.50  -0.09 588017990156615803
241924     2.21634102   15.38658047    5.69641399    1.94041896  -0.84   0.47 587736542017290280
249122     4.22391415   10.50559998    2.05515504    1.28486896  -0.40   0.20 587736543627837689
713892     1.32766998    5.30448103    3.52231598    0.05954200  -0.60   1.77 587736478126047320
713893     6.07643080   14.88643646    1.81140196    2.42937303  -0.39  -0.13 587736477589176533
713894     4.85044098   15.04479408    2.35868096    1.16196406  -0.49   0.31 587736543627902987
713895    10.82808590   27.07499695    2.07705903    4.93902016  -0.40  -0.38 587736478662852803
713896     5.22984982   12.60425377    0.85972899    2.03511190  -0.38  -0.37 588017704555249763
713897     7.43683481   25.48876762    3.28708005    4.38916922  -0.53  -0.13 587736479199723757
715931    23.87801552   55.31493378    3.61617494    8.82212925  -0.36  -0.39 587730023862436013
713898     4.37955189   11.85502148    0.87219101    1.70810699  -0.43  -0.29 587736542017290487
713899    13.63671398   13.30325127   24.74431992    1.02840304   0.01   1.38 588017702944702506
242106     5.00600815    8.95655346    2.36611104    1.47466803  -0.25   0.21 587736524835586182
713900     9.43926144   18.83702278    1.43594503    2.58357000  -0.30  -0.26 588017704018378962
713902    14.08482456   33.40499878    1.27942097    5.42496014  -0.38  -0.63 588017703481508109
243988     9.72135067   28.93286896    3.03661895    4.47902298  -0.47  -0.17 587730021715017878
713904     9.90820503   18.57219696    0.82788402    3.16225505  -0.27  -0.58 587736477589242017
713905     5.02206182   15.43451309    2.09855294    2.44388890  -0.49  -0.07 588017990693552356
713906     6.08477592   11.29881096    1.07572103    1.54091299  -0.27  -0.16 587736543627903189
715934     8.21605206   24.89338875    2.19415998    4.34267807  -0.48  -0.30 588017990156681459
249125     3.73709512   26.36035919   10.55975628    5.93333912  -0.85   0.25 587736543627968909
  9093     2.86077309    5.88868189    0.76044202    1.89507496  -0.31  -0.40 587736479199789261
713909    12.49436665   30.13453674    2.31773496    5.09119177  -0.38  -0.34 587736541480550563
715936     6.29372692    6.50765800    1.16732502    0.34336400  -0.01   0.53 587736525909328112
249126     3.78727388   23.16647720    9.69008732    4.59553194  -0.79   0.32 588017992304164992
713911     9.08888054   28.55019760    3.26195908    5.84067488  -0.50  -0.25 587736478662983719
713912    10.20223141   28.20481682    3.12318492    4.95248890  -0.44  -0.20 588017992304164998
713913     6.80059099   29.36506271    8.13125134    5.69574118  -0.64   0.15 588017702944768128
240174    28.78389931   58.93372345    2.45805407   10.92412090  -0.31  -0.65 588017992841035819
713914     3.67338300   21.05582809    8.28696632    3.63280511  -0.76   0.36 587736542017421349
713915     2.46269393   12.64020061    1.93113196    1.62011003  -0.71   0.08 587736477052436693
240176     3.57124591    6.26802397    0.48721501    0.54920799  -0.24  -0.05 588017991230488742
713916    13.57301903   44.71675491    8.48919678    7.73989105  -0.52   0.04 587736541480550660
243997     7.09299421   18.18460464    1.22446597    3.18979502  -0.41  -0.42 587730022252019873
713918    10.97013855   29.50892067    1.83242500    5.10750198  -0.43  -0.45 588017702407962755
242108     6.77086687   18.35581398    2.30187798    3.19281602  -0.43  -0.14 588017704018510017
713920     7.71600580   35.03637695    9.33973122    5.71614790  -0.66   0.21 588017704555380935
242023     6.10989380   32.26596451   10.06151867    6.35282087  -0.72   0.20 587736542554292510
713921     4.66975021   36.52725983   16.38305855    6.93581200  -0.89   0.37 587736542554292540
713922    23.90818214   74.35025024   15.54898643   15.14092445  -0.49   0.01 588017704555380804
244005     6.77386284   12.13228416    1.00573695    1.28238595  -0.25  -0.11 587736524298846452
249127     7.40254307   19.25195885    2.28643203    3.09485888  -0.42  -0.13 587736542017487005
713924    21.58865738   38.52846146    1.66901004    5.28402281  -0.25  -0.50 587736478126243862
713925     5.92827702   17.97787666    2.55076098    2.54658794  -0.48   0.00 588017703481704613
715940     7.07873106   26.84091187    5.25964022    5.67360401  -0.58  -0.03 587730023862632661
713927     4.96840715   20.03838921   10.55830383    4.63925123  -0.61   0.36 587736543628099682
713928     4.32093287   17.70345497    5.12963295    2.97114491  -0.61   0.24 587736541480681647
240190    11.52054310   42.00461197    9.93060303    8.31164837  -0.56   0.08 587736543628099691
713929    10.64430332   52.97555161   14.93987465    8.51301289  -0.70   0.24 588017704555446508
730135     1.19344401    8.73339081    3.65137601    0.75842601  -0.86   0.68 588017704018575715
713931    12.19268513   82.88146210   39.71792603   15.38236237  -0.83   0.41 587736543091228768
713932     2.66112494   10.79427624    2.43159008    1.91925299  -0.61   0.10 587736478663114900
713933     4.93196583   33.20022202   13.40998554    6.43141413  -0.83   0.32 588017702408093757
713934     2.29376292    9.89656830    2.87843299    1.45522594  -0.63   0.30 587736477589438645
  9111    14.58090973   35.27726746    1.10295999    4.93358994  -0.38  -0.65 587730023862698049
241082     8.92686462   47.28525162   12.55851078    8.84406757  -0.72   0.15 588017702944899318
244013    12.18726254   33.96793365    3.17560911    5.58239603  -0.45  -0.24 587736524298911964
713935     4.34293890    9.93321896    0.28289101    1.28118801  -0.36  -0.66 587736541480681763
713938     3.64396000    8.20609760    0.98479098    0.92601401  -0.35   0.03 588017704555511954
713939     2.75187492    9.61830235    3.99213910    1.55473399  -0.54   0.41 588017702944965002
713940     3.57003808    7.26678324    0.31709701    0.78290802  -0.31  -0.39 587736477589438691
730136     1.68831694   18.22459030    8.31008053    3.29823399  -1.03   0.40 587736541480747402
715952     5.23268080   13.23210335    1.11508095    0.80124199  -0.40   0.14 587736541480747250
244018     6.16767311   11.13991165    1.07980502    1.80984104  -0.26  -0.22 587736524835848376
244019     1.85600495   23.04627800   11.53393745    4.63911581  -1.09   0.40 588017704555512123
713941     4.83422995   13.22032738    2.18599200    2.33013892  -0.44  -0.03 588017991230685304
244022     9.29486275   42.39271545   13.94006729    8.00255203  -0.66   0.24 587730022252216507
713944     3.37282705    6.46752596    0.82154000    0.48927900  -0.28   0.23 587736541480812709
249128     5.79460001   16.77321815    1.13346100    2.94907999  -0.46  -0.42 588017991230685339
249129    11.18333054   28.16860962    2.47595000    4.40660000  -0.40  -0.25 587736542554489109
713945     4.39847279   25.19503021   10.39734745    5.49329185  -0.76   0.28 588017704018706661
715954     3.44215012   36.46496201   17.06512451    6.47891998  -1.03   0.42 587730023862763736
240211    11.04655170   28.56223679    2.17623901    5.35397291  -0.41  -0.39 588017704018706503
713946     3.22197199   23.45340729   13.99178410    5.63196802  -0.86   0.40 588017702945030168
713947     5.23198700   40.14431000   20.67148209    8.87624931  -0.88   0.37 587736478663245996
241199     5.19462776   12.58350754    0.90597600    2.40691304  -0.38  -0.42 587736541480812784
713948     6.32050514   13.53837872    0.82451802    1.78221703  -0.33  -0.33 587736477052698762
244025    11.94710827   78.26886749   27.60015869   15.08403492  -0.82   0.26 587736479200116814
713949    22.72635841  136.00746155   48.53555298   27.37065506  -0.78   0.25 587736542554554429
713950    12.29631138   15.95692253    2.66805100    1.69833601  -0.11   0.20 587736479200116923
244026    10.23115253   50.73418808   16.33827209    7.74430799  -0.70   0.32 587736479200116823
243889     6.64179420   28.80002213    7.05918789    5.61903191  -0.64   0.10 588017990157009143
713954     3.59108806    6.79715776    2.33302307    0.70956200  -0.28   0.52 587736543628296345
713955     1.63031006    1.80181503    1.37451506    0.93392199  -0.04   0.17 587736477052764425
249130     2.74589801   26.40188980   11.96394825    3.86778092  -0.98   0.49 588017703481901187
243887     2.72416902    6.72461700    0.72930199    0.87335098  -0.39  -0.08 588017990157074653
244029     8.00587654   14.08124733    1.46824300    1.94580901  -0.25  -0.12 587730022789152822
244030     4.81452417   15.19164371    2.18910193    3.29414392  -0.50  -0.18 587736542554620277
244031     3.36595011    8.24576855    2.37514210    2.37869596  -0.39   0.00 587736524835979479
243888     3.34630799    5.97117519    0.62059599    0.77289802  -0.25  -0.10 588017990157074681
713957    10.84047031   27.16892052    2.03959298    5.30330181  -0.40  -0.42 588017991230816355
713958     2.84650993    7.61945105    0.36763799    1.28945005  -0.43  -0.54 588017704555643087
713961    13.13283920    7.57930517    2.85840988    0.19450100   0.24   1.17 587736541480878358
713962    15.17356110   42.86000824    2.15261889    8.20934391  -0.45  -0.58 588017992304492758
244034     2.04224896   13.17497730    5.57067013    1.99506402  -0.81   0.45 587736525909721278
244035     3.94286394   62.28731918   41.38807297   12.05606937  -1.20   0.54 587736525909721275
244036     3.72426796   11.79223919    3.17352104    1.67137206  -0.50   0.28 587730022252347523
715955     9.62180138   29.63848877    2.67733598    5.05519390  -0.49  -0.28 588017990157074626
715956     9.54610062   35.10277176    5.80032682    6.14579582  -0.57  -0.03 587736541480943774
713964     5.81339216   14.92471027    1.37837803    2.44273305  -0.41  -0.25 587736543091490999
730139     5.38486195   19.45643044    4.26857805    2.92954612  -0.56   0.16 588017703482032539
244037     4.42310476   13.25152016    1.42501402    1.72820497  -0.48  -0.08 587730022252347552
730140     7.57219982   15.44255447    1.90434599    2.20104599  -0.31  -0.06 587736541480943791
244038     3.89585090    5.59029293    0.37959501    0.20892300  -0.16   0.26 587730022789218458
