#ra dec petroR90_r petroR50_r expAB_r petroMag_u petroMag_g petroMag_r petroMag_i petroMag_z lnLExp_r lnLDeV_r isoPhi_r objID
238634 208.20850517  7.25671456   14.703326  7.200826 0.879963 18.498325 17.138096 16.945097 16.800804 17.128527   -44.263687     -141.599274    147.916382 587736525370294579
238636 208.47555271  9.50460709    8.188243  4.122481 0.722503 19.160261 18.806608 18.964993 19.053112 19.461134    -2.980474      -11.586836    155.051788 588017991765262773 
238638 208.59614608  8.93238769    6.813035  2.869496 0.574125 20.653084 19.460409 19.038626 18.429493 18.582901    -0.135639       -3.631819    145.975708 587736542015390109 
238640 208.66739979  9.25239616   10.895321  4.788471 0.514188 19.205915 17.96497  17.59856  17.535835 17.523849    -1.615276      -91.460999    160.118591 587736542552260976
238643 208.99320742  8.9942973     1.987518  1.042657 0.167619 23.189604 24.868042 22.135382 21.635082 20.386917    -2.394935E-8    -2.532167E-7  58.988815 588017991228588256
230861 209.25574798 10.86735763   19.243515  8.968997 0.421627 17.242819 15.549537 15.079643 14.852095 14.892117  -583.977478    -4502.19775      80.347389 588017702943064277
232563 209.51458018 12.15076517    9.574545  3.71412  0.221353 17.953743 17.178709 16.721842 16.234209 16.421026 -1647.25647     -1020.86932      82.74543  588017704553742360 
232226 209.54232721  9.79490527    7.84136   2.99059  0.310943 17.848818 16.561853 15.93694  15.622207 15.361473 -1100.91101     -3034.0979       42.570366 588017992302592111
233921 209.55972645  8.27358099   15.223605  6.938096 0.355614 17.507296 16.122408 15.672724 15.340006 14.962642  -961.600037    -1704.85706      59.129398 587736541478977544
  8890 209.59306468  6.33909556   20.245981  7.385524 0.630947 15.930853 14.213545 13.437474 13.024493 12.827909    -2.350141E4     -1.933476E4   46.059814 587736524297207832 
243859 210.02085494  9.31148607    7.821205  3.976718 0.709532 19.929062 19.260384 18.923817 21.912266 29.152201    -2.29513       -21.628538    144.959457 588017991765918162
242402 210.04549959  9.90742497    9.349542  4.67064  0.590211 17.675383 16.32225  15.758001 15.468818 15.461084 -3401.61035     -4638.01611      98.800125 588017992302788788
230925 210.1293908   8.64981451   18.333794  7.222753 0.158397 17.192163 16.206755 15.915133 15.738004 15.817709  -992.493408    -2609.03345     161.304245 587736542016045176
  8927 210.29371718  7.48213009   23.76441  10.711631 0.360828 17.95232  15.379131 14.812549 14.522886 14.712573 -2475.16797     -6754.30566     170.698486 587736525908082793 
230964 210.52803226  9.05995691   17.581987  7.974505 0.890062 17.299057 15.993419 15.487232 15.242122 15.343053 -1033.68433     -2147.4436      110.302544 587736542553112615
243835 210.53381925 11.11739551    5.479972  3.693526 0.687909 21.419014 20.579723 19.418196 20.017641 18.953358    -3.986789      -29.804253     80.781219 588017703480459770       
249095 210.55333089  8.08562556    5.768465  1.979857 0.5653   22.297319 20.561272 20.460094 20.169262 19.927973    -0.315341       -0.489092     90.292854 588017990155567162 
249096 210.57314215  9.56483478   10.335671  4.715091 0.605024 19.174522 18.64361  18.247421 18.551163 18.449369    -4.186814      -30.877787     14.249728 587736543089983837
243837 210.59645685 11.51438122   10.979482  4.684083 0.637147 19.005255 18.252628 17.858656 17.995821 18.173937    -41.21204      -99.900734     87.581017 587736478124998762   
249098 210.60798327  9.91927551   10.812218  4.213192 0.388449 18.307486 17.585159 17.11211  16.806366 16.830355   -219.031235    -164.136551    147.2798   587736543626854562    
  8956 210.73208094  9.42067894   24.13682   8.623112 0.78681  15.916673 13.801009 12.971044 12.537066 12.332607     -4.192991E4 -2997.44409    9999        588017991766245381   
249099 210.73748667  7.09241826    8.948238  4.550088 0.561559 19.995916 18.773651 18.488235 18.259693 18.163134    -16.511999     -27.982683    153.636658 587736525371409074    
249100 210.74068834 10.62029872    1.033753  0.60118  0.89053  23.185522 21.541409 23.016403 23.00841  21.205591     -0.015891      -0.015891     14.691095 587736477051322663 
243819 210.76154581  8.76745697   15.769721  7.977992 0.844884 18.261572 16.346031 15.964873 15.944644 16.936079   -557.419495   -1354.27502     114.967056 58773654201630729 
243820 210.82821951  8.78825958    5.581734  2.577578 0.374234 20.060965 19.026627 18.543148 18.40752  17.637541    -41.649452    -138.648346    163.303482 587736542016372907 
  8973 210.91041486 11.38877522   19.514204  9.054879 0.521822 17.250362 15.112528 14.556682 14.230203 14.39369   -2979.11743       -1.223402E4  134.354767 587736478125129868    
  9001 211.22326921 10.80098034   23.415356  7.571558 0.425776 16.585516 15.313644 14.8543   14.530992 14.542035     -1.32645E4     -1.285334E4  101.29203  588017702943916043     
243829 211.22968343  9.69469319    7.627186  3.867471 0.564829 19.412657 18.129066 17.910143 17.92865  18.761429    -14.662288    -176.248474     61.473457 588017992303313231 
243826 211.3346177  10.41073934    7.526161  3.775402 0.73821  17.979979 17.221596 17.160488 17.243963 16.820293   -154.666534    -708.338867    178.094986 587736477051584650
240077 211.40048597  8.91498054   19.383728  9.599078 0.929021 17.044945 15.531094 15.144778 14.979603 15.039432   -782.88916    -3029.70142       8.037092 588017991229636756  
243846 211.57103048 11.78650058   10.882247  4.056631 0.592115 18.262117 17.464767 17.225294 17.00349  17.084171   -114.969902    -427.50827      60.772587 587736478662262927    
249108 211.65764814  6.1493076     9.016309  4.487621 0.854481 19.066206 18.377758 17.952629 17.909182 17.891678     -6.021093     -73.33506     134.107224 587736524298125724
249109 211.77663039  8.98952363    8.695906  4.373359 0.345549 21.369551 19.47764  19.144764 19.387093 21.863071     -0.577889      -3.26845     145.217285 587736542553637532
249110 211.82130615  6.56983693   14.39433   6.760402 0.894632 18.403097 17.51231  17.104027 17.292955 17.180313   -213.029266    -223.095474    131.087891 587736524834996541     
249111 211.8605309   7.09905173   16.319275  8.750566 0.649957 18.158085 16.365591 15.845083 15.712255 16.204885   -541.32196    -1381.73279     130.942856 587736525371867429
249113 212.14545605  8.24468289    6.239594  2.465354 0.692972 19.281246 18.346649 17.938103 17.731966 17.388062    -18.962746    -114.569107     44.72319  587736541480091790
240140 212.5168967  10.16528291   15.912233  6.145535 0.71784  16.539581 15.197907 14.627824 14.344243 14.174917     -1.677913E4 -6056.1582       85.762947 588017702407635059    
249118 212.63544643  8.59496936    9.106651  4.490411 0.507324 22.671177 19.396872 19.472807 19.036684 19.480101     -6.674084      -6.039973    177.449677 587736542017159483
  9072 212.73895834  6.36485387   25.813263 10.982462 0.58813  15.296391 13.635898 12.949188 12.565229 12.351926     -1.989921E4    -2.217742E4   75.863213 587730022251757617
240155 212.89131101  8.35679498   14.120416  6.301237 0.743884 16.358673 15.29751  14.958536 14.733025 14.651129   -884.552002   -8006.92187     160.81395  588017990693421247 
243982 213.01326059  5.85837548   12.255931  5.605609 0.786944 18.75703  17.543404 17.284073 17.339806 16.974661    -34.261913    -167.363831    174.215775 587730021715018016
249123 213.09448685  8.42642175    8.086805  2.468471 0.670631 19.313339 18.148844 17.566027 17.616026 18.222256   -382.739929    -179.849197    123.830482 587736542017355851
249124 213.13837131  6.45167062    9.31065   4.309767 0.90872  17.359062 16.129871 15.620531 15.311397 15.187448  -2497.18726    -3778.56006      19.684521 587736524835586276
240179 213.28426993  8.61888243   13.005006  6.236145 0.874596 16.976122 15.75099  15.36658  15.127046 15.091779  -1120.02429    -3727.12842     154.633774 588017991230488589
240183 213.36393303  8.98082956   19.731001  9.065328 0.279468 16.341543 15.095447 14.655367 14.372752 14.480164   -811.774231   -6276.50146     153.52684  587736542554292517
241967 213.44050578  8.21869566   17.887388  5.913437 0.681968 16.575556 14.691867 13.992429 13.647994 13.640655     -2.577123E4    -1.243522E4   69.472122 588017990693683251
243890 213.46985795  7.82589881    9.289508  3.592244 0.209066 18.555109 17.453171 17.12487  16.916885 16.922508    -82.303467    -584.252869     27.38085  588017990156812442 
243830 213.68145162 10.07365421    8.059627  4.453093 0.51338  28.460571 20.488586 19.47229  30.381971 27.993496     -1.071185      -3.483228    109.908257 588017702408094165
