# RA                   DEC                  Z            
  194.9535793158673    30.882570458088832   0.05443044   
  194.5087146968868    30.900541652471393   0.051747657  
  194.57756737582255   30.537970306653055   0.02522906   
  194.56131002541804   30.98853292031392    0.051800024  
  194.2207693513402    30.750552714976532   0.051216993  
  194.3126875026328    30.737949050697964   0.05316092   
  194.2411483357499    30.716050973581204   0.02421952   
  194.22795731128687   30.676451184391507   0.024086582  
  194.2736996250409    30.665081241324483   0.024536883  
  194.14587676796452   30.768987853172938   0.026065852  
  194.19745130257127   30.659498274411376   0.051583502  
  194.1148946230601    30.433312285857085   0.025309322  
  194.20714601945983   30.72898836952185    0.051875483  
  193.97266923489403   30.93498943203965    0.024635272  
  193.99524058335288   30.363674462911177   0.05120345   
  193.99570970320318   30.630786214725767   0.050828252  
  193.74105028186045   30.70812245678074    0.026304133  
  193.7807849565566    30.512715748804712   0.021397475  
  193.61520228653092   30.592798190175618   0.052510455  
  193.3956556034009    30.985051014816218   0.029630749  
  197.74235568954018   28.518918040199765   0.024458608  
  197.69425712581258   28.642170739984326   0.02608265   
  197.89860690731973   29.06299550278332    0.02425793   
  197.4407904819847    28.62114361676198    0.022616103  
  197.32667187821923   28.212645073767067   0.024489881  
  197.4869505167732    28.55815492440341    0.023039933  
  197.33962276490644   28.311585486164724   0.020094763  
  197.34760269192086   28.28144954715849    0.020850476  
  197.30141272259172   28.467637066699986   0.025469514  
  197.35977505770538   28.415828602106206   0.020648153  
  197.5345502446218    28.28990542855076    0.023355082  
  197.28046711674605   28.668442427347134   0.018734839  
  197.2732388787373    28.49086304941528    0.025776135  
  197.4672589894747    28.382508082323533   0.023669902  
  197.69818579298453   28.995239646070658   0.025009546  
  197.4478728357567    28.906948678329506   0.018647598  
  197.37762411142813   28.985977060056637   0.020647492  
  197.49957808923062   28.8151073874584     0.025546359  
  197.60196033875914   28.967602525179945   0.023712458  
  197.46545073018623   28.90037345624546    0.02579406   
  197.06217680899505   28.735411554353636   0.038918816  
  197.229472100098     29.040760372322808   0.03137925   
  197.297771210554     28.776484823459075   0.0212253    
  197.21351907062743   29.169805558810076   0.026202066  
  197.2874351031276    28.892508652314486   0.024769098  
  196.9912178901669    28.710624710376344   0.025235312  
  196.91653383448266   28.828791531320466   0.026029015  
  197.0165926299483    28.998336904898373   0.02412199   
  197.06316923762725   29.023003216788634   0.020506287  
  196.94951903106647   29.153096729094322   0.023241386  
  197.00992582647646   28.251402992904968   0.02508522   
  196.9079794768469    28.325828815914775   0.022555288  
  196.97316166201543   28.383183329386444   0.021420503  
  197.21483721338632   28.629290705453844   0.022725565  
  197.2347471344703    28.402555608272134   0.034570146  
  197.11496171797575   28.350666119320476   0.023795368  
  196.63812134537122   29.18407551749086    0.031283975  
  196.69742501637708   28.84904570924171    0.015836759  
  196.66901958592229   28.929967754158678   0.025247296  
  196.6746218876117    28.90683522565025    0.025748668  
  196.69546970388296   29.130709338823873   0.026438147  
  196.6662662194861    28.51749510902564    0.026168218  
  196.6550459833966    28.337583802758502   0.021697912  
  196.78423189938195   28.633303221580707   0.039283823  
  196.81734331180624   28.283920624597854   0.024803312  
  196.72899379605587   28.548037941329834   0.020890921  
  196.67886940127275   28.4890982951771     0.049701698  
  196.80863874314954   28.25825488854187    0.021369971  
  196.24327364188525   29.1222327784251     0.01974487   
  196.56292660677167   28.71220519058248    0.019652205  
  196.24322745783473   29.194611757616393   0.019027838  
  196.55952780639805   29.060672332707703   0.023470113  
  196.5894185274574    29.1701084424346     0.024293037  
  196.44612492659124   29.095429360082168   0.050769035  
  196.33157064836954   29.19742981599619    0.027042909  
  196.16220149181288   29.224939287620813   0.019239945  
  196.1306357429635    28.301864984122254   0.026260657  
  195.93683743047626   28.545915987702667   0.025799494  
  196.06586957306058   28.54534817706824    0.02785682   
  196.61016560933584   28.364845672483757   0.03920573   
  196.2053870577173    28.66118910678421    0.026194936  
  196.12210815737888   28.98764547987534    0.024059998  
  195.9258821982004    28.905521024607914   0.022318834  
  196.16182442523936   28.972598618191956   0.02531674   
  196.15442977291218   29.146694784855974   0.019370886  
  196.04261613544298   29.01542798540108    0.022101428  
  195.8071412089289    29.722828549539408   0.033877052  
  196.2871905607832    29.881028310017367   0.023100525  
  196.7876170466339    30.338462952152977   0.050956372  
  196.6738393325352    30.359636634467638   0.050853055  
  196.46251609228622   29.809986271147487   0.023627777  
  196.34869965957841   29.513123957815107   0.020138498  
  196.56346664251294   29.366147442282518   0.024470488  
  196.3929026413032    29.65321322290221    0.021930343  
  196.5012839725844    29.466264767439668   0.050939254  
  196.68757075820875   29.37161155625378    0.02643286   
  196.4522286139723    29.604810411874677   0.05110989   
  196.41074377156437   29.35025459890081    0.023945682  
  197.4528584045856    30.429549566584495   0.05059549   
  197.52958051563655   30.015585216826796   0.035412546  
  197.5114708343532    30.043364188663357   0.035184532  
  197.48281171883292   30.422037643668435   0.05062812   
  196.9067960457276    29.92680255938837    0.02536382   
  196.78624127379      29.83780581220804    0.054629654  
  196.8457888045755    29.401185407140236   0.017487463  
  196.86857909860393   29.91835478236082    0.054573342  
  197.59647024922864   30.092776335478007   0.038373094  
  197.08220869558883   29.88949730609082    0.035102654  
  197.10985722261137   29.754499078484905   0.023007775  
  197.28034566989652   29.83098809181378    0.02310635   
  197.31703545299092   29.36766159999182    0.02094011   
  197.70705935635723   29.748237201441984   0.052831497  
  197.82575207444526   29.794053427647828   0.024244718  
  197.69852216405502   29.709914149381355   0.021200309  
  197.75647587211665   29.636674835955134   0.023516024  
  197.75713851021823   29.578355696021667   0.024258977  
  197.85872219896925   30.61965166655939    0.020680781  
  197.82377497913942   30.488454368506048   0.028245112  
  197.85392561155746   30.598902047449176   0.02821096   
  197.7691188411225    30.482916950229924   0.020991508  
  196.52162856539587   28.787425489136112   0.023065766  
  196.52295946129806   28.59295820367896    0.026441809  
  196.3141030803393    28.626430507115906   0.021913664  
  196.27769549114186   28.641178519812136   0.018165914  
  196.14899972704393   28.627757249196133   0.02236626   
  196.38724826541755   29.0117412520312     0.017500794  
  196.52687296525156   28.701744276347256   0.018546607  
  196.43824095187762   28.86980344377447    0.026550714  
  196.5720762110036    29.063197267092125   0.023380985  
  196.23644767976248   29.092491276987953   0.019915903  
  196.26058669901377   28.738999742506902   0.027906578  
  195.790982025561     28.489581066427583   0.017981451  
  195.97683007134515   28.310609321085778   0.026751187  
  196.32317448545584   28.58278245556659    0.026211888  
  195.8664044121529    28.56416781228452    0.015892921  
  195.79060383191205   28.583518944192      0.022829643  
  196.05464780456586   28.54239860210436    0.027067527  
  195.8325049599648    28.617264771373815   0.01988279   
  196.011367441454     28.309118265792094   0.00247526   
  195.6068520632685    28.85805487571579    0.022335788  
  195.58091339362403   28.95265603927522    0.03465652   
  195.88930253091178   29.06048679109617    0.025151782  
  195.84412039262597   28.79652067636396    0.026342105  
  195.6480888500378    28.745175057393418   0.020395836  
  195.59510762609497   29.14955462138955    0.0494033    
  195.66142321494084   29.07575858818869    0.022334648  
  196.07468408337527   29.029533489469465   0.022766266  
  195.5237901286287    29.112443508543404   0.049214087  
  195.53609484156942   28.387081220061724   0.025266785  
  195.54646984838928   28.45655785808569    0.020483015  
  195.71354206579403   28.482443355182593   0.023570344  
  195.73884032070228   28.37559853056249    0.02951606   
  195.44933496729828   28.660176324582558   0.02872291   
  195.658993594896     28.501948877410587   0.019217974  
  195.5596507203881    28.3526517354734     0.02884664   
  195.6331699722639    28.439334024839482   0.01990046   
  195.3612048213419    28.435871923291298   0.0192207    
  195.44394280445877   29.075824753327765   0.023110596  
  195.51843235141902   28.89458376134914    0.027055651  
  195.4972518949058    28.709500233055962   0.020232033  
  195.43329154129503   28.999551661635074   0.021423982  
  195.35450929382225   28.67723407546042    0.029152328  
  195.4305304041086    29.17834624840564    0.023442345  
  195.51393755109956   29.15049380289843    0.026901018  
  195.39001602892512   29.130588809491908   0.024531472  
  195.08281196216595   28.43919125542324    0.023693373  
  195.0946249367705    28.574471203081497   0.021585925  
  195.1548318606865    28.6641360352021     0.023603633  
  195.21701371278124   28.36612888445047    0.025476653  
  195.31224855882527   28.521749718425124   0.028133014  
  195.19838481719583   29.067169460876723   0.024987683  
  195.31564810916058   28.87215801964754    0.023780288  
  195.10685903320686   28.867806422473407   0.022579718  
  195.13000559707592   28.95055658352188    0.02327358   
  195.1648014725221    29.019405052647958   0.024245847  
  195.19846000600822   29.20078560802086    0.031009259  
  195.25128864906964   28.792160110261563   0.026597317  
  194.9129730656331    28.89551686766379    0.020393629  
  194.91577346058114   28.926569187211044   0.02009263   
  194.7856892367877    28.72825168792887    0.023667144  
  195.05835682959997   28.828147459209397   0.024474472  
  194.68007868304625   28.910040438455702   0.02783409   
  194.62609682479393   28.8588204310886     0.026646996  
  194.7762977487667    28.811801620855352   0.003333547  
  194.83762959561219   28.441499742506608   0.021894345  
  194.84648163581966   28.488697174028957   0.023346301  
  194.8247135504567    28.62396854753487    0.034704193  
  195.0592569124174    28.458102322150662   0.026102593  
  195.00766415498833   28.434813075913677   0.02699485   
  194.73377506081877   28.463663846007908   0.019721247  
  194.89864549210347   28.551382443558253   0.025299026  
  195.01834826985458   28.603512597737918   0.022742938  
  194.8754945688945    28.700134465628228   0.023682466  
  194.92209571926801   28.507196862080377   0.027481228  
  194.43224660232755   29.003169079117075   0.023080364  
  194.2567414715065    29.062612361164295   0.0250272    
  194.27917591941284   28.958341341052186   0.027479434  
  194.52342223910523   29.017347805865448   0.02567655   
  194.44029551085154   29.129976558358024   0.02491663   
  194.5286529855408    29.034607284882696   0.024243483  
  194.44599143007883   29.149510026067105   0.023856679  
  194.43378894416415   29.020384608671858   0.02642079   
  194.36456660631646   28.439670895776963   0.025927082  
  194.53843817495937   28.70859131681945    0.025368385  
  194.3831274861758    28.476922493256094   0.022567658  
  194.35439986703653   28.49583291096443    0.02394781   
  194.7039561453357    28.54000788466224    0.02096941   
  194.58062967829633   28.698472335286688   0.019304689  
  194.562778757498     28.521777558380595   0.023038724  
  194.11965898240345   29.13708960258096    0.03163352   
  194.08444542318873   29.300120806971538   0.022132916  
  194.09079017946152   28.486904118364546   0.022009345  
  194.2357487221153    28.62337073250362    0.021856735  
  194.32385676268055   28.438845272053264   0.023042226  
  194.157455384818     28.703319613158115   0.03466807   
  193.46459297479763   28.979382523590886   0.026525052  
  193.73090180210912   29.012386733368878   0.021389518  
  193.85222563433643   28.571226457226956   0.025647912  
  193.84405396037383   28.467898564538586   0.023418276  
  193.93462029958803   28.754655181309207   0.027473876  
  193.62319036285908   28.77886966591907    0.04363027   
  193.51023849640185   28.72301225694755    0.043840285  
  193.86012541123506   29.532533727619747   0.021538112  
  193.79526825790938   29.578255879511598   0.02487822   
  194.0599141979075    30.200058858609378   0.024996845  
  193.98839999511264   29.92764106150026    0.049471334  
  194.14613546777835   29.747313471484325   0.024104616  
  194.07706363262153   29.807788189755414   0.023371268  
  194.04829239441014   29.39823006473349    0.024101533  
  194.10191271068942   29.80490818451597    0.025915854  
  194.59667265946342   30.14307346158288    0.025823867  
  194.2133872437281    29.378187890271615   0.02384583   
  194.8450616347065    29.887862635692315   0.024695063  
  194.86597980487338   29.820255362895704   0.04452681   
  195.04468101503033   29.466503055352455   0.022920314  
  194.6122143789245    29.612487331946753   0.019469444  
  195.02734316820172   29.462648847337903   0.021774914  
  195.06521598636485   29.483107215832003   0.008221975  
  195.29986254543604   29.66407313300258    0.023886876  
  195.35527130770004   29.313755811577      0.023397245  
  194.9411234114628    29.896310347595072   0.021763442  
  195.00540968225596   29.900067974426456   0.024390493  
  194.91842151204204   30.247003552414885   0.025421439  
  195.60151815043042   29.451572474138672   0.026012603  
  195.5041991664141    29.510279765405112   0.04797958   
  195.6158149186266    29.487582102261285   0.0235679    
  195.51749411977582   29.253450600390078   0.024315327  
  195.48263989840493   29.322790182788193   0.023731727  
  195.67782573338042   29.75022820833415    0.008346917  
  195.46356181878002   30.515106240365043   0.053818215  
  195.43284416241482   29.926829373099753   0.030712318  
  196.19973785465757   29.614904267744958   0.01988913   
  196.31856628644977   29.587642636868143   0.023689948  
  196.55670314222783   29.14150365551867    0.02323632   
  196.0778105946314    30.284232357565422   0.03299642   
  195.92388832787407   29.81835242434904    0.023415275  
  195.64970840213283   30.192452425361772   0.04418736   
  195.86563085718248   29.93154883023238    0.05494874   
  197.61615143449953   30.7400852039776     0.02811448   
  197.40858850196113   30.497516863591343   0.024526684  
  197.34062812930196   30.92283302271113    0.016831636  
  196.78731258106828   30.393240224115534   0.022879222  
  197.25829009119136   30.363601489860212   0.051554855  
  197.13659629628907   30.747935717084307   0.023498084  
  196.40101806695975   30.79050341628453    0.022209164  
  196.60473464005574   30.999779132274515   0.042896476  
  196.243315328684     30.50753282305152    0.035735387  
  196.1117377556427    30.418109197629466   0.033148818  
  195.76663921909872   30.899817139225238   0.053191092  
  195.2370465533757    30.726105028762458   0.053702854  
  195.00515774320365   30.847290046580525   0.054195672  
  195.0876759634989    30.999148132426054   0.05213508   
  197.95011007265705   30.97257208332149    0.024796963  
  192.89756840120583   26.628932685807776   0.021295     
  193.09594750198718   26.645261243518302   0.044861197  
  193.15120054675066   26.749882974589806   0.026263572  
  192.9846205123586    27.088412025981324   0.026512478  
  193.07383257845711   27.08555427273713    0.02098187   
  193.0493624684867    26.87479212713416    0.020611348  
  193.01145180342002   27.166095901520087   0.025152354  
  193.02863300032445   27.026351626629822   0.021350514  
  192.9648522487822    27.2556528334864     0.022758916  
  193.15479094949998   27.32514306132991    0.026355308  
  193.07260093282775   27.158192112435717   0.021305997  
  193.28155186306597   27.038171552797177   0.025469143  
  192.01286112439388   26.633153179784216   0.02191254   
  192.137300088479     26.115473981715137   0.021353353  
  192.1752979398259    26.417288748309765   0.023028355  
  192.22165584932802   26.659732291017182   0.04475215   
  192.6108261980098    26.708953763068255   0.018698543  
  192.9373034737602    27.018330697018172   0.021346563  
  192.5843837285798    26.749907070352982   0.023687022  
  192.61092359754664   26.735285249243      0.019413717  
  192.8886218165638    26.76981587435659    0.04564369   
  192.59425340156034   27.175352425881545   0.02335727   
  192.96267736589203   27.118359924264478   0.027478008  
  192.63733247937296   27.32053818738636    0.02669881   
  192.9082026689037    27.310638983769206   0.023518644  
  192.39726683520723   27.1976168160624     0.020845702  
  192.35644801116345   26.786447090283755   0.045266382  
  192.3655065696092    27.267652453668404   0.02659368   
  192.55609203131567   26.77608001473683    0.023638437  
  192.4958222616949    27.15266127982966    0.026182972  
  192.56444737615269   27.06029560248767    0.022207946  
  192.1953394104374    26.74864312521059    0.04516598   
  192.10030166944685   26.857900982023892   0.024686284  
  192.26047897444118   26.89312139889631    0.024590865  
  192.34329345832262   26.7439542813867     0.024039581  
  192.16623653303867   26.8704392267507     0.020222476  
  192.2563068376334    27.17921020028038    0.019947803  
  192.01131885579468   27.27846875751036    0.02610629   
  192.0387406176224    26.939206297203082   0.022977835  
  192.2435273770267    27.83583608578686    0.025742589  
  192.26484457329022   27.650988129136188   0.04920459   
  192.15392865753884   27.36638829424939    0.026633246  
  192.43485913530634   27.669619352548153   0.025385335  
  192.4845435502323    27.492563135632743   0.04082446   
  192.28165980264902   27.79728758736433    0.02093829   
  192.43624742650286   27.591686484469903   0.022791864  
  192.29923541772976   27.385080696726167   0.02087023   
  192.2868327235536    27.368763902620024   0.02199321   
  192.44543481537914   27.640759356025416   0.023514519  
  192.54631120717076   27.369813311068317   0.025802026  
  192.10359084155522   28.306839754825734   0.022788633  
  192.84164811381558   27.4437876897631     0.04070023   
  192.96000534810798   27.360819967505865   0.021516187  
  192.6543768718693    27.48299667783198    0.022139877  
  192.5613492688835    27.472196115454654   0.046222895  
  192.56744173234765   27.379989474256092   0.02233187   
  192.77340553418088   27.804901922056573   0.033058338  
  192.85902723736808   27.421263890036172   0.024397535  
  192.9324466181548    27.96282273291325    0.023087824  
  192.8138530003914    27.562416587766656   0.026427608  
  192.58661647201595   27.937157744703644   0.023254255  
  192.85718443677806   28.120948119750164   0.02428199   
  193.02274062878547   27.596261255615225   0.026730975  
  193.20376027979592   27.40183741913798    0.025779508  
  193.19282664718494   27.90681277536443    0.018951993  
  193.03748373904352   27.477281665749285   0.019490032  
  193.23632024865708   28.812025012689656   0.020611828  
  193.45499443491528   28.942726314910647   0.023666687  
  193.34363760923875   29.547324665494344   0.046516053  
  193.5103213174735    29.60364211211626    0.021060951  
  193.45252453208167   29.588377027848114   0.046304382  
  193.4966490245827    29.78864021076019    0.007012613  
  193.1743923840579    28.959527480673525   0.03267687   
  193.334974808422     29.599560180251952   0.04669914   
  192.7572246839686    28.927972812505953   0.021429786  
  192.78712964761394   28.788038405401583   0.015849551  
  192.85689268003082   28.720305468149004   0.024160074  
  193.02108127954108   29.288136121932435   0.021943118  
  192.8549864054277    29.284830071480542   0.046103045  
  193.0480357301319    29.641269062528185   0.04560334   
  192.63497548571812   28.750102242982248   0.04912118   
  192.68265084706917   28.564019037615473   0.034074258  
  192.77738550600404   29.196784191951796   0.022087952  
  192.54134402343826   29.676203044765522   0.023772763  
  192.17826290635065   29.239212910311664   0.023280326  
  192.20620711699667   29.424254823840165   0.022620775  
  192.15994812591865   29.190357260442177   0.023794126  
  192.12596732582875   29.260176570164102   0.024976335  
  192.4219101205466    28.844815312288414   0.021778211  
  192.1456314360403    28.84680607565661    0.022426302  
  192.31547424587365   28.497586368884086   0.024407951  
  192.21340585621476   28.968047217850106   0.035067387  
  192.265367977893     30.926505792939896   0.027093818  
  192.4036028228431    30.84550583176631    0.026939966  
  192.19553994021268   30.98213704286367    0.027148375  
  192.19334597356354   30.88881061157523    0.029227639  
  192.10371168990025   30.710364112232277   0.027015176  
  192.63093724718092   30.84685644028423    0.030750163  
  192.22994121797322   30.199815169084506   0.050564613  
  192.24843938104902   30.100989662852903   0.045039114  
  192.36591512416462   30.409695310342762   0.052699342  
  192.4075317728311    30.20760365109151    0.050603323  
  193.09675057127188   30.85170327818676    0.052272163  
  192.84804935275466   30.373223128873406   0.050830726  
  193.37922507340298   30.723741687625825   0.026515897  
  193.15324237990907   30.416809111477303   0.023089875  
  193.1064846012679    30.331819848102693   0.050554406  
  193.4891356387899    30.587698989771905   0.050539844  
  193.24267306612813   30.1520483932882     0.024359647  
  194.7926229088369    26.72045321641818    0.024459636  
  195.07423840768817   27.387500486128907   0.036784135  
  195.01469893112127   26.898111315806535   0.01976376   
  194.97640238517718   26.819973929910383   0.026740992  
  195.0191214434195    27.032426871417567   0.023209896  
  195.00500058184414   26.956048962186575   0.023915935  
  195.2080151335182    27.405774388382504   0.021982247  
  195.0261956918802    27.300729479309837   0.02625441   
  195.04670099866271   27.46008492823166    0.022822697  
  194.24889736553695   26.361604992071012   0.045443337  
  194.2700699957603    26.302510402523737   0.02182301   
  194.41940539316036   26.205273247425275   0.020261029  
  194.33324129897215   26.432285115331254   0.023913108  
  194.3615822966773    26.69391541042939    0.02427941   
  194.82619230592138   26.88982852952262    0.018254004  
  194.65534355678207   27.17655326716176    0.025568087  
  194.93697708019565   26.95480842089798    0.034246296  
  194.80710806088118   27.402543018138996   0.01886249   
  194.76936806229162   26.95818640964831    0.027000722  
  194.77631429964063   27.493641075229185   0.0272337    
  194.81836914532394   27.15808339453673    0.022321448  
  194.8345900730161    27.4352349419437     0.025671337  
  193.9029083576924    26.564439345080707   0.021030871  
  194.00729566509253   26.756633314782906   0.019176701  
  193.90597476029996   26.642111474988326   0.021816924  
  194.12047687088287   26.543460641917196   0.025776029  
  194.08538609407393   26.704038346043546   0.021970589  
  194.191472391673     26.419619277930437   0.04503863   
  194.07749307741685   26.358912494824988   0.021424316  
  194.573628205904     27.13650966510614    0.03964745   
  194.48073788553145   27.232012813356484   0.021617439  
  194.48608982834492   27.037492226222547   0.024718415  
  194.48548090325048   27.38230171922831    0.017385345  
  194.62849986449243   26.994941830666896   0.024862265  
  194.61288059973043   27.023461200292388   0.025156748  
  194.65150086991537   27.10415782267404    0.026491579  
  194.4765067944888    27.49063908762777    0.016611086  
  194.50650074884712   27.48967423141127    0.025430614  
  193.70875961584065   26.324897645925844   0.022581162  
  193.81206674206203   26.250052910140763   0.021666894  
  193.8352164778444    26.79989234915182    0.022766598  
  193.6475798713943    26.7508927446682     0.026757794  
  193.85851456471087   26.41555527342211    0.04536274   
  194.3455608385655    26.98772519843019    0.027840478  
  194.2892384782632    27.466392404953947   0.024850233  
  194.32730119988824   26.979577699642146   0.02434756   
  194.30870085899502   27.253712601683176   0.017479062  
  194.4005418806883    27.484816929019743   0.024130538  
  194.35148596803882   27.497816747299993   0.024478436  
  194.29482333687528   27.404916394360534   0.020677704  
  194.4406055196716    27.429328846262163   0.027809648  
  194.21321332740445   26.89888550769629    0.020752702  
  194.09899841318185   27.233962908675267   0.02018797   
  194.01655701893122   27.1504478739955     0.024501642  
  194.1335112911295    27.055579254312534   0.02041028   
  194.12139194363922   26.957003599659977   0.023498205  
  194.1191302651396    27.29124567906403    0.02507102   
  194.2819387658423    27.34056559544392    0.024335483  
  194.19757623372806   27.2922389780101     0.026169436  
  194.19904782937445   27.420989236398714   0.025917768  
  194.06094672310226   27.506321126894267   0.024784192  
  194.18133877933496   27.17881207106265    0.025310293  
  193.8623568768529    27.422514077331236   0.023961237  
  193.8366436827923    27.149688183505095   0.020899689  
  193.9039150866918    26.911628653584508   0.019779634  
  193.6734077219957    27.04145506532947    0.023645626  
  194.00838229505212   26.9207933755577     0.018992959  
  193.9574053443256    27.08888362305275    0.022806315  
  193.7534867462058    27.48338022401852    0.023214879  
  193.687420364409     27.41109588870798    0.025768682  
  193.9220772939886    27.25074777963711    0.023651114  
  193.47405851292402   26.684023894218395   0.017872259  
  193.34034131524442   26.361412713118174   0.01931872   
  193.523007062963     27.06860471591513    0.025213584  
  193.60308787551244   27.36398808764401    0.026080132  
  193.4395170329691    27.24960455297892    0.022991274  
  193.34633495190297   27.03346660285801    0.023462376  
  193.52494868402673   27.018934155432607   0.028405363  
  193.65433606509956   27.317512536221223   0.024972994  
  193.34781452192573   27.513005214641527   0.023818891  
  193.4451169731618    27.487509276546263   0.016936274  
  193.59285071086165   27.084168282775195   0.028163625  
  193.00151994122274   26.159160659878495   0.020590598  
  193.1780646268095    26.6314286566046     0.045369964  
  193.17117991559786   26.365822306701105   0.020470751  
  193.18360614634162   26.47038931301823    0.021294197  
  193.2459942815818    26.720385741813505   0.02713395   
  193.23469400193727   26.594675691720465   0.02428749   
  193.02296295185866   26.198616702952616   0.026191197  
  193.26316054732558   26.4765429554734     0.025673918  
  193.3233594475896    26.339241859386934   0.023092112  
  192.98138185073702   26.782891642212487   0.02025867   
  192.63191381091028   27.314026960215248   0.02669728   
  192.65641937753702   27.424838836815542   0.040973857  
  192.58301257410034   27.32396970103217    0.025505451  
  192.74978260184736   26.9247559187519     0.04533643   
  192.78160814645202   27.32034813482042    0.020845931  
  192.78845542108476   27.406786339451948   0.022813955  
  192.93574732497714   26.11111856351261    0.004081972  
  192.79359519146763   26.794601669028044   0.04546675   
  192.7639577900023    26.445726186842066   0.019992562  
  192.97924726862877   26.558296904386097   0.026519362  
  192.74719792726586   26.797274040404876   0.04498159   
  192.44110468550448   27.369067968733116   0.0228504    
  192.24775459806818   27.375824825266236   0.020917425  
  192.42622444681422   26.89200483422246    0.022851024  
  192.73950769130832   27.98059723625925    0.04932268   
  192.49114356452895   27.82241805879345    0.02307437   
  193.29790647058897   27.83779787810435    0.023122162  
  193.2108947282854    27.74588560592764    0.020037228  
  193.48072795606373   28.39387566741294    0.024703907  
  193.4747062504932    28.186628801474953   0.025636742  
  193.6373291398198    28.37679626501213    0.02335791   
  193.54159496387467   28.09250432574597    0.021044604  
  193.28128007143656   28.24142226131844    0.023439238  
  193.223301626145     28.37126303485264    0.023580214  
  193.32847662859422   28.212084083603436   0.02051797   
  193.30255444140593   28.00396297138895    0.02005155   
  193.65598095011268   27.692004804553356   0.028161347  
  193.80779480229555   27.70888243600865    0.0222654    
  193.63825806276515   27.63278005977073    0.024389165  
  193.40784429109658   27.784320781666548   0.017083779  
  194.01498110266562   28.434776571211536   0.022773592  
  193.81568429024443   28.25200205907575    0.02108984   
  193.74067959499513   28.308420613473462   0.021050714  
  193.72369097393437   28.41699896326599    0.024612255  
  193.73652829585944   28.126277824240635   0.021027543  
  194.01142691949585   28.04798855165842    0.024677314  
  193.9493101626771    28.25609862652536    0.027009327  
  193.9934030122432    28.407355950161772   0.020029742  
  193.73165521198786   28.066867906194386   0.02102565   
  193.67444772012317   28.045984961654042   0.025566623  
  193.86582363188026   27.656100888723216   0.023409259  
  193.98942759992562   27.90491471112882    0.021932194  
  193.9989847948047    27.955090048649954   0.027008109  
  193.95417636459317   27.90586454809328    0.023127329  
  193.8673998656178    27.949695654119566   0.020792898  
  193.89197668809564   27.84166853981527    0.023342367  
  194.04126681584765   27.84426388331362    0.025257196  
  193.89877685323688   27.767149366923107   0.022349145  
  194.05941984812483   27.815585119064092   0.022223858  
  193.87756339191128   27.544269206828147   0.02343068   
  194.19112451499507   28.05161404221829    0.023082066  
  194.48648127661247   27.991827412007595   0.015225992  
  194.40502134041677   28.04038804807734    0.02144919   
  194.16188378477153   28.081155227691035   0.02704673   
  194.17855796266414   28.02047460748166    0.020867223  
  194.218036898484     28.188173778646263   0.021631697  
  194.45924794528756   28.170360635157813   0.023076318  
  194.5243522209674    28.371021296830097   0.025449743  
  194.16003630255062   28.1062644779834     0.021602357  
  194.2701420158134    28.20962780958584    0.01717535   
  194.37497989276997   28.188095128907253   0.023128286  
  194.49047981302354   28.061761712713412   0.02713996   
  194.15376985004252   27.884857269945492   0.021065399  
  194.2689635230232    27.77305180478577    0.02512812   
  194.34780231404662   27.766299939794678   0.030444339  
  194.3241900013115    27.810934407070594   0.023831977  
  194.3139581595484    27.72962126016276    0.019221589  
  194.21172553573706   27.62783131130824    0.026981011  
  194.12423517689908   27.94001234308498    0.02213149   
  194.14241364737623   27.687331679493703   0.022947734  
  194.26080627117216   27.65667396010619    0.022663753  
  194.14244393854898   27.538968496203715   0.023656478  
  194.1765533889252    27.548251162682064   0.025318362  
  194.43879037610603   27.906027315823057   0.02702302   
  194.46803149528355   27.739633765381683   0.023102371  
  194.45029064442727   27.883071543004842   0.019532112  
  194.44943378672718   27.769465594391963   0.019282723  
  194.35767302313548   27.546154705526458   0.018571258  
  194.4301223619821    27.577619012636628   0.024109934  
  194.50715496647567   27.853570073697522   0.018976415  
  194.36729274363014   27.70076654842191    0.021550756  
  194.38681203944154   27.610330152807098   0.02012796   
  194.5146406587615    27.814932352244114   0.023774598  
  194.48428484905335   27.58136621265163    0.01655244   
  194.36462612966452   27.636244502247795   0.026823737  
  194.662273353382     27.953902795923703   0.019988501  
  194.65904108718505   27.8225453767205     0.017987553  
  194.6531499992671    27.84948275822232    0.020559387  
  194.59096071400828   27.96781347902094    0.020053301  
  194.69214274388315   27.86087965008191    0.029273625  
  194.5928432877095    27.884800602466903   0.014537751  
  194.54042730484082   27.549441506853015   0.023269173  
  194.6183971016308    27.559412751285645   0.025262162  
  194.6600396415009    27.544122786722205   0.019913225  
  194.54855828934677   27.893686917678053   0.019149037  
  194.6316804434702    27.67350054545924    0.02306956   
  194.52846629715077   27.576886369273048   0.025007183  
  194.5476399539692    27.93998271488059    0.028384807  
  194.5758874755128    27.848503625975226   0.025282279  
  194.64660401779267   27.596357997797025   0.025643917  
  194.7115290477998    28.084030010119896   0.020261072  
  194.68295806649525   28.282669113896485   0.02544682   
  194.67348851270592   28.185472292592994   0.026827294  
  194.59044357157086   28.148779638305616   0.026277846  
  194.7268929316795    28.22300175643417    0.023632403  
  194.53979044948713   28.185020391739215   0.044151913  
  194.6289817123498    28.23362866973418    0.024293859  
  194.5232526483879    28.242593570756014   0.023988415  
  194.63295396218513   28.049613278311973   0.019031119  
  194.60635532891774   28.128956258115213   0.027363164  
  194.68395364805963   28.048977735663605   0.029591098  
  194.55753272783255   28.182565912238054   0.023951326  
  194.71174598520574   28.00699391947702    0.024904156  
  194.87843720847243   27.884223046606916   0.01570999   
  194.82646450190538   27.715753686920447   0.022256613  
  194.78120418362562   27.76777896131907    0.021219732  
  194.83409705120667   27.88601136639908    0.02162358   
  194.76932724865426   27.91099893220091    0.021361906  
  194.85246486380834   27.517351026251756   0.019651787  
  194.7503055689105    27.96751158251754    0.027745904  
  194.78311299924897   27.85496215698723    0.021926979  
  194.8272061550681    27.593583557479455   0.017443078  
  194.70305042950014   27.810439167161803   0.019744433  
  194.72107506354928   27.813428098999395   0.018420326  
  194.73586911427802   27.82199116551349    0.029046575  
  194.85894078794655   28.287563593858685   0.026678625  
  194.75753360504592   28.225334598992767   0.026753558  
  194.75865051247723   28.115684227170494   0.031410206  
  194.83280228981704   28.084314623031673   0.015276876  
  194.88663289913546   27.983618207938413   0.01942776   
  194.86080379961905   27.998476516670006   0.022243828  
  194.83921792934612   27.973579877648973   0.020205995  
  194.8748451061962    27.956454507898528   0.022667395  
  194.93423824904028   27.867675838991303   0.020809375  
  195.00403748660312   27.94545607930796    0.022819694  
  194.89875636827074   27.959279163229645   0.023908675  
  194.8777109787454    27.79142454549308    0.025911758  
  194.95909245221034   27.912660138775756   0.024171153  
  194.91587818691744   27.576489111581683   0.016713664  
  194.98605309429126   27.930053313321725   0.025707055  
  194.917101606365     27.85493574212548    0.012671869  
  194.97861025423484   27.796003206571186   0.02750633   
  195.03360207694217   27.773307211524465   0.028924856  
  194.94290531262553   27.74629661440962    0.03240589   
  194.88289414537616   27.86129632546303    0.015546774  
  194.9221637534823    27.659821416413603   0.022514869  
  195.02605761233465   27.68530140634771    0.02516739   
  195.07868234654714   28.00930409864838    0.020682251  
  195.07645388802158   28.059287047341044   0.03324928   
  195.03384152977895   27.976953879996127   0.021501748  
  195.03330623138726   28.078579671652655   0.024140697  
  195.05598599162474   28.053311548541238   0.027161343  
  194.96443387790484   28.073510262416047   0.024989558  
  194.96569717945317   28.098558978382446   0.025510898  
  194.99003059532257   28.065090141662743   0.019484237  
  195.02246696233885   28.024439120846512   0.019691065  
  195.0772856727367    28.097164286764325   0.026080001  
  195.0433883757559    27.595005624790108   0.018655907  
  195.0840386681378    27.843508331378075   0.026247734  
  195.18910768398422   27.83550827679545    0.029272929  
  195.10490986318143   27.55225320037853    0.0242378    
  195.14763316059063   27.942753323791596   0.023250094  
  195.13548040635357   27.76614281039923    0.022255117  
  195.1152334423502    27.625203869376133   0.01959315   
  195.2128773151031    27.74298957150853    0.027133662  
  195.178487525648     27.963097797417788   0.028093284  
  195.77472609596796   26.53111665429479    0.019131178  
  195.63647673828152   27.295563430428487   0.02537541   
  196.34879800142576   27.101647637541955   0.024099933  
  196.11058836945858   27.304320397367118   0.018372238  
  195.52300674006827   27.297277656620402   0.024279727  
  196.43821761268194   27.315426622853927   0.02112645   
  195.81891406705896   27.33207575210332    0.035755992  
  195.04361172137683   26.461104242668927   0.022114623  
  195.27835309731182   26.809484514144074   0.022925919  
  195.1119059641975    27.515606091589813   0.025951065  
  195.14871559720478   27.57421394206934    0.016995316  
  195.07959220680183   27.55371688842905    0.019641113  
  195.41902041657733   27.548933936187463   0.02167638   
  194.84464438746411   26.026217652753374   0.020223344  
  194.87715132696022   26.435286892097263   0.02100701   
  194.78431052243045   26.377736018302002   0.0033734876 
  194.7575987481871    26.815645544122127   0.023864675  
  194.84208467585972   26.797092823806896   0.021510988  
  194.8195028530372    27.10613555526732    0.027953327  
  194.90564566007805   27.336057251081797   0.0232575    
  194.9552575460769    26.974310641496018   0.023506401  
  194.74209030133193   27.594691513795812   0.02004855   
  194.8268883820462    27.51352421803693    0.020151183  
  194.79292984718202   27.6198425981271     0.019145599  
  194.77208547087332   27.644437346910518   0.018125566  
  194.50991336598923   26.859506665915532   0.024524312  
  194.53142618328775   26.326838722069326   0.019020393  
  194.42932289238357   26.852378761841774   0.021253854  
  194.5385291112176    26.664144594725236   0.024336874  
  194.5294891607285    26.787100306895827   0.024038576  
  194.51319860140643   26.915978581742035   0.027379766  
  194.52013167020888   26.37058334281864    0.02317124   
  194.66644001144243   26.759554436176384   0.024853872  
  194.58449613622972   26.920649686070394   0.023053918  
  194.55011152201115   27.127653457743673   0.03877467   
  194.56489607078703   27.08722812397094    0.025749454  
  194.6055104877886    27.199994987369838   0.026831415  
  194.66086195809996   27.013400636471808   0.023404643  
  194.57765858844905   27.31081717001759    0.024721801  
  194.63359795534637   27.456323477809555   0.023419783  
  194.63808111803658   27.36436366195415    0.023227474  
  194.64729129328168   27.264753805086396   0.024539573  
  194.58556641062827   27.429403769598387   0.025156071  
  194.46146898507038   27.49086958016924    0.024522498  
  194.54861083639798   27.542518536978367   0.023748994  
  194.39453990364362   27.310307115760203   0.024846938  
  194.4606895582712    27.64371229947566    0.022719234  
  194.5146667349595    27.68244257021448    0.024126416  
  194.4902071280353    27.44331869981013    0.025681997  
  194.3993752266276    27.493232328345233   0.024387201  
  194.52527333546243   27.41891671274021    0.019220194  
  194.4543953162493    27.06763569647379    0.039381005  
  194.50316717120438   27.453976385756278   0.025615491  
  194.33954595552714   27.02299331297097    0.0267178    
  194.3552079270606    27.404571059139787   0.016175142  
  194.34822368982833   27.549936309664027   0.020139724  
  194.20692598511963   27.093912747940674   0.023081107  
  194.19580062741332   27.056868453421842   0.021674046  
  194.2571051886766    27.372103734876543   0.023358693  
  194.3455067646292    27.492972236351868   0.027485255  
  194.26808480558128   27.525948500760713   0.02770373   
  194.35883135866808   27.65935852514387    0.016860437  
  194.33164016376878   27.61374247050477    0.025896214  
  194.26767960329724   27.73008140655393    0.029639252  
  194.37744902995777   27.543043870218973   0.025522286  
  194.21785049145376   26.487718578504293   0.025364181  
  194.0366563274012    26.316794188733024   0.04518884   
  194.32910200167905   26.93762617958916    0.025561152  
  194.11607017574414   26.987424374379106   0.021495556  
  194.31253032333012   26.46632956402738    0.02158196   
  194.1501169926888    26.90477186156548    0.026334286  
  194.18000753557575   26.74197951868354    0.023175372  
  194.14433258002106   26.45517212148551    0.045314137  
  194.0973310398517    27.544058047208356   0.024464782  
  193.86070623362      27.604054673798682   0.022615528  
  193.85180517575267   27.280439766698105   0.021740342  
  193.942151948541     27.363837455434936   0.040350627  
  194.06953099053592   27.445977575939004   0.021360243  
  194.1705506803038    27.447753352271405   0.024454862  
  194.14432117905162   27.227543063170152   0.023982897  
  194.0174556953422    27.285489242761933   0.02235919   
  194.0824756339812    27.75104112121456    0.022975266  
  194.10959869090456   27.727260211507478   0.022763385  
  194.00794972601804   27.66461261744239    0.02067146   
  193.93448848480782   27.71658638453427    0.023879517  
  194.0254284021503    27.677466877411227   0.016483258  
  194.14978106164085   27.718817937230327   0.022423854  
  193.98461180248222   27.609811674144606   0.022739213  
  194.0268565103644    27.648023025495107   0.02536332   
  194.16022144196185   27.570951848314767   0.025371607  
  193.92618763453902   26.328166814786936   0.035558548  
  193.77132053092853   26.72414406703887    0.022153558  
  193.65341923034336   26.9348666466257     0.019777829  
  193.71965482141147   26.575920532153248   0.02005461   
  193.69884616038772   27.34022773505583    0.040101983  
  193.67517804216314   27.638911748665713   0.028734358  
  193.7298503422353    27.41273872080533    0.026155142  
  193.71394092085043   27.49446118069904    0.023394998  
  193.83722018661595   27.66912245020922    0.02370185   
  193.56679889761566   27.30373498305858    0.021476107  
  193.75192201453288   27.193846274305116   0.024833594  
  193.85439082720947   27.79804627806677    0.024572557  
  193.59482961750095   27.7444950641793     0.023752522  
  193.4962959754184    26.444013336965504   0.023604382  
  193.4758718287792    26.96638104532401    0.02062782   
  193.59535884419918   26.799437639777512   0.022587577  
  193.31713169582102   27.094422451973667   0.020542517  
  193.398232181117     27.758771926640474   0.02495303   
  193.30211666454997   27.323042280778083   0.02212873   
  193.53040528668507   27.2164648619619     0.027238512  
  193.37960837643448   27.463336752730974   0.028504863  
  193.37621855204546   27.675221004415352   0.019772088  
  193.43528228963805   27.821572151961686   0.016399072  
  193.43367920984429   27.780847809442378   0.022182364  
  193.44441949348217   27.385951194859306   0.027661616  
  193.26685995437447   27.464531688459843   0.022880102  
  194.27722883963887   28.296589935820062   0.022509389  
  194.03974988253734   28.31089209465208    0.026385242  
  194.4012800925476    28.233426283897895   0.022750653  
  194.3911848576633    28.482246875651533   0.020874398  
  194.04575695321      28.163192612851102   0.028998628  
  194.36847226403435   28.176457858099198   0.027249532  
  194.1994328925983    28.19214407538405    0.019412806  
  193.999797112631     28.18696626814136    0.018674951  
  194.44462286391084   28.140816170154967   0.021385685  
  194.1681412345459    28.21785118913275    0.027722895  
  193.77081620038226   28.062528738115812   0.020907264  
  194.08494458109706   28.050825655713844   0.025368627  
  193.58138225603207   28.09132144210295    0.022492664  
  193.5698911266651    28.076591521312167   0.02280963   
  194.1109547706432    27.8306498998765     0.020910725  
  193.8333469020751    27.866680635144625   0.023259519  
  193.82964852910254   27.92505129918374    0.021538818  
  194.11860182635021   28.08254325974523    0.023268314  
  193.93908845053036   27.796250742822153   0.022936689  
  194.45277689415417   28.180460439049785   0.024112927  
  194.58306849460544   28.32491002318282    0.027299732  
  194.63459463827465   28.377993462325172   0.019619642  
  194.45736721971915   28.62427494387443    0.024999633  
  194.59233456564303   28.152159076495106   0.02227376   
  194.72266877676748   28.126099248017898   0.023377437  
  194.76624872612706   28.12372664530856    0.026451703  
  194.81226486821984   28.251050315317897   0.024801884  
  194.40184284257617   28.077050506368003   0.022486404  
  194.34059992409425   27.88043887532022    0.02480892   
  194.38013002199654   28.018440862745145   0.023514666  
  194.51192505550836   27.97838348993668    0.021901108  
  194.221426981916     27.929508245343875   0.020409688  
  194.44233811868418   27.75704919133228    0.020448668  
  194.4471090681158    27.833320563115464   0.020187674  
  194.32626128181016   27.747393226795175   0.022876417  
  194.54633146794026   27.86028049244562    0.023359371  
  194.4714238166958    27.707321165188777   0.021513019  
  194.93393072696716   28.17632559133509    0.02771238   
  194.94902887700545   28.097911752995824   0.021264061  
  194.91972035640765   28.14463761404396    0.025647528  
  195.04640927849965   28.065242435666267   0.024544349  
  194.83419876460408   28.197928711182428   0.031563412  
  194.88101093109674   28.04661127214341    0.023075432  
  194.97956108946278   28.128379785804512   0.025233487  
  194.95954123062126   28.144393821136738   0.022604195  
  194.9833907827499    28.034720750546178   0.027188223  
  194.65038251187224   27.872997953823077   0.023667762  
  194.5799230885794    27.76209062647391    0.01818292   
  194.68939668966905   27.879971725147225   0.028238902  
  194.6407689910051    27.836759646495572   0.015033995  
  194.6128086656082    27.70658268816859    0.023356417  
  194.56889861734118   27.802578899457615   0.018994287  
  194.57250788708052   28.040085582995193   0.020654406  
  195.12819451669688   28.346387855512194   0.019865545  
  195.03639304322027   28.159867985518154   0.024889804  
  195.1257710850642    28.16003906004945    0.023583354  
  195.14822720814865   28.146138364502804   0.018218566  
  195.17164991856583   28.04513421791693    0.028769678  
  195.09249466456205   28.24711401154227    0.025081607  
  195.13530920369044   28.25602954686279    0.020956388  
  195.09224383509826   28.047013605438163   0.027271066  
  195.18430019644805   28.33729976987171    0.026408281  
  194.70063923167828   28.01873123775586    0.023617312  
  194.78781605922816   27.897565366410877   0.026150864  
  194.74781472846      27.934545622532177   0.019176848  
  194.78944362140604   28.04092936106703    0.024045182  
  194.71705534194962   27.785058947738097   0.018856576  
  194.71150499718397   27.995574783202464   0.022354849  
  194.77510194193306   27.996705187434138   0.025574807  
  194.79017488274178   27.867394029928185   0.023057714  
  194.73313335093997   27.833447503723864   0.025102785  
  194.69750036779968   27.67472028011637    0.027962193  
  194.6897429685832    27.753905432910614   0.022095658  
  194.78417858000182   27.78412870877327    0.023447772  
  194.74014653690912   27.78544841333118    0.023147091  
  194.89702721488084   27.863626865594963   0.020987267  
  194.85386049489222   27.738858369077906   0.020117462  
  194.7981235599034    28.00925260869403    0.022995003  
  194.87253486900485   27.85012977200286    0.022644509  
  194.90762337857862   27.776825889325117   0.022693403  
  194.8837049111609    27.72049940080082    0.025611266  
  194.90406087386674   27.825805362302585   0.020867433  
  194.8637801011321    27.785040893295626   0.02195326   
  194.94219004433063   27.85723179162507    0.026988715  
  195.0340723688188    27.975717004890118   0.020372698  
  195.0236024070561    27.926490144030133   0.026532665  
  194.9362324663664    27.88978132218151    0.022706572  
  194.9968590236625    27.809222290015512   0.021925995  
  195.00635929193976   27.731221478674755   0.026915012  
  195.02620971373221   27.775766854049348   0.020607872  
  194.94643965094426   27.710302636684155   0.02798339   
  194.98381997652857   27.746319380776182   0.029759407  
  194.95877161535267   27.92485564764943    0.032797415  
  195.32941499904277   28.12815517089849    0.022709498  
  195.203354249913     28.158353653288394   0.01936991   
  195.2269161831228    28.00762818951506    0.016622514  
  195.2893139923328    28.03311193329372    0.02342906   
  195.32433293315373   28.097089356244403   0.026822176  
  195.18601890866344   28.100648413423645   0.022008903  
  195.3069189671846    28.083132316549673   0.019374229  
  195.27357415835073   28.06205337634221    0.024794655  
  195.07831026798476   27.937137256004533   0.017615974  
  195.05679754511038   27.86718553238286    0.024684008  
  195.11652679045798   27.955988005659947   0.023361955  
  195.09028699650548   27.898562335675187   0.016258975  
  195.1390542247328    27.82422875153708    0.027345829  
  195.14031561089965   27.637739130626354   0.024964482  
  195.0731508146472    27.78441335646804    0.0232499    
  195.09325257409685   27.62355451447893    0.02535635   
  195.07739260107095   27.81552281413516    0.01788985   
  195.1247075770771    27.770247701600724   0.027876755  
  195.39685162439588   28.14705497461733    0.017592344  
  195.43033949312806   28.297827047864946   0.025659276  
  195.54285440351435   28.19182886210921    0.01913729   
  195.40555460497708   28.015777107134817   0.023835106  
  195.36310984951476   27.99918731468282    0.025495004  
  195.44591238837043   28.095015326635327   0.019352213  
  195.41298922128775   28.24580787770684    0.025338368  
  195.43406746454747   28.214372487152335   0.02610355   
  195.30677477042207   27.914275357039497   0.019513858  
  195.10341015986126   27.926633908416374   0.026529608  
  195.2700915536163    27.89175840821321    0.019355118  
  195.14347171552944   27.9347301924903     0.029232463  
  195.47389098231852   27.62444387143936    0.02621074   
  195.22822691316213   27.8420160700847     0.02362565   
  195.45158989661675   27.6039617044053     0.027453145  
  195.17815296643423   27.971259673642106   0.021255488  
  195.23317529884423   27.898447615858224   0.020077437  
  195.35885106597107   27.88599037543376    0.018251996  
  195.18836226256894   27.747011791078382   0.03112869   
  195.33330901945973   27.961006760188507   0.026265025  
  195.5006086362763    27.782709023791234   0.023740668  
  195.95811132654083   28.185783962355615   0.023235051  
  195.59024594150213   28.256014452613147   0.022721397  
  195.96165640567918   27.988379626552916   0.02117967   
  195.68499119084098   28.045356386780952   0.020763384  
  195.5896682975539    28.230780421052824   0.018575016  
  195.64497835076295   27.949095646814122   0.01928198   
  195.81771507319016   28.03043353382011    0.020317739  
  195.53397100272136   28.151047416585786   0.016370058  
  195.60430866000763   27.972164845224633   0.02742219   
  196.26375952061312   27.537041513232968   0.02170492   
  195.71975555815433   27.86660096044706    0.02738638   
  196.04687598311295   27.490443549212035   0.017770236  
  197.92185448035488   26.389701432474677   0.03805693   
  197.7192132231033    26.627614559498994   0.050310485  
  197.2506481498551    25.813527515215913   0.035622127  
  197.00443394580765   26.120053785210512   0.035728842  
  197.00691531837347   26.765386019849476   0.03406388   
  196.454562051831     26.431001246601756   0.019873768  
  196.54145838177485   26.732364447539098   0.04501156   
  196.0707818463731    26.475356075688392   0.0250564    
  196.36605964387115   26.495302092592652   0.03777719   
  196.21816921948178   26.91908855147231    0.023112983  
  196.11763099807638   26.671957665752508   0.035952486  
  195.8922575055116    26.755513477546156   0.03390867   
  195.87114451037652   26.550519410971056   0.02210015   
  195.9477653442023    26.599342815585306   0.03590936   
  195.8803992214517    26.463759974471667   0.035883527  
  196.41301521433894   26.10652654149565    0.02108971   
  196.53272789142113   26.322531892395176   0.035923727  
  195.64830770779284   26.662255940150267   0.024654785  
  196.212733946263     25.839329564057373   0.024239417  
  196.06174973704546   26.11619005687022    0.024851212  
  196.31675350303885   25.957620177543998   0.021737713  
  195.33366020940554   26.886797337868952   0.02694282   
  195.34066365384288   26.796535281986664   0.02836098   
  195.82258005289086   26.06009746674203    0.024890566  
  195.5740424833045    26.142546824394287   0.02153035   
  195.09047786118484   26.906014953421206   0.03912035   
  195.3004561780416    26.39979604364286    0.05207598   
  195.1214638248606    26.67535685449297    0.02395533   
  195.4899141612317    28.00583298221598    0.025748836  
  195.45926055865883   27.893573417820775   0.025180956  
  195.65865747720107   28.11368220603351    0.024884114  
  195.390969267963     27.911162528280954   0.021892114  
  195.33049081994236   27.86046824517891    0.027410848  
  195.36864289932018   27.926554865194863   0.025105279  
  195.3233293526147    27.809074698523126   0.02435044   
  195.27429450232432   27.70877402241249    0.029125603  
  195.23004401312502   27.12157021727359    0.021482239  
  195.2967754826156    27.742525314886283   0.0245768    
  195.24324646082076   27.652096913340774   0.017373847  
  195.30122392248117   27.60447429324054    0.02519144   
  195.29469059643816   27.246534045797798   0.02061296   
  195.09966775720642   27.28695358561621    0.024241697  
  195.13983388958144   27.504158873401984   0.018608214  
  195.0652013936077    27.256641341804606   0.023783494  
  195.11612631308552   27.27178939914894    0.025870938  
  195.2757924175189    27.39781802379339    0.02706441   
  195.855551436632     28.014012925436      0.026543755  
  195.83982242843928   28.309052890277265   0.01842575   
  195.74767651934945   28.275376985017093   0.02390798   
  195.8801531255271    28.092326618970144   0.021117032  
  195.75365664373317   28.032492706793114   0.017937066  
  195.84487348928658   27.935959494783223   0.020096974  
  195.8026266315265    28.172500380492657   0.024254324  
  195.3133927823888    27.66922728056521    0.023558246  
  195.4286391274598    27.74756284697866    0.0354218    
  195.44685896902902   27.62177090567602    0.025981246  
  195.50435320784902   27.652985195512557   0.02364652   
  195.4021725929308    27.707960940115104   0.026390376  
  195.44991332693328   27.354796032113935   0.020199576  
  195.45119715032305   27.72849839689099    0.018286308  
  195.9604100794571    28.054423964549933   0.020979585  
  195.90238322502876   28.097920036430317   0.02058619   
  196.03318901004562   27.964970661247005   0.019804362  
  196.01982759726232   27.850559696598356   0.021286083  
  195.94281299878958   27.986932655292925   0.020610882  
  195.9743011180111    27.82197638021487    0.016551208  
  195.9372817239151    28.084246861507772   0.018766364  
  195.89987908650528   28.166949707925284   0.022077585  
  196.04227894261322   28.24798545777784    0.019800453  
  195.89042151017608   28.239460969762256   0.027407799  
  195.64657062736526   27.43944884971196    0.018060662  
  195.59320709362413   27.187772914230184   0.035737548  
  195.51809783564934   27.699581918697376   0.02337415   
  195.63574140807884   27.393507706244424   0.018202825  
  195.5390636994395    27.589350017435805   0.021532213  
  195.53291032627567   27.648311135755346   0.023011964  
  195.6556499752875    27.17613342861712    0.01829657   
  196.30214501701255   28.15242050743914    0.021728735  
  196.47288323172268   28.112423172626823   0.024611091  
  196.18056751627503   28.251581451592248   0.021903358  
  196.48725323471558   28.12881427756539    0.051656738  
  196.15378535516354   28.250531578109733   0.018742973  
  196.4714559244327    27.795740660956852   0.026011894  
  196.45358657048897   28.106518546991975   0.024408393  
  196.2057234605251    28.26947313106984    0.022707265  
  196.17365854550695   28.22755362838432    0.024034804  
  195.80696230876404   27.369074191218967   0.021271339  
  195.84756335237202   27.306968016243705   0.018555366  
  196.0578306642059    27.560078249633808   0.023136051  
  196.06860811830657   27.506382385470562   0.023532547  
  195.77167915009042   27.78412805579128    0.02558243   
  196.26686150215872   27.643472939238748   0.03624834   
  196.30375808696627   27.630538886917034   0.035661843  
  196.28528390281573   27.512812284252412   0.023877982  
  196.3016429562922    27.569756672710582   0.022962827  
  196.44823335651546   27.734201751304415   0.008435146  
  196.6614587874222    27.544410220547576   0.02426531   
  196.54619841086208   27.70015369365961    0.022372365  
  196.57586782616715   27.25504458245398    0.025314996  
  196.65170545950267   27.87294444934027    0.020937894  
  196.84684143642122   27.865513164597093   0.02053636   
  196.67135704632162   27.884136963749505   0.023517447  
  196.6544046880137    28.234751602411766   0.021331726  
  196.78426004820005   28.080534203826698   0.016453618  
  196.90673657931012   27.499136547761633   0.022145227  
  197.0587633420238    27.51585246777328    0.024439191  
  196.92979595322748   27.509652349141422   0.025280505  
  197.0107913309737    27.311215435130137   0.019592488  
  197.11049853381485   28.135441050141583   0.022128263  
  197.03792854948537   27.826601544211442   0.023063406  
  197.0032451323639    28.081247401124315   0.019158036  
  197.12557944359517   27.87926679006848    0.02037633   
  197.24497988092892   27.613970302698352   0.024686273  
  197.72200157503613   28.087575788523573   0.03453726   
  197.34532582383207   28.321280414726946   0.019138573  
  197.70981466729185   27.15087356729685    0.03429585   
  197.80391858451307   26.81335173811355    0.021207085  
  197.4064550936568    26.159032363871834   0.021183116  
  197.6989259120311    26.18398496779097    0.03431349   
  197.38305013544408   26.400826288254727   0.045476396  
  197.87953816926222   28.06720964646049    0.038565822  
  197.82888677744822   27.96679643624562    0.024420185  
  197.97211831677993   27.593734730626103   0.020526128  
  197.85675342872668   27.230740006539705   0.034281366  
  192.38282075278468   25.996366699588393   0.0350571    
  192.39219980285156   25.475608846388155   0.015180479  
  192.16574870619505   25.066808790985796   0.04685098   
  192.97687854449055   26.06688182461506    0.0458363    
  192.67157326541582   25.64051104913087    0.046220988  
  192.52507985672068   25.022221012849855   0.021508593  
  192.71666326482148   25.259150949547067   0.014546935  
  193.29281961279287   25.279178840491486   0.0036009336 
  193.5123840257123    25.760734790384777   0.024334187  
  193.96812059775073   25.18290699329524    0.022945315  
  193.81998470032488   25.95694372903754    0.0316252    
  195.1234974334091    25.623071692258495   0.04515605   
  195.14120670143748   25.63398400332527    0.045026965  
  194.80260897694606   25.004021184516017   0.025867762  
  195.77419860616124   25.47536794437552    0.024296343  
  195.66410387813912   25.383628127311066   0.024157692  
  195.22828002831506   25.026911045452934   0.036994953  
  196.21975505623948   25.559492734218274   0.035304025  
  196.03054870187663   25.724967171687283   0.024227362  
  196.36182728859544   25.191048364270458   0.02370975   
  196.56300917795457   25.46055879539521    0.024156649  
  196.43599632393685   25.38512360569664    0.024559127  
  196.49461442719934   25.465701249370383   0.021773018  
  196.8797098146484    25.504978050098206   0.025628373  
  196.60819260429582   25.23806523047178    0.024903271  
  196.65170317978175   25.429700637526892   0.023964232  
  197.13863490493378   25.46723479979608    0.03843277   
  197.8814716081902    25.61722308272409    0.03787933   
  197.69582858076353   25.078939863272648   0.023475684  
  192.0211875181246    26.646014562319255   0.02242555   
  192.3862530474269    25.989333387128426   0.035898224  
  192.39258622407144   25.470108915685262   0.0146234725 
  192.40370479556915   28.329139629949392   0.050001334  
  192.41843149935244   25.772090411971647   0.0043096547 
  192.61069988589625   25.50061306468493    0.004022789  
  192.61276838169576   28.35304506072407    0.0017078507 
  192.824891097428     29.543636843319884   0.045701686  
  192.9398284098017    25.774469437495878   0.003969419  
  193.06732468114316   27.53308630835871    0.0018612905 
  193.14579624205263   27.45934546688654    0.024833884  
  193.21922085409238   29.716565289874694   0.02849976   
  193.4058011040791    27.615156904688362   0.023593025  
  193.52502882561507   27.152747182139642   0.0012475316 
  193.57923540658535   27.06802089860087    0.02790268   
  193.62256135271508   26.303954999987067   0.0020947857 
  193.66923774986822   28.938659048093044   0.008310425  
  193.6886908880636    28.924900712754773   0.007828761  
  193.88495824029957   27.525111041482404   0.023829855  
  193.9066271790286    27.341390751153362   0.02112131   
  193.97253289486483   29.065896909422086   0.032899477  
  194.0492026918404    28.91682592046412    0.023499627  
  194.05061794471627   27.74548133700951    0.023065992  
  194.09710251809815   27.431001502243994   0.026401639  
  194.11596355428688   27.175046471419286   0.029300315  
  194.11741441704822   27.48317534858836    0.027999412  
  194.14797500292138   27.24178495579619    0.018699631  
  194.15449190468618   26.74210508594667    0.020300742  
  194.17473966853692   27.060786750508836   0.025000667  
  194.18134943966277   27.03475430357825    0.018716777  
  194.1807580845421    27.087991517875505   0.016898382  
  194.19588238085953   27.45781941983848    0.024300182  
  194.23282112008383   27.11990938766741    0.018299354  
  194.24637093211908   30.702541917973754   0.05165248   
  194.25337817718975   26.921176616616577   0.022699071  
  194.25944399015503   30.706414322727014   0.053573865  
  194.25993527583927   27.411442692283646   0.024800528  
  194.27427724400937   27.088697715521203   0.025100736  
  194.28007405631587   29.06275476264296    0.025307547  
  194.28613017670497   27.17370498246268    0.020000534  
  194.2880994510711    27.029073357932493   0.023399558  
  194.30719126329834   27.224474173362548   0.02289921   
  194.3646803538304    27.101502208874013   0.018599562  
  194.3681531472579    27.97534564388505    0.03718578   
  194.40226188565134   27.031369843862155   0.024525953  
  194.41077655442945   27.455042424903155   0.025310881  
  194.4181378317508    27.54136995607481    0.024036665  
  194.41999749624287   27.12702538926743    0.018699631  
  194.4211434612263    27.534827534799952   0.021698378  
  194.4324425243187    27.461498282961685   0.023999974  
  194.43743019461775   27.155479406901094   0.02398663   
  194.47944591613876   26.83011142365165    0.027499067  
  194.48230609258513   27.00041080874943    0.03960079   
  194.4915897120161    27.35080125526072    0.028900037  
  194.49253133493391   27.675047574459366   0.017648904  
  194.49431903871707   26.93923736028272    0.025477665  
  194.49999608178268   27.39211088123297    0.02460039   
  194.49957964545996   27.85249046225216    0.023919918  
  194.52334812179566   27.38266428685269    0.024300182  
  194.5420700587861    26.77663428403945    0.022498932  
  194.5541402078941    26.949494274719793   0.022198724  
  194.56269082343084   28.125921314201214   0.024903933  
  194.56362499960636   27.46469615051944    0.0254343    
  194.58230685878908   28.095093750644352   0.023959946  
  194.5936957477233    27.532327225393825   0.015931046  
  194.60044068344766   29.11522277707959    0.031101564  
  194.6168652239523    27.220338329375785   0.02470046   
  194.62950210760832   27.895513066028464   0.022695735  
  194.6320810056916    27.395396312082745   0.02519747   
  194.63290938199214   27.2522794579176     0.025300875  
  194.6420267199598    26.899837461522818   0.027098788  
  194.64360906365815   27.939050871577585   0.03799968   
  194.6437191679779    28.009990911161406   0.021201367  
  194.6575427364587    27.46414900137587    0.020909896  
  194.64764889265612   27.775061532513003   0.020200672  
  194.65573801686543   28.21947776528982    0.02279914   
  194.67285117444285   28.045239989622235   0.01889977   
  194.67625901498172   27.972223593507074   0.021101298  
  194.67730835301924   27.760451698656365   0.028272936  
  194.68077958983883   27.884573169177557   0.027098788  
  194.68479913066898   27.714930668369025   0.024900598  
  194.69047967223162   28.692883847717944   0.022288786  
  194.69105606059782   28.54289971313313    0.021124646  
  194.70242009502465   27.699969660850485   0.023599695  
  194.72072754774288   27.79968021173167    0.029900732  
  194.72413733611185   27.388634256314838   0.025531035  
  194.7312455753279    27.887418638839655   0.026501708  
  194.73170036490302   28.35449305320909    0.021001227  
  194.73491310435543   27.803570288242618   0.02623152   
  194.7407710672133    27.95572290292181    0.019700326  
  194.74746901932662   27.413821099818804   0.021961894  
  194.7478957289962    27.99328612474129    0.020627635  
  194.7516752691999    27.64397569500631    0.026828602  
  194.7567795771224    27.536941705096574   0.028609836  
  194.7579769807851    27.86456625892705    0.025200807  
  194.75956023203472   28.005986508640973   0.026598442  
  194.76217193597836   27.974733811145615   0.018282676  
  194.77536971811406   28.04158931909491    0.027198859  
  194.77678192778754   27.56098338063099    0.026501708  
  194.78985640756093   28.288099430543284   0.022699071  
  194.7955355102845    29.447902022553777   0.023899904  
  194.80464528416925   27.9770055976454     0.022819154  
  194.81352901460326   27.97073941925504    0.016082957  
  194.80622064675453   27.774606902947728   0.022766965  
  194.81559462442783   27.99707485360247    0.040301275  
  194.81575562669178   27.88629280678744    0.02173507   
  194.82152788839312   27.633684400950706   0.017698938  
  194.8274204418612    28.28215622570174    0.023399558  
  194.83126254204527   27.73209522275025    0.03799968   
  194.83191341218307   28.27404852267399    0.019300047  
  194.8473519758018    27.91159899126282    0.022932567  
  194.84693900237406   27.981937776615325   0.029600523  
  194.8603202649117    27.85797833677608    0.01670158   
  194.86406322045286   28.275888330105094   0.01899984   
  194.8696788799415    28.040521231678902   0.018755643  
  194.87198431951248   27.80690716897407    0.022382185  
  194.8754169317606    27.826010343569163   0.029600523  
  194.86856920944638   28.085404827589855   0.01240529   
  194.87606657911465   28.020848926898882   0.02390324   
  194.8854274458185    27.851247748773762   0.027298927  
  194.8921673608       27.94686595312035    0.0239514    
  194.90795349199848   27.907345113583027   0.026710965  
  194.89567809752393   27.641883503605428   0.02849976   
  194.9002535351472    27.804645581174594   0.021101298  
  194.8979530160806    27.90602363862468    0.03020094   
  194.90035530529534   29.272037622791753   0.027198859  
  194.90417988110195   28.018607192718633   0.024326866  
  194.90465316588782   27.870110282325296   0.020644313  
  194.91736744476475   28.17935570631433    0.018135907  
  194.92187726531884   27.837226058120297   0.010800822  
  194.9271841531626    28.135531797704836   0.030601216  
  194.93501045268363   27.912473162580422   0.022351043  
  194.9336832144793    27.74320531678392    0.024800528  
  194.93329019025225   28.01368054033908    0.04406722   
  194.9371706612879    27.763414909276598   0.02699872   
  194.93776100214012   27.737050520109687   0.019877115  
  194.94580292955544   27.60581832053928    0.025200807  
  194.94491121418602   27.973865783788966   0.031419624  
  194.9554066374963    28.16740373032406    0.020901158  
  194.95898583789514   27.735889669732618   0.025601083  
  194.96253474617248   27.832958843337057   0.026344564  
  194.96575119257383   28.253290882332458   0.029000107  
  194.97414969717772   29.234008861837157   0.023799835  
  194.9745681198959    27.969876983426616   0.022075305  
  194.98241114235128   27.916576739648136   0.022272108  
  194.99059654550626   28.246671725695073   0.02237232   
  194.99201815030503   27.866060433975917   0.028799968  
  194.9948275970964    28.09728607493172    0.010000267  
  194.99760454181623   27.603735301125905   0.022132011  
  195.01851646340802   27.98758067485797    0.021252576  
  195.00982543551697   27.719154763417023   0.018699631  
  195.01790875499103   28.007043972925064   0.021214709  
  195.01767931293304   28.155134697959458   0.021915473  
  195.02606777981083   28.250677042650132   0.024213454  
  195.02969184666028   27.930968689016154   0.0257712    
  195.03798579694808   28.17039304998071    0.022523187  
  195.07094376428577   28.06392301583474    0.020472689  
  195.060645866279     27.62869261144701    0.020100603  
  195.07253676489805   27.71145541912281    0.023999974  
  195.0736562444712    27.95527492437468    0.023025965  
  195.06882595393432   27.967519420921207   0.015470308  
  195.07749264190986   27.920381197623534   0.02309935   
  195.0796857744408    28.87863656187839    0.024767172  
  195.08210326354921   28.121533537488645   0.022212068  
  195.08494114507258   28.07053321603361    0.022298794  
  195.0936062295948    27.96445277666483    0.01739873   
  195.10858684279285   28.009276561762054   0.018439451  
  195.10983694497784   27.710673887286      0.021798447  
  195.1183954871977    27.761276111086104   0.02279914   
  195.12169674277226   27.333272550978663   0.028046113  
  195.1218168183483    27.514867577344      0.024667103  
  195.15246039836336   27.931168330027447   0.019700326  
  195.15549600301475   27.911422976859456   0.020300742  
  195.16566519254772   27.923950242643446   0.025015261  
  195.16700916259012   27.814137089577525   0.011701446  
  195.169483719215     28.51984701745425    0.029690586  
  195.17764648974315   28.11592130466556    0.02070102   
  195.17814510179812   28.054274962151176   0.022599002  
  195.18352504231248   27.5939854711673     0.024200112  
  195.187965980377     27.812545495673      0.019400118  
  195.1897876364382    27.73578015919676    0.023499627  
  195.20269733035298   28.090753859319033   0.02324185   
  195.21264319283492   27.861995065143645   0.031101564  
  195.21377639446402   27.68916054029369    0.027298927  
  195.21474464606197   28.042876055293664   0.029330336  
  195.2161462356991    27.633765691076967   0.02610143   
  195.21965613431206   27.82561680954819    0.016564818  
  195.22396431435973   27.969024551957624   0.019470166  
  195.23158700137265   27.574389112880088   0.017999146  
  195.24691329765068   27.899837477260032   0.023002615  
  195.28985011448114   29.065738437902002   0.027899344  
  195.34071245366187   28.671922638544935   0.029000107  
  195.35213444167448   29.30836975266283    0.023859875  
  195.3692646418282    28.25418996294498    0.03022429   
  195.37864977105593   28.556648315985704   0.022965923  
  195.4000586945081    28.15109603425949    0.020050569  
  195.42044053313919   28.249112820643845   0.03097481   
  195.47355994045012   29.843318507204167   0.02450032   
  195.4883561525361    29.05061557698223    0.023999974  
  195.4934952953243    28.354389953881544   0.028609836  
  195.52954429935573   29.87106487772634    0.02450032   
  195.5497107876889    28.17321001160079    0.029854031  
  195.55881627434806   28.506504310044065   0.022802476  
  195.57030999117094   27.844665893998858   0.025521029  
  195.64407523076957   29.639037192275563   0.031001495  
  195.6708569288665    29.016559443682507   0.034700725  
  195.87953139226497   28.690711152819084   0.022398863  
  195.9947121024289    26.23438025450749    0.02689865   
  196.05368602501144   28.193637298524095   0.021388162  
  196.07009313703892   28.850738645081357   0.025047366  
  196.09307123984595   28.763892033083025   0.018439451  
  196.120811386107     28.76442078922179    0.02679858   
  196.1391292717085    29.45836524598398    0.02299928   
  196.2252827231182    29.48693555685123    0.04799995   
  196.3012467569949    29.236039031021832   0.023199419  
  196.3315913737422    29.047387928750965   0.017799007  
  196.3366606267255    29.048614403412493   0.01759887   
  196.38247981452525   29.093940437264653   0.023699766  
  196.4552913761548    27.70886411598524    0.008429177  
  196.47118478408981   27.55207742588961    0.018879756  
  196.49539583637613   29.023752679473425   0.020244036  
  196.51623387216307   29.709805951529663   0.020306721  
  196.57048838518753   25.467331791655834   0.024290174  
  196.59228182657085   29.6573806558889     0.02299928   
  196.59154487471872   29.70687732077861    0.029300315  
  196.63500674495765   28.9021969705061     0.023856541  
  196.65904793141337   28.848401099391094   0.015980067  
  196.71991467235358   29.100803706437972   0.022398863  
  196.78511176301512   28.42728400728746    0.034600656  
  196.79900304148813   28.42381331261557    0.017899077  
  196.79909703863328   28.64654660763068    0.03970086   
  196.8641232460984    26.722953426938187   0.038977023  
  196.86822204174032   26.725501587813664   0.037516013  
  196.87311467999828   29.46257425180508    0.02299928   
  197.01049600499988   29.2696432544259     0.04910071   
  197.02565334579097   29.1153710161527     0.052499734  
  197.04672635474392   28.128848461901594   0.018199285  
  197.10467275408274   28.985051862915974   0.025601083  
  197.12712038269925   29.47800526537271    0.023999974  
  197.13073184758898   29.01128321343158    0.024900598  
  197.15833683124288   28.907619583982818   0.03960079   
  197.1708784232104    28.2831226534047     0.019400118  
  197.20353564795198   28.788774478515194   0.039300583  
  197.2257929250017    28.183921441079132   0.019973848  
  197.22862429149887   29.544425025900704   0.023025965  
  197.2427040404299    28.054434313023627   0.02372645   
  197.32046832669965   27.97002681781219    0.035901558  
  197.35961856237802   28.72239391592102    0.037599403  
  197.4770202752155    29.282832777785195   0.03891031   
  197.48999060978568   29.42734765909131    0.0262015    
  197.49815798253996   30.039584747156777   0.034810804  
  197.50950530855596   29.963477617901244   0.03489753   
  192.02485510819517   29.443658014402793   0.02305276   
  192.07575372862195   28.951245975883715   0.054978117  
  192.20114716260014   27.035817830262793   0.021171346  
  192.42215783971668   30.753527544419633   0.016231254  
  192.61699297837234   27.434897930339126   0.021385336  
  192.72522154649016   27.841825009445785   0.025295377  
  192.76495594226333   27.369966726861627   0.027728843  
  192.82470787166764   27.10614611718783    0.018835008  
  192.8536933923678    29.397857822191117   0.029400384  
  192.9195084250019    28.05316404843352    0.020658765  
  193.5265107552995    29.242692933478597   0.024604985  
  193.69922622039988   30.54484999063622    0.020791458  
  194.0064658461189    28.038374333350003   0.019796157  
  194.14662765675885   28.27544977445871    0.024334192  
  194.1834226354488    30.71921852277139    0.026279973  
  194.21088013690053   28.929819021428482   0.026997002  
  194.23306296100913   27.46238392345037    0.025394108  
  194.27046440048775   27.67737442240937    0.02608517   
  194.29982295132666   27.10334719161815    0.024506038  
  194.2974665838599    29.045064991341043   0.024955323  
  194.33952741793644   27.47529089885583    0.02302263   
  194.38001583315673   26.512167735384793   0.02413017   
  194.4558587114884    29.045197971736822   0.02299928   
  194.45882433137828   29.65454103544238    0.008425842  
  194.46098959784538   27.87949314624809    0.023173528  
  194.47473775486736   28.499791803447653   0.024360111  
  194.51968943703258   27.688278332953693   0.024046673  
  194.55281321012015   26.396856768412857   0.019662103  
  194.55554186467      28.94809689608617    0.025556896  
  194.5759828820776    29.128796764017036   0.026326759  
  194.59166172443048   27.89229443113019    0.024350516  
  194.6160132018626    28.97413407263879    0.023800401  
  194.62584111827218   28.0147435044071     0.023838015  
  194.65145499759285   28.11375933414581    0.022695495  
  194.6697323669048    27.82691839874406    0.02057693   
  194.76989053451672   28.05040151259964    0.026892204  
  194.7739691014979    28.070601289482617   0.035684742  
  194.80799197574      28.07626062999215    0.026046602  
  194.83415955414264   28.07430349609699    0.023887731  
  194.8562020020399    27.973221828569574   0.020330098  
  194.8575676276856    28.186989738043202   0.025764361  
  194.90618921591684   28.166148632611254   0.01908395   
  194.91722366808165   28.63079521006544    0.017836142  
  194.91523323138026   27.95392267733857    0.026788356  
  194.93418620320645   27.95844371948743    0.023033172  
  195.01249281071546   28.24031166784269    0.025686296  
  195.02293617842795   27.807604416362924   0.021925995  
  195.02662313289042   28.004119640995096   0.024245948  
  195.03810404848173   27.866495866034242   0.017732996  
  195.04266047013132   27.863967855302462   0.033114754  
  195.0536102986219    28.075500055336608   0.02503316   
  195.05261732551062   27.78182179150451    0.023373222  
  195.06022342282614   27.280747257237703   0.037042458  
  195.0614482420314    28.041361604642862   0.01912005   
  195.07470537304542   28.20238587967039    0.028444372  
  195.1182935413971    27.97239975505241    0.0257351    
  195.15777092450816   28.058083042017124   0.025527481  
  195.1702159025311    27.996611538400444   0.023638587  
  195.182815690175     28.416317886738216   0.020927435  
  195.19752621965773   27.92218990253886    0.028574541  
  195.2255084693947    27.783702050842802   0.027676078  
  195.233587360609     27.790852837881147   0.026594106  
  195.28067552426262   28.12159178433122    0.035000935  
  195.2876509662578    28.35978714584869    0.023012735  
  195.28848150492655   27.818312499740987   0.019748965  
  195.2946079629163    27.80289188441232    0.022322081  
  195.34489679530787   28.19603497469947    0.025362283  
  195.3825281316627    27.84751369256908    0.018224692  
  195.43073313365346   29.044648312093162   0.023729945  
  195.52505628717563   27.76510406709019    0.02414318   
  195.55322707298302   28.214851657848506   0.02730983   
  195.55974839999072   28.101613578427784   0.019838894  
  195.63284173870684   27.93554474601412    0.022082997  
  195.66998660804887   28.371277511021553   0.024727242  
  195.73574182253327   28.07041850023681    0.02588479   
  195.84641593004017   28.864183092444705   0.02190953   
  195.8751672077804    28.274718775067065   0.021385659  
  195.9521267516305    26.089304766745183   0.037573162  
  195.97863804094308   28.187655344110343   0.022917058  
  195.9874800376391    26.72955191348151    0.022041101  
  196.07678060912892   28.46815473903684    0.025773376  
  196.0945247065313    28.81077750046048    0.026468502  
  196.14220210673813   26.773665186726202   0.0063949972 
  196.32868331403435   30.277288763195337   0.033169158  
  196.3552579022103    29.296480635949337   0.023546636  
  196.49849283694414   29.278818318760095   0.026417984  
  196.5348299521364    30.20945630560264    0.016145697  
  196.58081483659095   28.05249602311096    0.024085013  
  196.63725336125236   29.365941734645155   0.024336966  
  196.64831762248153   27.168745493370643   0.025764521  
  196.80502640562952   28.046934768852836   0.024352618  
  196.81301922964113   28.342915338727      0.018599562  
  197.0902184560488    29.228486341499934   0.023396488  
  197.11368682536548   28.320490343099742   0.02168365   
  197.2293654619402    28.023299367836643   0.017058494  
  197.23815137431873   28.280486665654273   0.019482723  
  197.54084395395253   29.295450821851713   0.031598575  
  197.84373907182257   29.619872735290077   0.025300875  
