# agcnum   radeg      decdeg    vhel    sepmin    
  230055   196.2567   12.0678   10912   359.85    
  232319   196.3508   11.1364   14573   356.6801  
  232457   196.4054   12.155    16409   351.3601  
  232320   196.4121   11.9747   17777   350.5754  
  232458   196.4404   12.0525   10881   349.0429  
  232321   196.4813   11.2236   16256   348.458   
  232459   196.5271   12.5258   16358   346.1284  
  232322   196.5308   11.2286   16465   345.5247  
  232323   196.5733   11.0875   16487   344.0544  
  8192     196.5767   10.3767   9611    352.0373  
  232324   196.5829   11.1003   16445   343.3944  
  713155   196.6033   9.9431    14609   357.9241  
  232460   196.6375   12.4711   12932   339.3291  
  232325   196.6479   11.5519   16311   337.1088  
  232461   196.6513   12.4611   12965   338.4629  
  713160   196.6813   9.6531    16953   359.5382  
  713161   196.6904   9.9836    14546   352.2723  
  713165   196.7079   9.6539    15980   358.0517  
  713166   196.7167   9.6392    16019   357.8945  
  713167   196.7292   10.9603   16410   336.0776  
  230085   196.7375   13.22     10576   341.4803  
  713168   196.7446   9.5119    16710   359.2546  
  713169   196.7542   9.8097    17032   352.1687  
  713170   196.7563   9.6178    16743   356.1968  
  713171   196.7571   10.9653   17477   334.4069  
  713172   196.7571   9.6344    16415   355.7786  
  232244   196.7571   13.0172   8125    337.634   
  230088   196.7612   13.6372   8249    347.0405  
  230089   196.7625   13.0747   8127    338.0586  
  713173   196.7646   13.6369   8186    346.8505  
  713174   196.7754   9.6158    16536   355.189   
  713175   196.7954   9.6453    13613   353.4317  
  713176   196.7975   9.6258    16357   353.7536  
  232245   196.7996   11.1681   7434    330.2278  
  713177   196.81     9.7797    9925    349.704   
  232568   196.8204   13.3647   16387   339.0107  
  230094   196.8225   13.6467   8030    343.8231  
  735125   196.8242   10.81     3260    332.1111  
  713178   196.8467   9.4847    16315   354.343   
  713179   196.8658   9.6469    16426   349.5314  
  232246   196.8708   11.7133   7494    323.6489  
  232247   196.8796   12.3578   6745    324.5202  
  232569   196.8908   14.0086   16455   347.5484  
  713180   196.9171   9.7964    16643   343.429   
  713181   196.9183   9.6589    16785   346.3846  
  232570   196.9379   13.5381   10501   335.4107  
  713182   196.9388   10.5294   16457   329.0807  
  713183   196.9433   9.6222    14768   345.8532  
  232603   196.96     14.6036   10279   358.8089  
  232248   196.9808   14.1728   8214    346.5429  
  232249   197.0033   14.2317   8304    346.7887  
  233780   197.0096   9.9564    3156    334.9753  
  232214   197.0396   10.2772   16598   327.3024  
  230109   197.0492   11.2833   11246   314.8468  
  713184   197.0625   9.0825    15976   353.2622  
  232462   197.0692   12.9517   10994   318.9688  
  713185   197.0875   9.9203    15997   331.386   
  232250   197.0892   11.5153   7495    311.3364  
  713186   197.0929   9.315     14716   345.3493  
  232604   197.0933   14.2417   16393   342.2804  
  232571   197.0946   14.0297   16381   337.0652  
  713187   197.1133   10.1447   10986   325.5166  
  232216   197.1192   10.6689   7329    316.8046  
  232463   197.1267   12.9653   10846   315.8548  
  233784   197.1654   9.8861    16128   327.7942  
  232572   197.1708   13.8353   17893   328.5568  
  233783   197.1742   9.1944    3232    344.2893  
  233790   197.1962   9.9178    16220   325.4162  
  713188   197.2162   9.4622    10005   334.9561  
  735143   197.2217   8.8211    15012   352.7069  
  713189   197.2254   8.5939    13738   359.6819  
  232251   197.2258   13.4569   7644    317.9283  
  713190   197.2408   9.4531    14644   333.8738  
  232573   197.2408   13.775    17825   323.4466  
  713191   197.2442   9.3942    16275   335.2198  
  713192   197.2458   9.55      10032   331.1623  
  713193   197.2475   9.8106    9321    324.9267  
  713194   197.2496   9.5736    16629   330.3775  
  232252   197.2642   11.7817   6475    300.4769  
  713195   197.2725   10.1186   16721   317.0995  
  8232     197.2729   11.6336   7574    300.187   
  232253   197.2729   13.8053   3297    322.3625  
  713196   197.2733   9.4769    14929   331.5228  
  735147   197.3037   8.8314    15959   348.2154  
  232215   197.3075   10.3914   16811   310.1983  
  713197   197.3087   9.8292    16550   321.1509  
  230119   197.3121   8.5317    7156    357.4134  
  232254   197.3154   13.3856   8214    311.6517  
  232217   197.3237   10.6736   9555    304.9854  
  713198   197.3275   8.5022    7231    357.6332  
  713199   197.3287   8.5919    15916   354.5985  
  713200   197.3333   8.8983    13551   344.6499  
  713201   197.3625   9.7703    16154   319.554   
  735149   197.3733   8.8344    16205   344.5919  
  232326   197.4033   12.0281   16399   292.5233  
  713202   197.4046   9.5286    13535   323.1754  
  735151   197.4346   8.6983    13486   345.8569  
  713203   197.4471   8.7958    15902   342.0916  
  713204   197.4492   8.7544    15926   343.3124  
  230122   197.4525   11.6514   7385    289.6002  
  232255   197.4571   11.4108   7524    290.2256  
  232272   197.4892   13.3875   8814    302.023   
  232273   197.49     13.9747   8034    314.6369  
  713205   197.4908   8.755     15949   341.2121  
  232327   197.4929   11.5322   16237   287.5825  
  231685   197.4987   8.7128    13408   342.1916  
  713206   197.4996   10.2275   9872    302.3021  
  230128   197.5112   11.4519   16261   286.8464  
  713207   197.5238   9.795     15907   310.1941  
  713208   197.5242   9.8436    16449   309.0378  
  713209   197.5421   9.0947    15063   328.0233  
  713210   197.5429   9.9744    16352   305.0705  
  232274   197.5488   13.8544   3357    308.6111  
  233791   197.5621   8.7514    14222   337.7794  
  713211   197.5708   9.8369    15965   306.6478  
  233787   197.59     8.7528    14176   336.3478  
  232605   197.6263   14.0742   9935    309.9525  
  713212   197.6271   9.0225    15028   325.8811  
  232464   197.6338   12.6831   10811   283.4264  
  230133   197.6342   11.0225   12833   282.8811  
  735156   197.6354   8.5083    9726    342.3975  
  232465   197.6792   12.6756   10794   280.7302  
  8253     197.6829   11.7072   3264    275.9616  
  232328   197.7058   11.5081   7356    275.1862  
  232574   197.7096   13.1803   8251    286.0465  
  230138   197.7117   11.8708   8797    274.192   
  713213   197.7138   8.7464    9835    330.4441  
  722441   197.7242   8.7033    6425    331.3828  
  232275   197.7283   11.73     7524    273.2618  
  230140   197.7321   11.8747   8669    272.9959  
  8255     197.7354   11.4767   3399    273.5888  
  735158   197.7388   8.6272    15793   333.2722  
  232276   197.7388   11.9083   8604    272.6334  
  713214   197.7604   9.055     15111   318.1148  
  713215   197.7646   9.8183    16051   296.5793  
  230142   197.7708   8.8069    9874    325.61    
  232277   197.7917   14.5725   8124    315.8026  
  713216   197.795    8.9286    15209   320.4089  
  232575   197.8083   13.9425   6768    296.9847  
  232329   197.8108   11.4047   11657   269.5364  
  230144   197.8271   10.0814   6482    287.0969  
  232330   197.8288   11.1319   9169    270.5114  
  713217   197.8671   9.4328    16016   301.3318  
  713218   197.8787   10.9306   16249   269.7383  
  230146   197.8821   8.7431    3993    322.3225  
  232331   197.8904   11.4617   9014    264.5747  
  713219   197.8963   8.7131    15128   322.6692  
  713220   197.8975   8.7283    14934   322.0806  
  230147   197.9025   10.1292   9365    281.9067  
  232332   197.9042   11.1564   9605    265.9005  
  232606   197.915    14.6692   7894    312.834   
  735169   197.9154   8.5583    9898    327.2039  
  713221   197.9329   8.7361    15203   320.0952  
  230148   197.935    9.11      13401   307.5785  
  230150   197.9425   14.5703   7915    308.2897  
  713222   197.9521   9.8797    9945    284.9547  
  230151   197.9529   10.6022   9484    270.1114  
  232278   197.9592   14.6203   7824    309.0874  
  713223   197.9612   8.7236    15123   319.1609  
  232333   197.9821   11.345    9279    259.8798  
  232082   197.9833   11.0969   9381    261.8623  
  230152   197.9837   12.3531   8599    260.1534  
  735175   197.9842   10.6647   9399    267.3412  
  230153   197.9908   14.5664   7992    305.7949  
  231687   197.9992   9.6531    14913   288.2846  
  713224   198.0033   8.4467    13839   327.1334  
  713225   198.0162   9.3306    11365   296.6302  
  735176   198.0175   8.6669    15169   318.4584  
  713226   198.0242   9.9558    16380   279.2124  
  713227   198.0425   10.6086   9531    264.9239  
  232084   198.0504   14.6539   7820    305.7642  
  232334   198.0621   11.5925   9689    253.9716  
  232466   198.0629   12.9075   8558    261.7809  
  232467   198.0725   12.8683   3392    260.6626  
  232335   198.0892   11.6731   9040    252.1665  
  230160   198.0908   12.1731   3338    252.7961  
  232336   198.095    11.7278   9600    251.7298  
  230162   198.1017   8.655     15111   314.8841  
  735182   198.1162   8.4653    6354    321.1909  
  713228   198.1221   9.7528    16039   279.1071  
  233861   198.1238   11.7425   9269    250.023   
  735183   198.1279   7.7297    9770    349.9969  
  230164   198.1367   11.7275   9392    249.2827  
  713229   198.1408   9.9261    16144   273.6417  
  232256   198.1458   15.0569   8064    315.4336  
  232468   198.1467   12.9619   7723    257.8864  
  713230   198.1467   9.9811    15861   271.9749  
  233862   198.1546   11.7372   9471    248.2185  
  232337   198.1571   11.8119   10062   248.0225  
  8289     198.1663   12.5994   3362    251.8597  
  232338   198.1671   11.9764   10128   247.6131  
  232469   198.1788   12.8064   8890    253.743   
  713231   198.1892   9.83      16126   273.5071  
  713232   198.1937   9.9275    16130   270.7638  
  232257   198.2183   13.5372   7704    265.2451  
  232470   198.2254   12.7247   17964   249.9797  
  713233   198.2275   10.6494   16122   253.7616  
  232471   198.2433   12.4781   3340    246.1531  
  232472   198.2512   12.6136   3331    247.1339  
  735189   198.2579   15.9586   14046   346.7301  
  713234   198.2608   9.3769    15956   282.7561  
  232473   198.2654   12.4206   7759    244.3429  
  713235   198.2658   10.8364   16105   248.7013  
  713236   198.2675   9.9461    16034   266.3395  
  713237   198.2808   9.2411    13382   286.0579  
  232474   198.2813   12.6839   9018    246.2634  
  8296     198.2921   9.69      4006    271.8791  
  713238   198.2933   9.8225    16266   268.1778  
  713239   198.2942   10.9317   17069   245.7822  
  231046   198.2962   9.6794    4012    271.9594  
  232631   198.2971   15.0792   17171   309.41    
  713240   198.3192   9.5083    7065    275.7687  
  8298     198.3321   10.1936   1156    256.9008  
  713241   198.3517   9.4383    14631   276.2494  
  231638   198.3525   8.0403    7110    327.4468  
  713242   198.3562   8.8506    15649   295.7662  
  230172   198.3583   8.9822    10208   290.9876  
  735193   198.3729   7.8908    7060    332.8454  
  713243   198.3937   9.7697    14847   264.3299  
  8306     198.3937   15.9914   6792    342.734   
  735195   198.3971   8.0939    7040    323.3098  
  232339   198.3975   11.9222   9518    233.9892  
  232340   198.4146   11.8528   9440    232.9104  
  230177   198.4175   12.6892   7308    238.5429  
  232341   198.4192   11.9711   10198   232.816   
  735197   198.43     8.6214    15274   300.8373  
  232475   198.4325   12.7714   3527    238.8203  
  713244   198.4421   15.6089   14028   324.3631  
  713245   198.4471   10.0531   472     254.0167  
  232258   198.4483   13.6789   6865    256.5192  
  232576   198.4608   13.7681   7635    258.243   
  232342   198.4854   11.7747   9348    228.7525  
  230181   198.4887   12.5925   7676    233.2485  
  713246   198.4917   8.8189    15402   290.5573  
  713247   198.4917   8.88      15486   288.3064  
  735201   198.4933   8.3336    15071   309.319   
  735202   198.5008   8.3181    15078   309.6207  
  735203   198.5229   8.5631    15351   298.8738  
  713248   198.5283   8.7561    15547   291.2057  
  735205   198.5329   8.1778    15151   314.0016  
  232476   198.5667   12.0633   10299   224.466   
  230185   198.5821   13.5072   7827    245.0827  
  713249   198.5825   8.9286    15457   282.2619  
  232477   198.5854   12.5525   7649    227.225   
  713250   198.6279   9.7556    14718   252.5562  
  713251   198.6321   9.0219    15325   276.522   
  238780   198.6333   7.0869    11839   358.7845  
  713252   198.6504   9.7861    14851   250.5018  
  713253   198.6538   8.63      15386   290.3758  
  735207   198.6538   8.4594    15051   297.1969  
  713254   198.6608   9.1472    6448    270.6646  
  232577   198.6683   13.3264   8482    236.136   
  735209   198.7088   8.4794    15461   293.9834  
  713255   198.71     9.8347    15636   246.0084  
  232259   198.7146   15.0367   7914    289.3599  
  713256   198.7183   8.7475    15314   282.8708  
  232642   198.7229   7.2389    13109   348.3173  
  713257   198.7263   9.0564    15418   270.8336  
  232643   198.7346   7.0703    13627   355.9118  
  232260   198.74     15.1083   7974    291.1652  
  230192   198.7504   10.0286   13158   238.4839  
  8322     198.7533   12.7242   7603    219.921   
  230193   198.7546   10.01     13368   238.7669  
  735210   198.7554   6.9847    15800   359.2857  
  713258   198.7604   9.3617    15654   258.4045  
  233621   198.7637   16.085    6547    332.8276  
  735211   198.7683   8.4867    15489   291.1015  
  238740   198.7683   7.1633    3974    350.249   
  713259   198.7692   9.0903    15399   267.5784  
  230195   198.7837   9.3483    15827   257.7262  
  232644   198.7862   6.9775    15185   358.5496  
  232645   198.7925   7.3261    16497   341.6437  
  232261   198.7937   15.5458   6685    307.4356  
  238741   198.7954   7.0536    13661   354.5457  
  713260   198.7992   9.9903    15536   236.9624  
  713261   198.8004   9.5153    15024   251.2978  
  233623   198.8037   16.0983   6420    331.9784  
  713262   198.8058   9.5411    13307   250.1833  
  232262   198.8096   15.2286   8574    293.2122  
  232578   198.8162   13.625    6748    235.8912  
  233864   198.8217   13.0792   7569    222.4014  
  713263   198.8237   9.6603    14924   245.4667  
  233865   198.8242   13.1022   7504    222.7408  
  232646   198.8329   7.3181    13010   340.5461  
  232579   198.8333   13.5425   6809    232.7589  
  230199   198.835    13.0908   7574    221.9104  
  230200   198.8413   12.9053   7463    217.9623  
  232343   198.8446   11.7661   6589    207.6628  
  230201   198.8479   12.895    7673    217.4054  
  713264   198.8517   9.8447    14606   238.405   
  735213   198.8525   6.9119    16328   359.4433  
  232632   198.8554   15.4228   7959    299.6257  
  735214   198.8558   8.0819    11748   304.6724  
  232478   198.8596   12.6767   7711    213.1922  
  713265   198.8662   9.8786    15136   236.655   
  713266   198.8708   9.9686    15534   233.8218  
  713267   198.8713   9.7883    15309   239.0958  
  713268   198.8742   9.85      14884   237.0923  
  232479   198.8775   12.8731   7486    215.3618  
  735215   198.8804   8.6686    15465   278.8031  
  713269   198.8846   10.2817   6496    224.8227  
  713270   198.885    9.7661    14542   239.0758  
  713271   198.8942   9.8544    14302   235.9336  
  713272   198.8954   9.8733    14784   235.3087  
  713273   198.9071   9.5456    15703   245.0284  
  713274   198.9358   8.7361    15304   273.6452  
  713275   198.9433   9.295     15784   251.9386  
  713276   198.9442   9.9169    15283   231.5131  
  713277   198.9467   8.6936    15384   274.8963  
  230203   198.9492   10.0025   15823   228.7815  
  713278   198.9525   8.8125    14950   269.8432  
  735217   198.9571   8.5361    15280   280.9577  
  231318   198.9646   8.0392    7196    302.231   
  232087   198.9646   8.3364    15297   289.1418  
  233600   198.9783   8.0272    7157    302.2257  
  713279   198.9796   10.0303   16113   226.4106  
  232687   198.9813   6.9286    5894    354.2454  
  713280   198.9821   8.8053    15148   268.8266  
  735219   198.9837   7.9961    14840   303.4165  
  232647   198.985    7.0964    14336   345.8515  
  735220   198.9858   8.6178    14979   276.3252  
  232648   198.9875   7.2842    13206   336.6259  
  231319   198.9908   7.3294    13467   334.3231  
  713281   199.0004   10.1083   16124   223.1485  
  735221   199.0033   8.5375    15701   278.9409  
  232649   199.005    7.0211    16059   348.8707  
  713282   199.0054   9.9853    15706   226.3561  
  713283   199.0058   8.5869    15241   276.7575  
  713284   199.0083   8.7936    15148   268.1438  
  232650   199.0137   7.0806    6233    345.645   
  232690   199.0137   6.9417    15958   352.5088  
  230208   199.0146   13.4031   9114    219.5787  
  238920   199.0188   7.0814    14752   345.4334  
  238743   199.02     7.7528    14725   313.1947  
  713285   199.0212   9.8231    14698   230.4103  
  742861   199.0212   16.5058   6743    343.9014  
  713286   199.0229   9.7786    14652   231.7144  
  713287   199.0287   8.4458    15473   281.7769  
  735223   199.0292   8.5031    13154   279.3144  
  735224   199.0317   7.2667    11953   335.9249  
  232651   199.0325   6.9756    14595   350.1992  
  232652   199.0346   7.4419    13380   327.3569  
  233866   199.0421   7.0436    14708   346.506   
  232653   199.0437   6.9786    10722   349.6715  
  232654   199.0479   7.0033    15082   348.3046  
  713288   199.0508   9.9925    16078   223.7983  
  238921   199.0529   7.03      13766   346.8151  
  232655   199.0667   7.1139    15044   342.2042  
  231026   199.0708   7.0464    15033   345.4012  
  713289   199.0783   8.4261    15091   280.5816  
  735226   199.0821   6.9394    14560   350.3502  
  735227   199.0833   6.9044    14407   352.0602  
  231641   199.0879   6.9939    14855   347.4405  
  230211   199.0892   13.5019   9176    218.3636  
  735228   199.0946   8.5419    14717   274.9251  
  735229   199.0962   15.8267   16566   308.6922  
  232480   199.0996   12.5222   3469    197.3811  
  232607   199.1125   14.9122   14895   267.396   
  232481   199.1142   12.9503   7686    203.6931  
  232656   199.115    7.035     15118   344.4938  
  735230   199.1217   8.4194    15039   279.1001  
  232657   199.1254   7.2678    7500    332.6308  
  238745   199.1296   8.0367    14478   295.9232  
  735231   199.1325   7.0       14779   345.6627  
  232658   199.135    7.0328    15607   343.9424  
  735232   199.1429   7.0633    15107   342.1558  
  232659   199.145    7.1208    15232   339.2251  
  232482   199.1492   12.1525   3448    190.8862  
  735233   199.15     7.7417    15321   308.9034  
  735234   199.1517   7.3092    15226   329.7008  
  232660   199.1521   7.0844    14777   340.8001  
  713290   199.1521   8.5256    15278   273.2471  
  232661   199.1537   7.015     14269   344.2136  
  232662   199.1542   7.0858    14360   340.6616  
  735235   199.1596   8.0289    14945   295.1337  
  232608   199.1608   14.4997   17996   248.657   
  713291   199.1625   8.5425    15233   272.0858  
  735236   199.1646   7.8397    15135   303.7442  
  232663   199.1708   7.1036    14159   339.2232  
  735237   199.1746   7.4397    15146   322.5287  
  735238   199.1754   8.0208    14658   294.9029  
  735239   199.1804   8.795     13184   260.6362  
  735240   199.1875   7.7683    16388   306.2722  
  735241   199.1879   7.7269    13940   308.2235  
  735243   199.1925   7.2192    15234   332.7555  
  232664   199.1925   7.6903    14656   309.8065  
  713292   199.1958   10.4817   15801   203.1898  
  232665   199.1962   7.6883    15123   309.7647  
  735244   199.2021   7.4478    15225   321.1818  
  713293   199.205    10.0172   15109   215.139   
  232666   199.2092   7.0928    11958   338.501   
  735245   199.2108   7.7275    14781   307.3694  
  735246   199.2154   7.6583    14839   310.5168  
  8345     199.2171   12.5483   945     191.0278  
  735248   199.2179   7.2597    15185   329.8932  
  232667   199.2183   7.29      14768   328.3796  
  735249   199.2313   7.7197    14875   307.0069  
  232668   199.2404   7.2192    12790   331.1577  
  8344     199.2433   7.8444    14655   300.6297  
  735250   199.2442   7.1242    14545   335.7823  
  735251   199.2471   7.7239    14577   306.2409  
  233867   199.2471   12.5647   17977   189.5533  
  735252   199.2483   7.0519    15294   339.2772  
  232483   199.25     12.8625   7611    194.4528  
  735253   199.2513   6.7725    15456   353.3856  
  713294   199.2571   9.9364    15734   214.9643  
  232669   199.26     7.1661    14321   333.1614  
  735254   199.2617   7.6531    14674   309.1313  
  232694   199.2658   6.7117    1788    356.0588  
  8350     199.2663   8.3989    7179    274.1993  
  713295   199.2738   10.8783   15873   190.7254  
  735255   199.2783   8.0019    15038   291.9189  
  713296   199.2817   9.6764    6520    222.2997  
  735256   199.2875   8.0942    14667   287.2735  
  735257   199.2908   7.1625    15906   332.3358  
  735258   199.3      7.7278    14722   304.1711  
  735259   199.3013   7.6522    14505   307.7817  
  231643   199.31     7.6803    7398    306.1151  
  232580   199.3104   13.5147   14940   207.4036  
  735260   199.3108   7.9294    13108   294.1403  
  713297   199.3154   9.4339    15585   229.3888  
  713298   199.3158   9.7567    13263   217.8982  
  232581   199.3188   13.9875   16440   222.3952  
  735261   199.3192   7.7       7058    304.8379  
  232670   199.3258   7.0389    15689   337.4571  
  232695   199.3425   6.8422    15397   346.9918  
  231644   199.3438   7.3986    14883   318.7916  
  735263   199.3492   7.6917    16370   304.1936  
  232344   199.3529   11.0733   17039   183.1207  
  230223   199.3554   9.3231    6591    231.7469  
  232696   199.3554   6.8808    17757   344.61    
  735264   199.3604   8.2028    7209    279.4876  
  735265   199.3708   7.7239    15248   301.8719  
  735266   199.3913   8.6664    10466   257.3496  
  713299   199.3942   10.6258   15560   189.0723  
  713300   199.3979   9.7511    15628   214.0971  
  232671   199.4      7.3006    13680   321.8486  
  735267   199.4046   7.6458    15462   304.5223  
  735268   199.4104   7.7711    15307   298.1971  
  232264   199.4179   13.9403   8574    216.0623  
  713301   199.42     8.2881    15428   273.2889  
  713302   199.4204   9.8147    15706   210.8276  
  232265   199.4425   15.6764   8034    289.3322  
  232697   199.445    6.6156    8784    355.716   
  735270   199.4563   7.1672    15021   326.8146  
  735271   199.4733   6.9653    12114   336.662   
  735272   199.4746   7.5283    15166   307.9913  
  232582   199.4825   13.4594   16229   197.0472  
  232609   199.4975   14.3783   9147    229.1656  
  735273   199.4996   7.5517    14462   306.0022  
  232610   199.5096   14.44     9145    231.1621  
  735274   199.525    6.8042    12030   343.5101  
  232672   199.5267   7.1272    14976   326.686   
  735275   199.5321   7.6928    14940   297.8964  
  232345   199.5354   11.7506   7359    167.1018  
  238747   199.5379   8.0853    13577   278.5225  
  232346   199.5675   11.2842   15454   168.0871  
  232583   199.5737   13.4167   14991   191.1555  
  238748   199.5825   8.0703    14956   277.6671  
  232347   199.5871   11.0564   15854   170.028   
  735276   199.5933   7.9575    13260   282.775   
  735277   199.5958   7.9764    7005    281.7655  
  735279   199.6113   7.9333    13458   283.3451  
  735280   199.6196   7.5356    15172   302.9262  
  232348   199.6254   11.6408   16159   162.075   
  232349   199.6396   11.2017   15630   164.9292  
  735281   199.6454   7.9753    13105   280.1191  
  232584   199.6487   14.0469   8542    209.45    
  231647   199.6517   8.0011    12995   278.6371  
  231336   199.6546   7.9353    13359   281.7779  
  232266   199.6558   13.1222   7614    178.5336  
  735282   199.6604   7.8556    14788   285.5316  
  230229   199.6638   8.6856    7084    245.7218  
  232484   199.6733   12.3736   11054   162.6348  
  232485   199.69     12.3392   11004   161.2542  
  232585   199.6921   13.615    16423   191.7239  
  735284   199.7021   6.9431    16049   331.1228  
  230233   199.7029   12.3969   11048   161.2449  
  713303   199.7038   8.7292    7118    242.1915  
  735285   199.7038   7.7636    15524   288.7074  
  735286   199.7054   7.9892    15020   277.4011  
  735288   199.7221   6.5886    14901   349.4415  
  713304   199.7221   8.3522    15195   259.1487  
  231337   199.73     7.7953    14884   286.2641  
  735289   199.7329   6.5617    12018   350.601   
  713305   199.7354   10.4256   14584   175.8707  
  713306   199.7367   10.0214   14629   188.4002  
  232350   199.7454   11.3728   15835   156.8534  
  735290   199.7471   15.9111   6606    291.0258  
  713307   199.7492   10.3453   16025   177.4729  
  230234   199.7579   14.7911   6643    236.4129  
  231339   199.7758   7.8311    6487    282.9799  
  233795   199.7813   9.3997    9622    209.8366  
  735291   199.7908   8.5892    7155    245.4041  
  232673   199.7975   7.4308    6619    302.8089  
  735292   199.8013   7.3472    15315   307.049   
  233625   199.8054   15.8808   8098    287.7035  
  713308   199.8108   8.2697    6742    260.0209  
  735293   199.8129   7.2033    16389   314.2514  
  230237   199.83     8.43      6498    251.5746  
  230238   199.8346   8.7619    13594   235.7023  
  735295   199.8421   6.8728    15182   330.9966  
  232351   199.8454   11.6394   15525   149.1766  
  713309   199.85     10.0161   14573   183.1043  
  713310   199.86     8.5867    6507    242.9994  
  232352   199.8617   11.0961   15780   153.8143  
  232353   199.8646   11.4361   15601   149.3409  
  713311   199.875    8.3956    14988   251.6659  
  231341   199.8758   7.4803    12441   297.916   
  742901   199.8763   16.1131   8406    297.6016  
  735296   199.8771   15.9747   6596    290.3925  
  742902   199.8775   16.7606   7160    331.8904  
  735297   199.8792   8.5136    15113   245.808   
  735298   199.8817   7.8825    13830   277.0072  
  742904   199.8867   16.6444   6936    325.4228  
  8370     199.8892   16.9864   7097    343.8022  
  713312   199.8929   10.4547   14415   166.8645  
  735299   199.8996   16.0806   8390    295.2416  
  232354   199.9017   11.6586   16124   145.8071  
  742906   199.9075   16.27     6998    304.9592  
  232586   199.9112   13.33     16373   171.6255  
  232355   199.9183   11.1131   15657   150.3273  
  230241   199.9225   11.805    16164   144.3388  
  233626   199.9242   15.7531   8510    277.5836  
  713313   199.9321   10.7142   14629   157.8171  
  713315   199.9358   10.2417   14517   171.2735  
  713314   199.9358   10.3625   14656   167.4306  
  232356   199.9358   11.6478   16031   143.8418  
  735300   199.9471   7.5492    12093   292.2325  
  735301   199.9512   7.4183    14723   298.9844  
  713316   199.9521   10.3517   14959   166.9458  
  713317   199.9575   9.7722    12136   187.1424  
  735302   199.9662   7.76      14783   280.6914  
  735303   199.9692   7.4956    14648   294.4071  
  8375     199.9846   15.8503   6972    280.8171  
  735304   199.9896   7.7647    14448   279.7477  
  715812   199.9929   7.5214    15255   292.3689  
  735305   199.9962   7.455     14783   295.7755  
  713318   200.0      10.2408   14175   168.1382  
  735306   200.0083   8.1958    15399   257.1024  
  713319   200.0154   10.3064   15021   165.2192  
  232267   200.0162   14.8008   6835    227.3986  
  713320   200.0237   9.0442    14192   215.5105  
  715813   200.0262   7.0589    14951   316.1187  
  230245   200.0287   14.5431   3634    214.8918  
  230246   200.0287   15.8981   6917    282.0432  
  232268   200.0421   15.4053   6595    256.2642  
  232357   200.0446   11.8958   15516   137.2935  
  735307   200.0462   7.6011    15176   286.6505  
  735308   200.0525   8.2233    13054   254.2974  
  735309   200.0537   7.7886    15532   276.6043  
  735310   200.0567   7.9078    6500    270.3245  
  713321   200.0708   10.2375   14361   164.79    
  713322   200.0779   9.0444    14286   213.4494  
  735311   200.0783   8.1806    15016   255.6496  
  8379     200.0846   6.3361    11933   354.2736  
  715814   200.1071   7.8489    12005   271.8946  
  735313   200.1117   7.55      15797   287.5219  
  8383     200.1158   14.5339   8624    211.2494  
  715815   200.1158   6.53      15623   342.8192  
  231651   200.1312   7.5403    15192   287.5014  
  232486   200.1375   12.8231   7475    145.3726  
  713323   200.145    8.7767    9943    223.7501  
  232269   200.1583   14.5925   8843    212.4673  
  8385     200.1587   9.7872    1133    177.6464  
  232487   200.1742   12.5922   7626    138.0585  
  713324   200.1892   9.0089    9717    211.0197  
  232270   200.19     15.2589   6895    244.2748  
  735314   200.1988   8.0483    12116   258.7983  
  233628   200.1996   13.6361   6808    169.0342  
  232488   200.2046   12.3153   11333   131.5016  
  232633   200.2062   15.3797   17720   249.9841  
  232587   200.2154   13.1008   16014   149.2729  
  715816   200.2208   7.1875    12119   304.1886  
  735315   200.2283   8.0619    11750   257.2206  
  713325   200.2296   10.2631   12270   156.2561  
  713326   200.2329   8.7969    13227   219.7326  
  230262   200.2358   14.1556   7111    189.4282  
  8389     200.2392   8.9853    9588    210.3591  
  230261   200.2475   8.9778    9565    210.4253  
  713327   200.2638   8.9347    9449    211.9397  
  713328   200.2696   9.3981    12134   189.9017  
  238750   200.2729   8.1694    12190   250.3034  
  735318   200.2813   15.7786   17696   268.816   
  230264   200.2813   9.9731    6611    164.7939  
  713329   200.3121   8.5058    12645   231.7502  
  232358   200.315    12.0444   15765   122.1975  
  713330   200.3217   14.9683   8675    225.4541  
  713331   200.33     9.7       5867    174.0855  
  713332   200.3562   9.0753    14170   201.8951  
  230268   200.3571   14.7286   7258    212.2976  
  715817   200.3583   7.2717    15294   296.2302  
  230269   200.3688   12.3378   11415   122.5235  
  232359   200.3771   11.4131   6864    119.8568  
  232360   200.3771   11.1039   6864    124.7432  
  238751   200.3788   6.6014    6463    333.0252  
  232489   200.3796   12.5228   11147   125.3289  
  8395     200.3838   12.1875   11461   119.5818  
  742924   200.3858   17.1078   10992   339.5145  
  713333   200.3892   8.3511    13901   237.4167  
  232490   200.3942   12.2983   11374   120.4735  
  231350   200.3996   15.3217   6623    241.4034  
  713334   200.4004   10.0939   12084   154.718   
  713335   200.4121   10.1647   14449   151.4219  
  713336   200.4121   8.3653    14021   236.0079  
  713337   200.4142   9.6056    14777   174.8935  
  713338   200.425    10.6261   12517   134.5516  
  232361   200.4371   12.0      11518   114.7749  
  232491   200.4379   12.175    11454   116.32    
  232492   200.4433   12.7942   7644    128.57    
  713339   200.4463   8.5058    13617   227.675   
  230275   200.4804   14.3328   7041    188.7501  
  233796   200.4854   8.8139    9675    210.6228  
  742930   200.4888   16.4656   7137    301.4087  
  232094   200.4983   8.1003    15172   247.6596  
  230278   200.5033   10.7233   12492   127.5958  
  713340   200.5042   10.7544   12561   126.6234  
  713341   200.5137   8.8672    9726    207.0189  
  231351   200.5217   6.1144    6872    357.8083  
  713342   200.5233   8.9308    13080   203.4866  
  230280   200.5254   10.7083   6723    126.9323  
  715818   200.5388   6.7547    12429   321.0978  
  232611   200.5554   14.2681   17826   183.0442  
  713343   200.5692   10.195    12206   143.2392  
  231927   200.5746   13.9672   7230    168.0378  
  713344   200.5946   9.0125    15669   197.0885  
  232612   200.6204   14.3711   17963   185.9641  
  713345   200.6292   9.7094    14669   161.9044  
  713346   200.6333   8.5208    13674   221.5415  
  232362   200.6371   11.9806   11564   102.9794  
  735319   200.6438   15.6911   16874   255.0721  
  232281   200.6604   10.9047   14434   114.2164  
  232588   200.6617   13.2525   11477   133.5822  
  715819   200.6821   7.8092    15173   259.0039  
  713347   200.7188   8.4011    13143   225.6931  
  230285   200.7308   8.1617    14907   238.4345  
  232271   200.7433   14.8439   6685    206.7225  
  713348   200.7446   8.2547    11859   233.0061  
  230287   200.7471   8.0972    15127   241.5872  
  8408     200.7512   13.9506   7289    160.9401  
  232493   200.7558   12.8514   15496   114.5866  
  713349   200.7604   8.4156    15910   223.8498  
  232363   200.78     11.4083   14389   96.7686   
  742952   200.8108   16.3969   7126    291.1796  
  232589   200.8125   13.1872   15044   124.3923  
  232590   200.8158   13.1397   14842   122.3478  
  232282   200.8237   11.0189   12624   102.523   
  232591   200.8283   13.1086   15168   120.5701  
  232592   200.8313   13.1897   14964   123.6851  
  713350   200.8612   9.5592    12651   160.9701  
  713351   200.8621   14.195    7026    169.472   
  8413     200.8642   6.3925    6976    335.9821  
  232494   200.8667   12.9194   7434    111.6718  
  230295   200.8779   13.7728   7303    147.9767  
  715820   200.8933   7.6125    15902   265.5386  
  232364   200.9012   11.2389   13018   92.9862   
  231356   200.9033   6.4067    11860   334.5488  
  230297   200.9037   13.9733   6462    156.9634  
  232365   200.9117   11.4356   14122   88.8594   
  735321   200.9204   8.5278    13334   213.7935  
  230298   200.9242   13.1217   15505   116.9281  
  231929   200.93     14.4247   7239    179.4299  
  742957   200.9342   17.0272   7267    325.3441  
  233631   200.9367   14.6928   6565    193.5652  
  715822   200.9421   7.53      12420   269.2936  
  735322   200.9471   15.3964   7366    232.0316  
  713352   200.9546   14.5361   7401    184.6872  
  231821   200.9588   13.8956   6792    151.304   
  735323   200.9621   8.6122    13466   208.1606  
  8417     200.9679   13.7344   6424    143.0315  
  238923   200.9696   8.2358    15888   228.8725  
  713353   200.9717   10.5672   16342   110.6441  
  230300   200.9725   14.3714   7076    175.4421  
  231930   200.9746   14.3333   6885    173.3738  
  233868   200.9783   13.8731   7081    149.5488  
  713354   200.9796   8.2236    10543   229.3424  
  232366   200.9804   11.9703   7304    82.897    
  230301   200.9892   12.0425   11712   83.0612   
  715823   200.9904   7.8144    15360   252.2014  
  713355   200.9937   8.2083    15680   229.8989  
  8421     201.0029   9.71      6993    148.8051  
  231931   201.0067   13.6172   6760    136.0099  
  231823   201.0075   13.9533   7132    152.6891  
  713356   201.015    15.6189   8682    243.1957  
  713357   201.0158   13.9356   6448    151.5269  
  713358   201.0217   9.1853    15687   175.5548  
  713359   201.0383   10.6906   12035   102.8326  
  231358   201.0396   6.9075    12182   303.4212  
  713360   201.04     10.565    13453   107.7552  
  230302   201.0413   9.6617    7234    150.0465  
  8423     201.0413   13.9764   6908    152.8447  
  713361   201.0437   8.6017    13481   206.8547  
  713362   201.0446   8.3989    15405   218.1415  
  231932   201.045    14.0611   7060    157.1162  
  715824   201.0504   7.5803    16273   264.4567  
  232367   201.0529   11.3614   14245   82.11     
  8425     201.0529   15.5942   8552    241.078   
  231089   201.0562   15.5683   8504    239.5493  
  231919   201.0575   13.9297   7526    149.9583  
  230303   201.0596   13.9372   17901   150.281   
  231933   201.0625   13.7786   6791    142.1223  
  231415   201.0646   7.2544    12265   282.9604  
  713363   201.0679   14.635    13427   187.1884  
  713364   201.0704   9.675     6971    148.465   
  715825   201.0721   7.7594    15788   253.8136  
  231934   201.0725   14.0856   6842    157.6026  
  713365   201.0758   14.5683   7153    183.3584  
  232368   201.0775   11.98     11737   77.3327   
  715826   201.0804   6.7742    6886    310.5458  
  230305   201.1004   13.9375   6936    149.0818  
  715827   201.1004   7.6311    16251   260.671   
  713366   201.1012   13.6869   17881   136.2838  
  233799   201.1025   9.74      6986    144.1467  
  231935   201.1033   13.8125   6233    142.5657  
  8429     201.1042   17.0936   7280    326.8115  
  713368   201.1092   8.2947    15946   222.6694  
  713367   201.1092   14.2606   7309    165.8787  
  231962   201.1162   13.6964   17772   136.2788  
  713369   201.1183   8.4725    15969   212.4603  
  8428     201.1204   14.0925   7320    156.6296  
  231936   201.1287   13.4794   7061    125.1336  
  232369   201.1321   11.7703   6922    73.3075   
  713370   201.1342   13.7333   6669    137.5844  
  713371   201.1392   10.6519   16412   99.9208   
  715828   201.1404   6.6986    12062   314.0929  
  231937   201.1446   14.0028   7105    151.2261  
  8427     201.1462   6.5292    6938    323.9124  
  233800   201.1496   8.7769    13329   194.7504  
  238753   201.1542   6.8089    12136   307.4677  
  232495   201.16     12.1444   7270    74.7247   
  713372   201.1604   8.415     14966   214.8507  
  715829   201.1754   7.2894    12292   279.1961  
  231938   201.18     13.7639   7242    137.7542  
  713373   201.1846   8.4842    15638   210.4601  
  713374   201.1862   8.5425    15532   207.1304  
  713375   201.1983   8.2953    15523   220.9175  
  230311   201.2      16.1453   7151    270.2739  
  715830   201.2021   6.7086    12079   312.6749  
  230310   201.205    16.145    7096    270.1839  
  713376   201.2104   8.3742    16212   216.2003  
  230313   201.2121   13.7378   6652    135.4537  
  230312   201.215    13.5808   6769    127.3321  
  713377   201.2154   8.3039    15514   220.1097  
  713378   201.2171   8.3978    15896   214.7314  
  230314   201.2183   14.0769   7204    153.1841  
  232496   201.2225   12.19     13900   72.0781   
  713379   201.2258   8.3647    15577   216.4491  
  231939   201.2296   13.8561   7387    141.1302  
  231940   201.2308   13.8758   6890    142.1357  
  715831   201.2313   6.4708    12069   326.2378  
  713380   201.2371   8.4178    15815   213.2172  
  232370   201.2387   11.6525   14009   67.5435   
  715832   201.2387   6.9636    16001   297.274   
  715833   201.2429   6.3264    7080    334.5816  
  232497   201.25     12.4136   13894   76.1646   
  735324   201.25     14.0536   7162    151.1131  
  232283   201.2596   10.9531   17566   82.8059   
  713381   201.2625   8.4742    15452   209.531   
  233585   201.28     15.8403   8480    251.4026  
  713382   201.2804   8.3406    15972   216.839   
  231942   201.2825   13.9758   7261    146.09    
  713383   201.2842   8.3694    15653   215.1183  
  232284   201.2875   11.0019   17461   79.7302   
  238924   201.2883   15.8536   8498    252.0528  
  230190   201.2929   17.0531   8260    322.1162  
  713384   201.2992   8.3636    15415   215.1877  
  231964   201.3083   13.5672   14924   123.7878  
  713385   201.3083   8.0703    15205   231.913   
  713386   201.3104   8.3425    14986   216.2033  
  713387   201.3117   8.3969    15974   213.0578  
  231943   201.3142   13.2758   6549    108.9007  
  230318   201.3154   14.4731   7039    172.6589  
  713388   201.32     8.3289    15353   216.8206  
  713389   201.3254   8.3858    14842   213.4566  
  232593   201.3375   13.1361   6874    101.3253  
  715835   201.3483   7.9086    16346   240.6529  
  713390   201.3483   13.6694   6904    127.9858  
  715836   201.3662   7.6969    9777    252.7101  
  232498   201.3704   12.4842   7272    72.4484   
  713391   201.3713   13.3081   11785   108.6347  
  713392   201.3742   10.2394   12880   110.221   
  742973   201.375    16.1561   11045   268.5002  
  713393   201.3754   8.3653    15997   213.7988  
  230320   201.38     11.825    11740   58.7711   
  713394   201.3867   14.025    7047    146.2176  
  231363   201.4004   14.215    7026    156.4404  
  232499   201.4079   12.6281   17245   76.0688   
  232371   201.4125   11.6303   11965   57.6302   
  232372   201.4179   11.5606   12843   58.1636   
  713395   201.4217   13.9169   7250    139.4617  
  735326   201.4238   6.3761    7115    329.6512  
  713396   201.4258   8.3503    15402   213.8598  
  713397   201.4267   10.2933   11987   105.8335  
  715837   201.4329   6.5569    10035   318.8697  
  735327   201.4358   15.7969   11149   246.7095  
  715838   201.4363   7.7581    16203   248.1854  
  231944   201.4417   13.9106   6701    138.6438  
  713398   201.4496   10.135    12062   113.3467  
  232373   201.46     11.6819   11941   54.4241   
  230324   201.4729   13.2978   6667    104.9834  
  715839   201.4788   7.9756    10561   234.9014  
  713399   201.4933   9.9864    12036   120.0911  
  232594   201.4942   13.1419   11699   96.3673   
  713400   201.4975   8.1725    15291   223.1435  
  742978   201.5008   16.8044   8220    305.257   
  742979   201.5025   17.0317   8190    318.6861  
  715840   201.5037   6.2231    11875   337.9433  
  232595   201.5192   13.7358   11714   127.2294  
  713401   201.5267   8.1464    15127   224.274   
  232613   201.5325   14.1833   11514   151.9858  
  713402   201.5329   8.9881    13337   175.3108  
  232614   201.5583   14.2556   11581   155.6137  
  715841   201.5608   6.4067    11894   326.5404  
  713403   201.5671   8.5242    16867   201.6636  
  231945   201.5721   13.8106   7058    130.1998  
  715842   201.5721   7.9294    14997   236.4222  
  713404   201.575    8.8436    17027   182.9767  
  713405   201.5833   9.8394    16048   126.0221  
  232374   201.5917   11.9725   6726    47.584    
  232500   201.5925   12.6092   6339    67.5042   
  232285   201.5933   10.9686   17666   67.5411   
  713406   201.6021   8.4292    15224   206.7364  
  742985   201.615    16.9803   8165    314.6545  
  232375   201.6167   11.2594   13504   54.9725   
  742986   201.62     16.9572   7252    313.2444  
  230335   201.6354   14.4206   7209    163.8005  
  715844   201.6429   7.3661    9814    268.9077  
  230336   201.6438   14.4097   17823   163.0449  
  713407   201.6563   10.0828   16054   110.8749  
  230337   201.6567   11.8719   13823   42.7717   
  715845   201.6571   6.2961    11939   332.3201  
  232376   201.6687   11.7486   11782   41.8477   
  231362   201.6696   16.8736   8167    307.8803  
  715846   201.6708   7.0617    16028   286.7043  
  232501   201.6717   12.8478   7011    75.9121   
  713408   201.69     8.7392    16921   187.4458  
  735328   201.6925   15.8161   13257   244.9463  
  742991   201.6937   16.4922   7067    285.0253  
  713409   201.7004   8.0964    15205   225.1433  
  232778   201.7004   5.8447    10278   358.9002  
  742992   201.7012   16.9025   8346    309.3578  
  233789   201.7083   10.5597   12038   83.6639   
  232377   201.7129   12.0367   6952    41.8961   
  715847   201.7188   7.9111    15291   235.9098  
  713410   201.7192   10.7453   14493   73.6943   
  230339   201.7254   11.5625   6834    40.7851   
  713411   201.7313   8.1325    15134   222.6904  
  742994   201.7417   16.4428   12491   281.7078  
  713412   201.7483   8.4303    15886   204.9244  
  231946   201.7496   14.0381   6524    139.9111  
  231188   201.7537   15.2669   13334   211.8723  
  8450     201.755    10.0561   1055    110.2782  
  713413   201.7671   13.8361   6903    127.9762  
  715848   201.7908   7.9953    14984   230.2479  
  8452     201.7908   15.0953   7060    201.3562  
  232378   201.8292   11.9875   12068   34.4732   
  713414   201.8408   8.9761    13515   171.7234  
  230344   201.8442   12.3547   6457    46.2836   
  713415   201.8458   8.0303    15311   227.6987  
  232218   201.855    11.8836   7183    31.3534   
  232219   201.8579   11.8469   6801    30.8607   
  713416   201.8621   10.5583   11874   79.8643   
  713417   201.8642   8.7128    15402   187.0457  
  232379   201.8646   11.2392   17975   44.7782   
  713418   201.8746   8.7258    15581   186.1732  
  232380   201.89     11.7303   4243    28.9954   
  715849   201.8917   6.9756    16169   290.2258  
  8456     201.8954   15.1894   7096    205.9989  
  713419   201.9171   10.5664   11994   78.232    
  713420   201.9175   8.7133    14895   186.526   
  232381   201.9217   11.3408   6777    38.049    
  715851   201.9392   6.9314    16084   292.5988  
  232286   201.9425   10.8681   9423    60.9361   
  232502   201.9608   12.4533   6530    46.8546   
  715852   201.9654   6.865     16119   296.4341  
  713421   201.9771   8.5756    15558   194.2459  
  232382   201.9892   11.8753   6619    23.5341   
  232383   202.02     11.6936   6881    21.9037   
  715853   202.02     6.2658    9715    332.0521  
  232287   202.0383   10.9714   7179    52.9922   
  232220   202.0412   11.4436   6580    28.7205   
  713422   202.0425   8.4117    15780   203.5949  
  713423   202.0446   9.9258    6647    113.5007  
  232288   202.0458   10.8942   16874   57.1541   
  713424   202.0471   8.1486    10891   219.2841  
  232503   202.0542   12.7039   6877    58.1451   
  232289   202.0829   10.9178   6812    55.0955   
  232504   202.0842   12.7622   7423    60.9372   
  715854   202.0862   7.8464    15098   237.1699  
  233634   202.0946   13.2556   7421    89.5903   
  232221   202.095    11.4475   7054    26.4474   
  231365   202.1029   6.7578    7197    302.2954  
  232384   202.1037   11.7903   6192    16.2263   
  743010   202.1092   17.305    12720   331.3565  
  232385   202.1171   11.9975   13758   19.8843   
  231366   202.1187   16.4467   6692    279.8962  
  713425   202.12     8.3903    15616   204.4775  
  232596   202.1267   13.1078   7399    80.5297   
  232505   202.1325   12.8444   6987    64.9903   
  232506   202.1329   12.4439   6929    41.9036   
  715855   202.1446   6.2192    11717   334.4576  
  232507   202.1492   12.0656   6943    21.4419   
  715856   202.1596   6.1933    11621   335.9705  
  230350   202.1633   11.3869   6884    27.2582   
  232386   202.1667   11.9933   7009    17.5438   
  230351   202.1671   12.7108   7540    56.7243   
  230352   202.1737   11.6086   7312    16.2329   
  713426   202.1771   8.0594    15838   224.0711  
  713427   202.1771   8.0936    10919   222.0241  
  232387   202.1775   11.5756   7326    17.4645   
  230353   202.1783   11.625    7436    15.3876   
  232508   202.1937   12.3833   13832   37.3192   
  232222   202.2025   11.0325   6152    46.5525   
  233820   202.205    10.3817   6879    85.0432   
  713428   202.2067   15.095    7413    198.6409  
  232388   202.2075   11.5114   7148    19.4794   
  232389   202.2079   11.3367   6662    28.9424   
  713429   202.2092   9.0878    13486   162.3633  
  232390   202.2158   11.2508   14261   33.6795   
  232391   202.2175   11.0969   4273    42.5863   
  232392   202.2179   11.7558   7157    9.7227    
  713430   202.2183   14.5603   14910   166.5679  
  735331   202.2208   15.9928   6855    252.4202  
  713431   202.2254   13.9061   12098   127.3714  
  232393   202.2258   11.6431   12544   12.5826   
  8469     202.2275   10.0381   6720    105.4169  
  715857   202.2287   6.1325    16251   339.485   
  232223   202.2333   10.8783   6999    55.2942   
  230355   202.24     12.2008   13465   26.0627   
  233869   202.2454   12.1814   13144   24.8554   
  232394   202.2487   11.5417   6379    16.7041   
  713432   202.2542   13.8386   12081   123.2201  
  232290   202.26     10.9156   7118    52.8569   
  230356   202.2675   12.2378   7246    27.747    
  713433   202.2683   13.5167   8349    103.8892  
  231157   202.2688   11.2328   17879   33.9854   
  232395   202.2712   11.7514   7219    6.7676    
  715858   202.2763   6.5197    10006   316.1931  
  232396   202.2779   11.4956   6778    18.5785   
  713434   202.2783   9.1842    15989   156.3817  
  232509   202.2917   12.7689   7048    59.0442   
  713435   202.2917   14.4444   14872   159.4336  
  232397   202.2933   11.3739   6738    25.3995   
  230358   202.3054   11.9367   7111    9.9043    
  8472     202.3067   11.2758   6552    31.0674   
  713436   202.3083   8.1719    15913   217.0413  
  232398   202.3117   11.6      6701    12.0079   
  230359   202.3142   11.2031   7033    35.3459   
  232510   202.3175   12.7014   13758   54.8891   
  232511   202.3188   12.4894   7335    42.2032   
  232399   202.32     11.5306   7273    15.8798   
  715859   202.3237   6.245     11603   332.6334  
  713437   202.3246   15.0958   11961   198.4596  
  743021   202.3263   16.6208   8912    289.9502  
  232400   202.3283   11.8739   6688    5.9487    
  232512   202.3283   12.6603   7477    52.3876   
  8477     202.3296   17.0519   4085    315.8135  
  231368   202.3346   11.9158   6254    8.0858    
  238670   202.3362   11.74     7026    3.8876    
  232401   202.3379   11.3367   14307   27.2293   
  8476     202.3396   11.7347   6878    4.0117    
  230362   202.34     13.8733   17752   125.1052  
  713438   202.3413   9.3072    15956   148.9009  
  233802   202.3417   9.0608    6804    163.6823  
  232402   202.3458   11.5681   6460    13.3849   
  230361   202.3467   11.6575   7410    8.107     
  713439   202.3508   9.9489    6811    110.3967  
  230364   202.3513   11.7969   6511    1.7612    
  713440   202.3525   11.8044   6467    1.8743    
  232010   202.3525   11.7267   7432    4.0528    
  230363   202.3542   11.7814   7099    1.5781    
  232403   202.3554   12.0444   6868    15.4178   
  230365   202.3571   11.91     6720    7.4066    
  8475     202.3575   11.0078   6779    46.8687   
  8479     202.3621   16.8261   6712    302.2519  
  715860   202.3675   7.0667    16091   283.3177  
  233870   202.3683   11.6553   7476    8.0294    
  713441   202.3692   8.0819    15897   222.4009  
  8478     202.3725   11.6247   6304    9.8432    
  230366   202.3783   11.7456   7721    2.5852    
  232513   202.3833   13.0094   7942    73.2502   
  233635   202.3875   14.9475   7024    189.5338  
  231920   202.3921   11.6358   6488    9.1941    
  713442   202.3942   13.8872   7614    125.9194  
  735332   202.3979   6.5133    16203   316.5185  
  230367   202.3979   11.6972   6548    5.5833    
  713443   202.4004   8.8722    16464   174.9875  
  232404   202.4008   11.5378   14207   15.0997   
  232224   202.4017   11.8139   7915    1.9795    
  233871   202.4021   11.6067   6679    10.9934   
  232405   202.4038   11.4619   6318    19.6496   
  232406   202.415    11.27     6469    31.1846   
  232514   202.4167   12.6525   13542   51.8778   
  233872   202.4183   11.685    12639   6.6118    
  232515   202.4229   12.3044   13574   31.0523   
  713444   202.4238   13.6714   12101   112.9957  
  230370   202.4238   13.3047   7570    91.0028   
  735333   202.4246   10.61     8006    70.7653   
  743022   202.4283   16.7683   6722    298.7965  
  230369   202.4288   12.19     12213   24.2527   
  743023   202.4346   17.0042   6567    312.9494  
  230371   202.435    9.9333    6433    111.3638  
  230372   202.4371   10.0183   7114    106.2699  
  735334   202.4454   6.465     16195   319.4402  
  232407   202.4608   11.35     6749    26.7421   
  230373   202.4612   12.3461   6472    33.7878   
  743024   202.4679   17.6647   16295   352.6035  
  735335   202.4808   6.6561    10123   308.0079  
  232516   202.4842   12.3211   13344   32.5292   
  713445   202.4858   9.4431    6622    140.8717  
  8486     202.4867   11.0719   6711    43.4551   
  735336   202.4883   6.3992    16362   323.4303  
  713446   202.4896   10.0397   7228    105.1317  
  232517   202.4908   12.3275   13403   32.9807   
  232518   202.4963   12.2594   13966   29.0619   
  713447   202.4983   8.8597    16099   175.8721  
  713448   202.5012   8.6092    15828   190.9009  
  735337   202.5054   13.3108   7351    91.6282   
  8488     202.5096   13.4158   7384    97.9276   
  232519   202.5133   12.9347   6948    69.2091   
  230378   202.5158   12.1753   13452   24.5315   
  715862   202.5275   7.7206    15870   244.239   
  713449   202.5325   8.9892    16049   168.2075  
  232291   202.54     10.9567   7257    50.796    
  232520   202.54     12.3189   13720   33.1727   
  735338   202.5413   7.7364    15048   243.3201  
  735339   202.5467   6.6411    10150   309.0076  
  743031   202.5488   16.6531   9055    292.0315  
  713450   202.5492   13.6064   7550    109.5151  
  233873   202.5575   11.5439   6669    18.0106   
  231375   202.565    7.4856    7002    258.4151  
  715863   202.5679   7.2247    6844    274.0589  
  232521   202.5688   12.0889   17708   21.1507   
  713451   202.5742   8.4867    15904   198.4482  
  230379   202.5796   11.5117   11367   20.3384   
  231158   202.6038   11.2144   17779   36.8763   
  735341   202.6038   7.8017    15375   239.582   
  232522   202.6046   12.4142   7306    39.7785   
  713453   202.6067   13.1967   7360    85.5203   
  713454   202.6079   8.5261    15055   196.2121  
  735342   202.6104   7.6756    6497    247.1591  
  232523   202.615    12.8158   14057   63.154    
  743036   202.6283   17.5631   6720    346.766   
  713455   202.6287   8.9647    13404   170.068   
  230994   202.63     12.5192   13014   46.2209   
  713456   202.6346   14.5956   8353    169.0718  
  232597   202.6479   13.0639   7254    78.1103   
  743037   202.6517   16.84     9126    303.4942  
  230380   202.6663   11.5947   7274    20.4498   
  713457   202.6667   13.1517   13729   83.4897   
  713458   202.6763   10.2242   16886   95.4744   
  231377   202.6812   7.53      6606    256.1369  
  230381   202.6975   11.2017   6541    39.8582   
  232408   202.7004   11.0653   16730   47.3141   
  232524   202.7021   12.2744   7672    34.741    
  230382   202.715    10.9392   6426    54.6435   
  232525   202.7179   12.0969   14028   27.1235   
  735343   202.7392   8.0675    14799   224.2731  
  232526   202.7492   12.5961   13970   53.067    
  713459   202.75     10.2558   16250   94.5126   
  232280   202.7504   11.4883   11070   28.2562   
  743040   202.7504   17.5628   12649   347.1157  
  232279   202.7504   11.5269   6768    26.8372   
  735344   202.7604   7.8236    7155    238.9603  
  230384   202.7604   11.3664   6720    33.7895   
  713460   202.7625   14.3294   12220   154.0801  
  232292   202.7658   11.0267   7298    51.0386   
  231657   202.7879   7.6019    6841    252.3553  
  230386   202.7904   11.4342   17896   32.1566   
  232409   202.7925   11.8331   7509    24.3716   
  713461   202.7942   8.8844    14677   175.956   
  715864   202.7975   7.2267    7271    274.8287  
  238676   202.8004   9.3606    16518   147.7781  
  232527   202.8167   12.5117   13894   50.3794   
  713462   202.82     8.5233    16151   197.6319  
  238810   202.8212   9.3533    6988    148.4159  
  713463   202.8237   10.6811   6969    71.3968   
  713464   202.8304   13.2106   13114   89.3029   
  735345   202.8346   8.0442    15030   226.2668  
  230389   202.8412   10.7258   6345    69.3026   
  232293   202.8471   10.8917   17194   60.4254   
  230387   202.8479   9.8242    6844    121.0493  
  230388   202.8525   9.9581    6732    113.3065  
  232225   202.8579   11.0386   6594    53.0566   
  713465   202.8662   10.4297   16234   86.4127   
  232528   202.8692   12.3069   13844   42.3207   
  743042   202.8733   17.745    6916    358.5264  
  232410   202.8796   11.9714   8042    31.3156   
  743043   202.8842   16.1608   7507    263.9696  
  232411   202.8912   11.5292   17865   33.8349   
  232529   202.9025   12.5169   12287   53.3752   
  713466   202.9033   10.2217   16923   98.9397   
  713467   202.9087   9.3903    16750   147.2395  
  713468   202.9087   13.9917   17727   135.752   
  713469   202.9121   14.3517   12679   156.8953  
  232530   202.9179   12.6244   14095   59.2457   
  233639   202.9221   14.2378   13328   150.3273  
  735346   202.9267   7.4753    6652    260.8114  
  713470   202.9292   9.5211    16564   139.85    
  233640   202.9333   14.2367   13284   150.4022  
  713471   202.9367   10.4469   16309   86.9151   
  233803   202.9383   9.5831    7028    136.3655  
  230395   202.9488   14.1336   7350    144.5759  
  735347   202.9496   7.4483    6267    262.5863  
  233641   202.9517   14.2761   6849    152.9444  
  735348   202.9542   6.25      11459   334.0524  
  8515     202.9625   11.2503   6944    47.0747   
  230396   202.9637   14.1375   7592    145.0068  
  232531   202.965    12.8092   12960   70.1824   
  232412   202.9771   11.8067   7007    35.084    
  238696   202.9842   6.0347    11348   347.0841  
  735349   202.9871   13.5169   4859    109.6203  
  713472   202.9925   8.9292    13444   175.333   
  735350   202.9942   6.9606    6618    291.9545  
  238811   203.0013   10.2311   6558    100.357   
  713473   203.0038   9.5381    16679   139.9516  
  735351   203.0088   8.2597    16007   214.9665  
  735352   203.0121   7.7169    16114   247.1414  
  713474   203.0163   10.4269   11936   89.878    
  231379   203.0196   17.0486   6514    317.779   
  230400   203.0204   13.1631   13248   90.5992   
  232532   203.0258   12.7597   7998    69.4885   
  713475   203.0296   9.8575    16894   122.0263  
  230402   203.0304   14.4339   8317    163.2031  
  713476   203.0325   8.8756    16275   178.9756  
  713477   203.0329   14.0619   7564    141.6426  
  230401   203.0333   10.4386   16343   89.6686   
  713478   203.0342   9.7497    6997    128.2654  
  735353   203.0396   7.4011    6983    266.1248  
  713479   203.0454   15.2256   14895   209.8376  
  232294   203.0492   10.8692   17571   67.7727   
  231380   203.0525   6.1461    7007    340.886   
  8518     203.0583   13.8919   7571    132.291   
  735354   203.0596   7.8883    7358    237.4388  
  230403   203.06     10.4081   7318    92.0011   
  735355   203.0667   8.2036    15078   218.8919  
  232413   203.0704   11.1978   9550    53.8938   
  735356   203.0763   7.9406    7079    234.5215  
  735357   203.0767   7.2658    6477    274.4781  
  230995   203.0788   14.1831   6896    149.3612  
  735358   203.08     8.425     16233   206.0075  
  713480   203.0838   10.5989   16274   82.5306   
  735359   203.0904   7.4558    7323    263.3399  
  743048   203.0983   17.3928   11234   338.8246  
  713481   203.0988   13.7522   7758    125.0977  
  230405   203.0996   11.1056   9590    58.9087   
  713482   203.1      9.8631    16759   123.078   
  735360   203.1063   7.3317    7018    270.8451  
  232533   203.1117   12.3039   11840   52.9063   
  735361   203.1129   10.0975   7073    110.2697  
  8519     203.1163   7.3167    6761    271.828   
  230407   203.1238   12.8175   7532    75.5773   
  232295   203.1263   10.8908   17350   69.4902   
  735362   203.1267   7.7169    7161    248.256   
  230408   203.1346   13.9331   6925    136.0261  
  231383   203.1346   7.2939    6741    273.3523  
  230409   203.1513   11.5947   6779    46.7841   
  232534   203.1525   12.8414   13068   77.7211   
  743055   203.1542   17.6006   11249   351.5963  
  735363   203.1763   6.7581    6842    305.4914  
  8522     203.1771   7.3269    7049    271.8202  
  713483   203.1783   13.8239   16205   130.7434  
  233823   203.1788   10.0014   16913   117.105   
  713484   203.1892   8.9322    17056   177.9118  
  735364   203.1938   6.7442    6940    306.476   
  233804   203.2046   10.1308   7222    110.6919  
  8523     203.205    7.17      6834    281.3824  
  713485   203.2067   9.4981    14546   145.8211  
  232535   203.2092   12.7686   13071   76.2922   
  233806   203.2167   9.9894    7146    118.6721  
  231388   203.2204   7.3928    6766    268.3931  
  713486   203.225    10.0311   17252   116.6101  
  8527     203.2258   9.52      6936    144.9652  
  231953   203.2275   7.3278    7099    272.3041  
  232536   203.2329   12.9092   12983   83.7813   
  231389   203.2333   7.2878    7586    274.7272  
  231391   203.2363   16.6372   6656    295.1457  
  231824   203.2417   13.9983   14390   141.8372  
  735365   203.2479   7.1908    6583    280.6047  
  735366   203.2496   7.3261    6657    272.6459  
  743063   203.2508   17.1633   7146    326.4241  
  743064   203.2538   16.6853   6415    298.1587  
  233874   203.2563   12.0519   7517    53.8127   
  230999   203.2567   7.12      6803    284.8786  
  735367   203.2638   6.5839    6428    316.6367  
  231392   203.2658   17.5969   7984    352.2679  
  230412   203.2663   9.5031    7005    146.7522  
  232414   203.2688   11.0758   8286    67.5335   
  230413   203.2708   14.205    13239   154.052   
  735368   203.2775   7.4844    7452    263.6477  
  713487   203.2958   15.1394   8128    208.0286  
  713488   203.2988   10.2125   16843   108.953   
  238678   203.3037   8.0567    7045    230.4738  
  743068   203.3104   17.1239   7086    324.6449  
  233807   203.3108   10.2842   7152    105.6068  
  713489   203.3137   13.1167   13053   96.6543   
  713490   203.3171   13.2461   12957   103.2472  
  713491   203.3175   13.3086   7125    106.4515  
  735369   203.3213   7.1883    6382    281.5779  
  230417   203.3283   11.1169   7569    68.804    
  232415   203.3288   11.4106   17525   60.1991   
  713492   203.3296   14.2508   17723   157.8161  
  233808   203.3321   11.2769   12473   63.8377   
  231393   203.3388   6.3186    11460   333.0762  
  713493   203.3396   8.7758    16194   189.4333  
  713494   203.34     13.2681   12768   105.0755  
  230418   203.3421   9.5272    7124    147.0635  
  713495   203.3425   14.6872   17857   182.774   
  232537   203.3458   12.5844   16215   74.0844   
  233875   203.3538   11.0672   16479   71.7835   
  713496   203.355    13.1817   13387   101.2337  
  238757   203.3575   6.3542    6126    331.1662  
  713497   203.36     13.2067   12458   102.6378  
  232538   203.3696   12.8808   12640   87.5153   
  713498   203.37     13.4981   7194    117.8089  
  735370   203.3717   6.5122    16186   321.983   
  8535     203.3721   17.4706   8146    345.7427  
  232539   203.3758   13.0133   16212   93.8349   
  743070   203.3787   17.6311   8141    355.3043  
  713499   203.3796   13.8556   13152   137.1114  
  713500   203.3854   13.8756   13329   138.3413  
  233825   203.3875   10.1561   7169    114.5239  
  713501   203.3963   13.8106   6936    135.1028  
  231396   203.3963   7.135     7201    285.6174  
  232540   203.3987   12.9797   13230   93.1218   
  713502   203.4058   9.4978    7130    150.1704  
  238789   203.4092   8.0231    7406    233.9758  
  230420   203.4096   13.2364   12925   105.7479  
  713503   203.4271   14.3836   12408   167.2911  
  231398   203.4283   16.9583   15113   316.1063  
  230421   203.4329   11.4511   12503   65.1091   
  713504   203.4333   13.245    12942   106.9682  
  713505   203.4438   14.0175   13203   147.494   
  735371   203.4454   7.1069    15102   287.8866  
  233809   203.4508   8.2744    13610   220.1342  
  735372   203.46     6.6211    9718    316.5747  
  713506   203.4629   10.5642   17066   97.2639   
  713507   203.4633   14.0689   17902   150.7701  
  735373   203.4688   7.0456    6725    291.7845  
  713508   203.47     10.6456   17017   93.9083   
  735374   203.4758   15.6211   14939   238.6536  
  230423   203.4783   13.2719   13184   109.814   
  713510   203.4825   13.1667   12872   104.9181  
  233876   203.4863   11.4869   11277   67.4826   
  713511   203.495    13.8006   6835    137.2155  
  233824   203.4971   8.2864    7480    220.2506  
  713512   203.5088   13.1022   13121   102.8856  
  713513   203.5104   10.5814   12278   98.3537   
  713514   203.5117   14.6039   17833   181.3889  
  713515   203.5133   13.3194   7164    113.3206  
  735375   203.5158   7.8947    16058   243.0871  
  233739   203.5171   13.5836   13138   126.6054  
  713516   203.5208   9.7839    11940   137.7996  
  713517   203.5262   9.3272    7225    162.4214  
  713518   203.5288   9.2619    1031    166.0537  
  713519   203.5304   8.6531    16262   200.0181  
  230427   203.5392   13.2808   13017   112.3619  
  713520   203.5413   10.6081   12324   98.4309   
  230426   203.5425   13.1631   12978   106.9506  
  713521   203.5533   13.8258   7046    140.1889  
  735376   203.5558   6.2817    6822    337.6768  
  230428   203.5613   9.6347    7258    146.8003  
  230430   203.5667   10.6506   11782   97.6721   
  713522   203.5704   9.7536    11930   140.8227  
  743090   203.5833   17.1133   12341   327.0374  
  735377   203.5867   15.4936   13965   233.1637  
  230431   203.5913   10.5642   9694    102.3733  
  233878   203.5979   11.7842   17769   71.5343   
  735378   203.5983   15.9847   11858   261.5712  
  735379   203.6      7.4281    7289    271.4005  
  232416   203.6017   11.1511   16312   81.384    
  238612   203.6067   8.8544    7080    190.3559  
  233879   203.61     11.7017   16652   72.4426   
  735380   203.6117   6.8994    7121    302.2712  
  232417   203.6221   11.1503   16563   82.4687   
  713523   203.625    13.8039   7293    141.1611  
  233880   203.625    11.8139   17720   73.136    
  735381   203.6338   7.01      11463   296.1601  
  238698   203.6367   5.9458    7206    358.3879  
  232541   203.6371   13.0236   7540    104.4837  
  230435   203.6479   8.6931    7746    200.2492  
  230434   203.6492   8.7203    7555    198.7621  
  230436   203.6583   8.7936    1215    194.8991  
  233642   203.6742   13.4344   13123   124.4712  
  8555     203.6792   9.3369    7080    165.8596  
  713524   203.6812   13.7519   7588    140.2637  
  238758   203.6825   6.2706    6735    339.9532  
  230438   203.6933   11.4814   16420   79.3509   
  743094   203.6942   17.5614   8000    354.6577  
  735382   203.6967   6.7131    16170   314.35    
  713525   203.7008   13.7442   6639    140.4998  
  238792   203.7017   6.5372    9713    324.6566  
  735383   203.7088   7.8369    16015   249.7702  
  713526   203.7092   8.3447    15242   221.0452  
  735384   203.7112   7.7781    16143   253.1745  
  735385   203.7158   6.44      6844    330.5229  
  735386   203.7208   7.7939    7024    252.4484  
  735387   203.7296   7.5228    15118   268.1037  
  233643   203.7313   15.8275   6570    254.7962  
  8559     203.7329   13.8322   7007    145.9431  
  8558     203.7329   13.7417   6858    141.4171  
  232634   203.7354   16.7925   8094    310.3965  
  233810   203.7358   10.8622   9647    97.2207   
  231050   203.74     13.7442   6889    141.7734  
  713527   203.7504   13.6192   6948    136.002   
  232418   203.7558   11.6444   16497   81.2908   
  735388   203.7575   6.6347    16351   319.8065  
  231775   203.7646   13.9222   7341    151.4827  
  743096   203.7662   16.5058   15089   294.2926  
  233812   203.7696   9.5608    7156    156.7756  
  233882   203.77     12.3006   15596   87.155    
  713528   203.7737   10.5056   16105   112.5065  
  735389   203.7771   6.4964    6666    328.133   
  232419   203.7837   11.5664   16502   83.5513   
  233645   203.7858   14.775    7743    197.0891  
  231408   203.7867   6.4808    6821    329.1798  
  713529   203.7904   13.89     6997    150.6774  
  735390   203.7917   8.1517    16054   233.6127  
  713530   203.7929   10.6208   11800   108.7398  
  743102   203.8058   16.5281   6441    296.2102  
  233883   203.8071   10.6675   11722   107.6012  
  8562     203.81     10.6858   11802   107.0499  
  8563     203.8121   10.6917   11400   106.9301  
  713531   203.8187   8.8328    16419   196.6326  
  713532   203.8217   8.0703    7107    238.8105  
  735392   203.8271   8.5208    16379   213.8788  
  735393   203.8312   6.5919    7298    323.4228  
  735394   203.8329   7.4686    7174    273.0706  
  713533   203.8404   13.5286   7117    134.9371  
  735395   203.8442   6.6092    16468   322.6309  
  735396   203.8467   7.1903    6958    289.2226  
  232542   203.8496   12.3689   15686   92.9855   
  713534   203.8496   14.1822   12581   167.3516  
  232420   203.8692   11.4769   12497   89.4891   
  713535   203.8721   8.0733    7165    239.7186  
  743104   203.8721   16.8869   6884    317.9495  
  8573     203.8829   13.6758   6882    143.3787  
  713536   203.8879   8.0922    7060    239.0115  
  713537   203.8904   13.2747   6981    125.6037  
  735397   203.895    7.7706    16063   257.1805  
  713538   203.8983   13.4083   12650   131.7124  
  713539   203.905    14.3608   1024    178.2157  
  735398   203.905    6.3381    6888    339.2764  
  8576     203.9058   13.3256   12808   128.4075  
  8572     203.9075   7.5447    6793    270.1792  
  8569     203.9083   6.1933    6909    347.7096  
  713540   203.9117   13.7981   7204    150.222   
  713541   203.9121   13.55     6742    138.6064  
  743106   203.9208   17.0711   7955    329.3426  
  743107   203.9229   17.5731   15217   358.4225  
  230453   203.9267   13.3308   12844   129.4848  
  231776   203.9275   13.6336   12720   143.0287  
  735400   203.9292   8.1608    16238   236.1273  
  713542   203.9292   13.5967   12944   141.3871  
  713543   203.9346   13.4153   12502   133.4578  
  8575     203.9396   8.9683    1161    192.625   
  233884   203.9408   10.9994   17268   103.2943  
  743112   203.9521   17.0242   4440    327.1377  
  230456   203.9558   13.4175   12690   134.4065  
  713544   203.9567   8.9011    16787   196.657   
  713545   203.9633   8.6928    16341   207.943   
  735401   203.9692   6.0483    6900    357.0544  
  230459   203.9854   13.3431   12720   132.4282  
  713546   203.9908   8.5819    16296   214.6254  
  735402   204.0017   6.5258    6935    330.0442  
  8582     204.0058   6.585     6580    326.7198  
  231022   204.0108   8.1847    1291    236.7279  
  735403   204.0208   7.6603    16119   266.02    
  233832   204.0346   8.5925    16257   215.218   
  735404   204.0346   6.3775    16368   339.1323  
  735405   204.0363   7.6814    16014   265.1752  
  735406   204.0438   7.93      14950   251.5328  
  713547   204.045    14.7742   10245   203.8124  
  713548   204.0458   9.4781    6794    169.9046  
  743119   204.0504   16.2208   11058   283.1459  
  713549   204.0554   14.8956   13178   210.5125  
  230464   204.0554   11.2386   17288   103.8824  
  8585     204.0558   10.4778   16152   126.1691  
  230466   204.0604   9.2692    10046   180.7643  
  735407   204.0629   7.1572    9330    295.183   
  233886   204.0846   11.9656   12325   100.6467  
  233596   204.1017   7.8       6955    260.0576  
  735408   204.1029   7.1556    9308    296.0835  
  233887   204.1042   12.6008   16683   112.2457  
  735409   204.1071   6.1906    8648    351.1191  
  8589     204.1088   7.3694    7018    284.1826  
  233597   204.1158   7.8161    7008    259.4973  
  8591     204.1183   16.0903   7796    277.231   
  233648   204.1246   15.8806   7805    265.7132  
  713550   204.1292   8.1547    7069    241.2856  
  713551   204.1321   13.1536   13680   131.3119  
  735410   204.1363   6.5103    11212   333.3374  
  713552   204.1454   8.2697    11604   235.4851  
  735411   204.1471   6.8558    7429    313.9033  
  735412   204.1488   15.9394   7754    269.5109  
  231092   204.1488   8.1933    6957    239.6939  
  735413   204.1692   8.2431    7295    237.5437  
  238760   204.1825   6.9964    7217    306.6809  
  233888   204.1942   11.9697   17727   107.0711  
  8596     204.1963   6.4961    6713    335.2683  
  735414   204.2142   15.6661   12455   256.0268  
  230477   204.2208   17.3867   6816    352.4654  
  231420   204.2221   15.9678   6514    272.7314  
  230478   204.2229   17.4019   6944    353.3744  
  231421   204.2238   16.9625   7932    328.3945  
  735415   204.2258   7.5306    16180   277.8236  
  238621   204.2329   16.6094   12410   308.6641  
  230480   204.2575   9.0147    6838    199.934   
  233649   204.2663   12.0575   16549   111.9018  
  735416   204.2904   16.0986   8162    281.501   
  735417   204.2942   6.4744    11140   338.3984  
  238761   204.315    6.7708    6756    322.1191  
  713553   204.3208   9.865     9994    162.486   
  8610     204.3321   6.4853    11392   338.5457  
  231094   204.3383   6.5442    11458   335.3517  
  735418   204.3417   7.5575    16184   279.1123  
  743133   204.345    17.3969   6998    355.2993  
  8613     204.3496   6.4361    7173    341.6746  
  230483   204.3504   9.0214    6984    202.6952  
  231093   204.3508   6.5097    11507   337.5486  
  713554   204.3562   8.6617    11673   220.9368  
  8614     204.3592   7.645     1053    274.7789  
  735419   204.3662   6.4094    7239    343.5169  
  233650   204.3733   16.055    4538    281.0624  
  238762   204.3742   7.3069    6877    293.6352  
  735420   204.3804   7.5069    15157   282.8283  
  8616     204.3838   8.885     1156    210.5629  
  743137   204.4042   16.1944   7601    289.4139  
  735421   204.4042   16.0131   7750    279.5291  
  8618     204.4067   15.9719   7709    277.361   
  233889   204.4375   11.0331   11499   129.221   
  233890   204.4392   12.4481   12664   127.1106  
  713555   204.4396   14.1442   12804   185.6733  
  713556   204.4421   14.8275   11015   218.4906  
  735424   204.4692   15.7211   7888    265.4989  
  735425   204.4963   7.5281    16125   284.6212  
  735426   204.5025   7.5042    16103   286.073   
  233813   204.5042   10.24     7086    155.8292  
  743139   204.5121   16.7561   12407   322.7883  
  735427   204.5183   16.0144   7557    282.4709  
  713557   204.54     14.92     17840   226.2639  
  735428   204.5513   7.4875    16017   288.2459  
  233891   204.5517   12.7281   14124   139.2455  
  233654   204.5525   15.8633   4578    275.2901  
  713558   204.555    10.2556   16910   157.6941  
  8623     204.5567   6.4653    7141    344.4277  
  735429   204.5571   7.5042    15837   287.5037  
  713559   204.5596   14.9731   17780   229.5375  
  230495   204.5613   11.2511   17031   132.2305  
  713560   204.5742   14.0922   7170    188.5833  
  735432   204.5779   7.5328    16167   286.5245  
  233892   204.5813   12.3436   12584   133.3795  
  735433   204.5821   6.4983    8855    343.1564  
  713561   204.585    14.2211   12871   194.7182  
  743145   204.5858   16.8611   16286   330.2423  
  8626     204.5979   6.8872    7101    322.05    
  713562   204.5992   14.0267   12922   186.7444  
  735434   204.5996   7.4492    16054   291.5852  
  735435   204.6071   14.9664   17619   230.756   
  743149   204.6112   16.8036   12411   327.6543  
  713563   204.6242   13.9894   12898   186.18    
  8629     204.6275   8.4422    989     240.6903  
  233893   204.6279   12.1081   16696   133.3365  
  743153   204.6479   16.8314   7575    330.0274  
  233656   204.6554   14.6539   9603    217.2895  
  233592   204.6642   6.8778    16554   324.1835  
  230503   204.6642   12.4572   10806   139.8683  
  233894   204.6725   12.4294   14205   139.8765  
  233657   204.6771   14.5786   12752   214.5366  
  743155   204.7071   17.0864   6196    345.4078  
  233601   204.7117   8.1081    1027    260.2843  
  735436   204.7183   7.5392    15174   290.0478  
  8633     204.7229   14.7433   7109    223.9308  
  233895   204.7246   10.67     7180    153.4367  
  735437   204.7317   8.1119    16381   260.7138  
  743160   204.7596   16.7147   13558   326.335   
  713564   204.7787   14.5747   12955   218.1217  
  233658   204.7996   15.4408   6917    260.6128  
  713565   204.8087   15.0167   17830   240.003   
  233896   204.8167   12.6033   12360   151.0273  
  230516   204.8254   12.7239   6824    153.9683  
  735438   204.8283   7.4808    15312   296.2585  
  713566   204.8329   15.0161   17790   240.8117  
  735439   204.8333   15.8711   14491   283.5833  
  743165   204.8346   17.1722   14402   353.0654  
  735440   204.8396   6.3292    17726   358.4979  
  233897   204.845    11.9214   11008   144.9631  
  233898   204.8483   11.255    17272   148.6037  
  735441   204.8812   6.7325    11277   337.572   
  735442   204.8858   6.8606    14500   330.7948  
  233659   204.8871   15.2233   6443    252.6973  
  743172   204.9154   16.4086   7574    313.9969  
  233899   204.9175   11.3733   16109   151.2157  
  735443   204.9187   9.2953    16762   211.6648  
  735444   204.9229   7.3628    15489   305.1872  
  743173   204.9392   16.4644   6692    317.5947  
  231665   204.9425   16.8092   7882    336.0375  
  743175   204.9642   17.08     7019    351.1733  
  233660   204.9671   14.3736   12899   216.5907  
  735446   205.0017   15.6706   13170   278.548   
  8644     205.0054   7.3672    7023    307.3911  
  233902   205.015    10.9706   7234    162.5765  
  713567   205.0167   9.4161    16664   210.8067  
  713568   205.0217   8.4828    13179   252.3479  
  713569   205.0229   14.4761   8878    223.258   
  735448   205.0396   9.5703    13061   205.6737  
  233661   205.0408   14.9342   12895   244.4171  
  735449   205.0417   15.8625   13942   289.4531  
  735450   205.0537   7.2925    16596   312.7123  
  713570   205.065    15.0939   17964   252.7294  
  743192   205.0925   16.6275   7077    330.4047  
  735453   205.0996   7.2928    16541   314.0779  
  713571   205.1013   14.1069   12552   211.3407  
  743193   205.1113   16.9664   7924    348.8439  
  735454   205.1183   7.3064    16308   313.9462  
  233903   205.1221   11.2453   8421    164.4738  
  713572   205.13     14.8644   8371    244.6012  
  735456   205.1338   15.4669   7754    272.9131  
  735458   205.1438   7.5836    16527   300.602   
  735459   205.1629   7.4567    15220   307.6429  
  735460   205.1783   9.3706    11652   219.7373  
  735461   205.1804   6.5256    11377   356.6727  
  233905   205.1825   11.9697   17430   164.9066  
  232108   205.1925   7.9833    8636    282.4082  
  713573   205.1979   14.0247   12802   212.5003  
  233906   205.2071   12.7144   14149   174.8192  
  743199   205.2096   16.2528   10687   314.4179  
  233907   205.22     11.915    17385   166.9387  
  713574   205.2208   13.3083   7703    189.7205  
  735463   205.2279   15.3092   17686   268.7095  
  713575   205.2283   14.0839   12486   216.112   
  230548   205.2338   11.7006   10104   167.7224  
  232109   205.2342   14.155    12173   219.096   
  233741   205.2542   14.1675   12517   220.4692  
  713576   205.2546   13.2272   16608   189.2105  
  735464   205.2571   6.605     17901   354.6094  
  713577   205.2579   9.9331    7060    202.8543  
  713578   205.2596   13.1628   16684   187.7609  
  713579   205.2608   14.9011   12717   251.3012  
  735465   205.2629   10.1367   16823   196.6211  
  713580   205.2667   14.1817   12187   221.5729  
  713581   205.2671   13.1953   16720   189.0084  
  735466   205.2704   8.4822    13232   261.7089  
  230553   205.2883   12.7711   14268   180.4072  
  713582   205.2933   14.6656   12777   242.372   
  735467   205.2992   15.6628   7683    288.0449  
  743203   205.3083   16.2303   6973    316.3319  
  735469   205.3142   7.3356    16276   318.6042  
  713583   205.315    14.085    12819   220.0822  
  233908   205.32     12.7883   14158   182.4938  
  230558   205.3204   13.7753   13564   209.3008  
  713584   205.3262   14.3186   12590   229.5481  
  713585   205.3525   14.2283   12619   227.1987  
  8660     205.3538   13.8558   7182    213.653   
  233909   205.3687   10.8058   17149   185.4699  
  233666   205.3971   14.3594   12592   234.2641  
  713586   205.4      15.2236   17598   271.1242  
  232543   205.4033   12.1286   14511   178.6304  
  713587   205.4058   14.2931   12786   232.0691  
  713588   205.4075   13.4019   16754   201.9777  
  713589   205.41     9.1486    6996    238.839   
  713590   205.4104   9.09      16866   241.2157  
  230565   205.4154   12.6497   17511   185.3423  
  735472   205.4179   7.4925    16502   314.1961  
  713591   205.4204   8.1731    14984   281.6508  
  233667   205.425    14.3947   12538   236.876   
  233910   205.4308   12.735    10718   187.6671  
  735473   205.4492   7.6169    6982    309.1633  
  233911   205.4571   12.3217   17505   183.3621  
  233814   205.4663   9.4333    11598   230.4168  
  713592   205.4783   8.2897    16605   278.512   
  735474   205.4792   15.3622   17949   280.4172  
  735475   205.5042   15.51     17880   288.135   
  233669   205.5075   14.7094   4624    253.1133  
  233912   205.5083   12.6972   7739    191.3577  
  735476   205.5117   8.9322    11640   252.0488  
  735477   205.5121   15.2831   17556   278.08    
  233913   205.5125   12.6019   17568   190.0765  
  713593   205.5196   9.6186    16759   226.2919  
  713594   205.5233   8.5208    16641   269.9919  
  232421   205.5242   11.8978   17073   184.7483  
  233722   205.5337   12.9347   12272   197.2102  
  713595   205.5533   12.9203   12355   197.9924  
  735479   205.5587   15.3339   17963   282.1538  
  233671   205.5596   14.3292   12866   240.3446  
  713596   205.5733   8.0347    16234   293.8339  
  743224   205.5904   16.1975   17856   323.8698  
  233670   205.5908   14.3392   12900   242.1354  
  238794   205.5946   7.7547    16505   307.7216  
  230591   205.5996   14.7389   12662   258.2192  
  233672   205.6267   12.8603   10683   200.8753  
  735482   205.6304   7.3731    15284   327.3384  
  233673   205.6308   13.0356   12248   204.6511  
  232544   205.6525   12.5011   16352   196.6554  
  233676   205.6671   12.9453   12366   204.7625  
  238767   205.6746   7.5161    7033    321.982   
  232545   205.6775   12.5186   15749   198.3095  
  735483   205.6833   8.0039    14424   299.4563  
  743232   205.6958   16.6567   7432    349.9671  
  713597   205.6967   13.1178   17556   210.0401  
  713598   205.7017   10.3222   11703   214.4718  
  743240   205.7337   16.3078   16678   334.0711  
  233914   205.7413   11.9564   6835    197.6157  
  735485   205.7542   7.6008    11361   320.8405  
  735487   205.7592   15.7408   10834   308.2101  
  743242   205.7596   16.6411   13190   351.2522  
  231455   205.7662   16.705    7373    354.6346  
  233915   205.7667   12.3181   16974   201.2402  
  735488   205.7954   7.7672    6964    314.6138  
  713599   205.7992   13.0644   15676   214.4639  
  713600   205.815    9.1375    16839   257.6233  
  713601   205.8258   14.3447   6503    253.1267  
  735489   205.8287   7.6719    7035    320.2869  
  713602   205.8442   13.2511   10577   221.0613  
  232546   205.8537   12.5183   7776    208.4012  
  743255   205.8554   16.6631   7984    355.4756  
  233678   205.875    15.0508   7105    282.6709  
  735490   205.8771   15.4511   17701   299.7626  
  735491   205.8771   15.4325   17850   298.9507  
  232422   205.8783   12.0494   16362   205.9675  
  743259   205.8787   16.4064   12363   343.7907  
  713603   205.8821   13.4264   13900   227.3784  
  713604   205.8879   10.5083   17555   220.3214  
  713605   205.8958   9.1431    16802   261.1866  
  233679   205.9187   13.3847   6514    228.2717  
  743263   205.9292   16.3717   12396   343.8772  
  735492   205.9321   15.5514   17722   306.3279  
  233916   205.9471   12.035    14704   209.9348  
  713606   205.9554   12.8783   10527   219.5309  
  735493   205.9562   15.5533   17669   307.3666  
  735494   205.9583   15.5219   17719   306.0781  
  230610   205.9604   13.2497   6580    227.2948  
  713607   205.9696   9.1503    16770   264.3938  
  713608   205.9867   9.4522    11597   254.7191  
  231462   205.9946   8.0239    13383   310.8816  
  713609   205.995    8.9192    16938   274.1461  
  735498   205.9962   15.9472   12911   326.5086  
  713610   205.9996   13.9433   12577   248.0591  
  735499   206.0038   7.7872    11126   321.7553  
  743275   206.0271   16.2658   12939   342.3546  
  230614   206.0288   12.1278   14781   215.1367  
  713611   206.0621   13.8714   6485    249.0201  
  735500   206.0733   7.7539    11403   325.9974  
  230617   206.0737   14.4842   13079   269.6798  
  735501   206.08     7.3317    16493   345.5565  
  713612   206.0833   14.3386   12241   265.0457  
  230619   206.0896   14.3278   12295   264.9739  
  735502   206.0929   7.3408    16421   345.6143  
  735503   206.1004   7.75      16330   327.2458  
  230620   206.1025   13.1753   12369   233.3956  
  232423   206.1125   11.5175   6832    219.9341  
  735504   206.12     7.6511    16531   332.4522  
  735505   206.1263   7.6233    6953    333.9493  
  713613   206.1263   12.8897   10694   229.3009  
  233816   206.13     8.2708    6862    305.9759  
  232424   206.1475   11.3083   12169   223.338   
  743293   206.1492   16.4625   16754   355.9605  
  232547   206.1683   12.1936   14870   223.6614  
  713614   206.1704   14.0467   6618    259.7781  
  231009   206.1863   15.5239   6720    315.3642  
  735506   206.1983   7.9806    11146   321.1289  
  232548   206.2154   12.2372   16911   226.6866  
  713615   206.2233   12.8789   10495   234.5775  
  232549   206.2238   12.3731   17723   228.224   
  713616   206.2354   8.9617    16990   283.7839  
  735507   206.2554   15.9681   6731    337.362   
  713617   206.2579   13.3311   14240   245.2308  
  230627   206.2813   8.4739    11031   304.3574  
  713618   206.2854   13.0583   12167   241.1788  
  232550   206.2858   12.4267   12098   232.3094  
  743319   206.2996   16.4181   6663    359.364   
  232551   206.3013   12.2406   16913   231.7106  
  735509   206.3158   15.3117   16682   312.0377  
  232425   206.3217   11.4147   5556    232.7491  
  713619   206.3258   14.4781   17002   281.3952  
  232296   206.3267   10.5178   11648   244.5129  
  743326   206.3338   16.3531   6666    357.6559  
  713620   206.3433   8.2736    6954    315.1065  
  232426   206.3442   11.3697   4971    234.3582  
  735510   206.3592   7.6094    4612    343.8482  
  713621   206.3658   8.3889    7016    311.4933  
  231475   206.3729   16.3039   6665    356.8979  
  735512   206.3754   15.3517   12556   316.2048  
  743330   206.3804   16.2222   12351   353.5095  
  713622   206.4012   14.1183   12535   273.5282  
  735516   206.4163   15.5078   17816   324.2761  
  231476   206.4375   7.515     7029    351.1714  
  735520   206.4483   15.4981   17813   325.24    
  735521   206.4508   15.5314   17686   326.7044  
  713623   206.4958   14.5147   13127   290.804   
  232427   206.5283   12.0383   6845    243.9964  
  230636   206.5413   9.2919    10746   287.5415  
  713624   206.5508   14.6356   13266   297.5168  
  713625   206.5596   9.9514    17803   269.8071  
  735525   206.5725   9.2169    10641   291.4974  
  713626   206.5812   14.1808   17975   284.4712  
  735527   206.6092   7.6817    16355   351.0537  
  232428   206.6179   11.2419   14344   251.3025  
  713627   206.6237   9.3311    17091   290.4929  
  735529   206.63     15.3853   17912   328.604   
  735533   206.695    7.6964    16442   354.0689  
  713628   206.7021   9.7583    17913   282.3652  
  230643   206.7058   14.4006   6470    297.4118  
  713629   206.7067   9.4375    10808   291.5381  
  230642   206.7088   11.6211   10656   254.5196  
  231485   206.7125   14.415    6546    298.1934  
  713630   206.7175   9.4147    10987   292.7675  
  233680   206.7192   15.9692   6562    356.0391  
  713631   206.7208   8.2361    11417   333.4548  
  230646   206.7242   11.6175   10689   255.4343  
  232552   206.7292   12.4369   14948   258.0839  
  713632   206.7304   14.5478   13182   303.2956  
  713633   206.7358   8.2458    11334   333.7624  
  713634   206.7646   8.2297    11236   335.6925  
  231746   206.7667   15.8139   17848   351.6086  
  230649   206.7679   11.1064   6775    261.2595  
  713635   206.7725   14.6442   12891   308.489   
  713636   206.7938   14.66     13049   310.041   
  232429   206.7963   11.5303   11761   259.9669  
  713637   206.7983   9.3406    11499   299.1285  
  233681   206.8167   13.1772   1094    272.9246  
  233683   206.8183   13.2981   6481    275.2582  
  713638   206.8217   14.6056   15759   309.6281  
  232553   206.8283   12.4028   14872   263.5591  
  713639   206.8292   9.0261    10833   310.4737  
  713640   206.8363   14.1203   15664   295.7295  
  233828   206.8429   9.8906    11222   286.5807  
  713641   206.8454   8.0711    11243   345.5035  
  233837   206.8688   9.8592    10571   288.7405  
  713642   206.8704   14.6167   12390   312.3741  
  713643   206.8763   14.6178   12423   312.696   
  713644   206.8829   14.7469   17218   317.2324  
  233684   206.8854   14.2661   6440    302.3983  
  713645   206.8867   14.4017   12283   306.477   
  713646   206.8871   9.4089    11487   301.7123  
  713647   206.8921   14.5806   17928   312.2864  
  713648   206.905    13.3969   15174   281.9814  
  230660   206.9058   9.7675    10898   293.0136  
  735539   206.9133   9.6992    10705   295.1604  
  713649   206.9458   14.0853   12362   300.438   
  230663   206.9488   11.2742   11818   270.356   
  735541   206.9667   15.29     17958   340.1335  
  713650   206.9742   13.3936   14174   285.7242  
  232297   207.0079   10.9508   6858    276.8216  
  713651   207.0104   8.1511    16523   349.9675  
  230666   207.0254   12.0717   7042    273.2293  
  233744   207.0308   14.7867   17992   325.7165  
  232430   207.0317   11.4014   10799   274.3861  
  735544   207.0354   15.1947   7334    339.8729  
  713652   207.0446   10.1756   7220    291.2856  
  713653   207.0454   14.6833   12577   323.1028  
  232554   207.0471   12.4986   14924   277.0478  
  230671   207.0596   15.4272   17084   349.4294  
  238806   207.0596   15.4433   17260   350.0265  
  713654   207.0608   8.1844    16469   351.0554  
  231496   207.0613   15.4306   17310   349.629   
  713655   207.095    8.2114    1200    351.6497  
  713656   207.1133   10.3675   11470   291.449   
  713657   207.1187   14.3186   7144    315.821   
  713658   207.1442   14.9222   17535   335.6718  
  713659   207.1671   15.0717   15784   341.7933  
  713660   207.1675   13.0531   17199   290.5941  
  230682   207.1683   11.9467   10899   281.3147  
  232555   207.1779   12.5458   10894   285.0459  
  735548   207.185    15.0306   17617   341.2564  
  713661   207.2604   15.0897   17177   346.8658  
  713662   207.2875   15.0531   17462   346.9361  
  713663   207.2917   13.3469   7203    302.4398  
  233685   207.3083   15.385    11966   359.3613  
  713664   207.31     14.3228   12290   325.7806  
  713665   207.3113   15.0058   17632   346.5195  
  231506   207.3483   8.5075    11456   353.318   
  713666   207.3575   15.0758   17529   351.0694  
  713667   207.3625   9.0675    16627   336.2722  
  230723   207.3696   13.8778   7224    317.6512  
  713668   207.3738   13.1244   17344   303.3399  
  713669   207.38     14.1803   7282    325.6246  
  232298   207.3912   10.5622   11471   304.003   
  230728   207.4046   11.0964   10995   298.3813  
  735551   207.4054   15.185    17459   357.0248  
  233745   207.4054   14.3339   12191   331.0234  
  735553   207.4192   15.1211   17555   355.5483  
  232299   207.4542   10.6294   10970   306.6243  
  735554   207.4554   15.1572   17535   358.4966  
  713670   207.465    9.1133    14426   340.2479  
  713671   207.5096   9.2286    14368   339.335   
  713672   207.5112   8.6594    17678   356.403   
  713673   207.5212   8.6769    17795   356.3469  
  713674   207.5496   14.9989   13449   357.9324  
  233691   207.5796   14.3522   6941    340.5709  
  233689   207.5912   14.1414   7442    335.7884  
  735556   207.6008   13.8569   6946    329.6633  
  232300   207.6204   10.7469   14045   314.6252  
  232556   207.6754   12.6572   11016   314.8571  
  713676   207.6917   14.1356   12060   340.9822  
  232557   207.7154   12.7122   15029   317.6967  
  233692   207.7475   13.9375   6694    339.3856  
  230750   207.7538   13.7731   6111    336.2023  
  713677   207.7558   14.6083   15663   356.6662  
  232431   207.7563   11.0975   11507   318.8639  
  233693   207.7633   13.9825   6127    341.2479  
  713679   207.8237   14.1083   6170    347.389   
  713680   207.8404   14.5597   11805   359.6946  
  233564   207.8538   10.1769   7279    336.5836  
  232432   207.8746   11.1858   11004   325.0827  
  8766     207.8788   14.0917   7013    349.9519  
  713682   207.8817   14.0453   6803    349.048   
  233695   207.8854   14.2478   11084   354.0143  
  230757   207.8867   14.1106   7273    350.8146  
  232433   207.8946   11.2383   10965   325.8872  
  232434   207.8971   11.1953   11113   326.3298  
  233561   207.9113   14.3431   7106    357.7403  
  232435   207.92     11.1228   11054   328.2114  
  735565   207.9296   12.93     17321   332.3779  
  230762   207.9979   13.9664   11000   353.5967  
  713686   208.0075   9.8147    16751   352.1564  
  724489   208.0263   14.1294   6860    358.7488  
  713688   208.0321   9.8047    16884   353.728   
  8772     208.035    14.1158   6843    358.9099  
  230766   208.0504   13.9997   11009   357.1676  
  232436   208.0629   11.5019   11834   334.3925  
  230768   208.0817   13.5758   11048   350.5359  
  232558   208.2617   12.5533   6564    347.996   
  232437   208.2833   11.3047   11225   348.236   
  713711   208.3496   13.0461   8042    357.825   
  230792   208.3767   11.3433   11236   353.4973  
  713714   208.3938   12.8747   15612   358.4593  
  232438   208.4671   11.2472   11111   359.3324  
