Arecibo Legacy Fast ALFA Survey
http://egg.astro.cornell.edu/alfalfa/
ASCII Table format
 
Telescope:      Arecibo Radio Telescope
Instrument:     Arecibo Radio Telescope
Beam size:      3.5x3.8 [arcminutes]
Object:         AGC 210633
RA:             175.68241  (J2000) decimal degrees
DEC:            8.9700444  (J2000) decimal degrees
Rest Frequency: 1.4204058e+09 [Hz]
Bandwidth:      24.975586 [MHz]
Channels:       1024
Other name:     I722
Detection Code:    1
Data archive at http://arecibo.tc.cornell.edu/hiarchive/alfalfa/
File generated by G. Hallenbeck  Thu Jul  8 16:04:20 2010
This spectrum has been baseline subtracted.
Table FORMAT:  (f8.1,1x,f12.6,1x,f10.4,1x,f10.4)
 
Column descriptions:
 1. Heliocentric velocity [km/s]
 2. Radio frequency [MHz]
 3. Flux Density [mJy]
 4. Subtracted polynomial baseline fit
 
###################################################################
 
  7956.8  1383.681637     4.0951     0.2577
  7951.3  1383.706051     3.4726     0.2431
  7945.9  1383.730465     0.6336     0.2286
  7940.5  1383.754879    -0.7031     0.2142
  7935.0  1383.779293     1.5203     0.1999
  7929.6  1383.803707     3.1923     0.1857
  7924.2  1383.828122     1.0960     0.1717
  7918.7  1383.852536    -2.2656     0.1578
  7913.3  1383.876950    -3.4670     0.1441
  7907.9  1383.901364    -1.4857     0.1304
  7902.5  1383.925778    -0.0305     0.1169
  7897.0  1383.950192     0.5696     0.1035
  7891.6  1383.974606     0.9524     0.0902
  7886.2  1383.999020    -2.0211     0.0771
  7880.8  1384.023434    -4.2034     0.0640
  7875.3  1384.047848    -1.6340     0.0511
  7869.9  1384.072262     1.2328     0.0383
  7864.5  1384.096676     0.0778     0.0257
  7859.0  1384.121090    -1.7128     0.0131
  7853.6  1384.145504    -0.3033     0.0007
  7848.2  1384.169918     0.9787    -0.0117
  7842.8  1384.194332    -0.6929    -0.0239
  7837.3  1384.218747    -0.8243    -0.0359
  7831.9  1384.243161     1.3760    -0.0479
  7826.5  1384.267575     0.4545    -0.0598
  7821.1  1384.291989    -1.9499    -0.0715
  7815.6  1384.316403    -0.0542    -0.0831
  7810.2  1384.340817     4.6666    -0.0946
  7804.8  1384.365231     5.5691    -0.1060
  7799.4  1384.389645     1.1205    -0.1173
  7793.9  1384.414059    -2.4498    -0.1285
  7788.5  1384.438473    -3.3342    -0.1395
  7783.1  1384.462887    -3.6610    -0.1505
  7777.7  1384.487301    -4.2036    -0.1613
  7772.2  1384.511715    -4.0699    -0.1720
  7766.8  1384.536129    -1.9424    -0.1826
  7761.4  1384.560543    -0.9934    -0.1932
  7756.0  1384.584957    -3.1780    -0.2035
  7750.6  1384.609372    -5.6069    -0.2138
  7745.1  1384.633786    -5.1269    -0.2240
  7739.7  1384.658200    -2.7376    -0.2341
  7734.3  1384.682614    -0.8691    -0.2441
  7728.9  1384.707028    -0.4198    -0.2539
  7723.4  1384.731442    -0.2941    -0.2637
  7718.0  1384.755856    -0.4214    -0.2733
  7712.6  1384.780270     1.9517    -0.2829
  7707.2  1384.804684     5.0650    -0.2923
  7701.8  1384.829098     4.7565    -0.3016
  7696.3  1384.853512     3.1699    -0.3109
  7690.9  1384.877926     1.4706    -0.3200
  7685.5  1384.902340     0.7972    -0.3290
  7680.1  1384.926754     1.5672    -0.3380
  7674.7  1384.951168     0.0928    -0.3468
  7669.2  1384.975582    -1.6160    -0.3555
  7663.8  1384.999997    -1.0905    -0.3642
  7658.4  1385.024411     1.7230    -0.3727
  7653.0  1385.048825     4.7831    -0.3811
  7647.6  1385.073239     3.5461    -0.3894
  7642.1  1385.097653    -0.0484    -0.3977
  7636.7  1385.122067    -4.2068    -0.4058
  7631.3  1385.146481    -4.7028    -0.4138
  7625.9  1385.170895    -1.1911    -0.4218
  7620.5  1385.195309    -1.6352    -0.4296
  7615.0  1385.219723    -1.8388    -0.4374
  7609.6  1385.244137     2.3176    -0.4450
  7604.2  1385.268551     2.9822    -0.4526
  7598.8  1385.292965    -1.5425    -0.4601
  7593.4  1385.317379    -2.1596    -0.4674
  7588.0  1385.341793     0.6754    -0.4747
  7582.5  1385.366207     2.2962    -0.4819
  7577.1  1385.390622     3.4366    -0.4890
  7571.7  1385.415036     3.2034    -0.4960
  7566.3  1385.439450     0.8923    -0.5029
  7560.9  1385.463864    -2.0840    -0.5097
  7555.5  1385.488278    -3.6712    -0.5165
  7550.0  1385.512692    -2.1704    -0.5231
  7544.6  1385.537106     1.2450    -0.5297
  7539.2  1385.561520     2.8121    -0.5361
  7533.8  1385.585934     0.7000    -0.5425
  7528.4  1385.610348    -0.0486    -0.5488
  7523.0  1385.634762     0.8427    -0.5550
  7517.6  1385.659176     2.1156    -0.5611
  7512.1  1385.683590     3.9799    -0.5672
  7506.7  1385.708004     4.2577    -0.5731
  7501.3  1385.732418     3.4969    -0.5790
  7495.9  1385.756832     1.3374    -0.5847
  7490.5  1385.781247     0.4636    -0.5904
  7485.1  1385.805661     2.4035    -0.5960
  7479.7  1385.830075     1.6633    -0.6016
  7474.2  1385.854489    -2.8481    -0.6070
  7468.8  1385.878903    -4.1840    -0.6124
  7463.4  1385.903317    -1.6602    -0.6176
  7458.0  1385.927731     0.3897    -0.6228
  7452.6  1385.952145     2.1461    -0.6279
  7447.2  1385.976559     2.3438    -0.6330
  7441.8  1386.000973     0.8630    -0.6379
  7436.4  1386.025387     0.2063    -0.6428
  7430.9  1386.049801     0.4510    -0.6476
  7425.5  1386.074215    -0.2415    -0.6523
  7420.1  1386.098629    -0.8004    -0.6570
  7414.7  1386.123043    -0.0828    -0.6615
  7409.3  1386.147457     0.2327    -0.6660
  7403.9  1386.171872    -0.3733    -0.6704
  7398.5  1386.196286     0.0427    -0.6747
  7393.1  1386.220700     2.9662    -0.6790
  7387.7  1386.245114     4.4884    -0.6832
  7382.2  1386.269528     1.1164    -0.6873
  7376.8  1386.293942    -2.3462    -0.6913
  7371.4  1386.318356    -3.1243    -0.6953
  7366.0  1386.342770    -3.0238    -0.6991
  7360.6  1386.367184    -1.5112    -0.7030
  7355.2  1386.391598     1.1213    -0.7067
  7349.8  1386.416012     2.5668    -0.7103
  7344.4  1386.440426     1.2760    -0.7139
  7339.0  1386.464840    -2.5942    -0.7175
  7333.6  1386.489254    -4.6008    -0.7209
  7328.2  1386.513668    -1.4363    -0.7243
  7322.8  1386.538082     4.5176    -0.7276
  7317.3  1386.562497     7.1128    -0.7308
  7311.9  1386.586911     4.1912    -0.7340
  7306.5  1386.611325     1.1993    -0.7371
  7301.1  1386.635739    -0.8697    -0.7401
  7295.7  1386.660153    -1.8732    -0.7431
  7290.3  1386.684567    -0.7045    -0.7460
  7284.9  1386.708981     0.2127    -0.7488
  7279.5  1386.733395     0.2471    -0.7516
  7274.1  1386.757809    -1.2112    -0.7543
  7268.7  1386.782223    -0.8151    -0.7569
  7263.3  1386.806637     1.0235    -0.7595
  7257.9  1386.831051    -0.0184    -0.7620
  7252.5  1386.855465    -0.4388    -0.7644
  7247.1  1386.879879     1.4667    -0.7668
  7241.7  1386.904293     0.6420    -0.7691
  7236.3  1386.928707    -1.8960    -0.7714
  7230.8  1386.953122    -1.6991    -0.7735
  7225.4  1386.977536    -0.6262    -0.7757
  7220.0  1387.001950    -1.8721    -0.7777
  7214.6  1387.026364    -2.8311    -0.7797
  7209.2  1387.050778    -1.5569    -0.7817
  7203.8  1387.075192    -0.4536    -0.7835
  7198.4  1387.099606    -1.2643    -0.7854
  7193.0  1387.124020    -0.8035    -0.7871
  7187.6  1387.148434     1.5425    -0.7888
  7182.2  1387.172848     0.1677    -0.7904
  7176.8  1387.197262    -1.2827    -0.7920
  7171.4  1387.221676     1.9637    -0.7935
  7166.0  1387.246090     2.3740    -0.7950
  7160.6  1387.270504     0.8928    -0.7964
  7155.2  1387.294918    -0.1458    -0.7978
  7149.8  1387.319332    -2.5085    -0.7991
  7144.4  1387.343747    -0.4826    -0.8003
  7139.0  1387.368161     3.6534    -0.8015
  7133.6  1387.392575     4.4286    -0.8026
  7128.2  1387.416989     3.7521    -0.8037
  7122.8  1387.441403     1.8576    -0.8047
  7117.4  1387.465817    -0.7299    -0.8057
  7112.0  1387.490231    -3.3346    -0.8066
  7106.6  1387.514645    -3.8360    -0.8074
  7101.2  1387.539059    -1.8973    -0.8082
  7095.8  1387.563473    -0.0765    -0.8090
  7090.4  1387.587887    -0.7435    -0.8097
  7085.0  1387.612301    -0.9436    -0.8103
  7079.6  1387.636715     0.4604    -0.8109
  7074.2  1387.661129     0.2234    -0.8114
  7068.8  1387.685543     0.9421    -0.8119
  7063.4  1387.709957     2.2521    -0.8124
  7058.0  1387.734372    -0.0572    -0.8128
  7052.6  1387.758786    -2.6693    -0.8131
  7047.2  1387.783200    -1.8260    -0.8134
  7041.8  1387.807614    -2.5664    -0.8137
  7036.4  1387.832028    -4.3881    -0.8139
  7031.0  1387.856442    -2.0654    -0.8140
  7025.6  1387.880856     0.2188    -0.8141
  7020.2  1387.905270     1.8385    -0.8142
  7014.8  1387.929684     2.0878    -0.8142
  7009.4  1387.954098    -0.7349    -0.8141
  7004.0  1387.978512    -2.1170    -0.8141
  6998.6  1388.002926    -1.0912    -0.8139
  6993.2  1388.027340     0.2780    -0.8138
  6987.8  1388.051754     0.2305    -0.8135
  6982.4  1388.076168    -0.2056    -0.8133
  6977.1  1388.100582    -0.3433    -0.8130
  6971.7  1388.124997    -1.9927    -0.8126
  6966.3  1388.149411    -2.0466    -0.8122
  6960.9  1388.173825     0.9203    -0.8118
  6955.5  1388.198239     1.6144    -0.8113
  6950.1  1388.222653     0.7321    -0.8108
  6944.7  1388.247067     2.0439    -0.8102
  6939.3  1388.271481     2.7813    -0.8096
  6933.9  1388.295895     1.9361    -0.8090
  6928.5  1388.320309     0.2264    -0.8083
  6923.1  1388.344723     0.2288    -0.8075
  6917.7  1388.369137     1.8783    -0.8068
  6912.3  1388.393551     0.1169    -0.8060
  6906.9  1388.417965    -2.5715    -0.8051
  6901.5  1388.442379    -2.5036    -0.8042
  6896.1  1388.466793    -1.7479    -0.8033
  6890.7  1388.491207     0.0540    -0.8023
  6885.4  1388.515622     2.1509    -0.8013
  6880.0  1388.540036     0.5486    -0.8003
  6874.6  1388.564450    -0.8769    -0.7992
  6869.2  1388.588864     1.2568    -0.7981
  6863.8  1388.613278     2.4185    -0.7970
  6858.4  1388.637692     0.7985    -0.7958
  6853.0  1388.662106    -1.7366    -0.7946
  6847.6  1388.686520     0.3279    -0.7933
  6842.2  1388.710934     2.7795    -0.7920
  6836.8  1388.735348    -0.2495    -0.7907
  6831.4  1388.759762    -4.3059    -0.7893
  6826.1  1388.784176    -4.1796    -0.7879
  6820.7  1388.808590    -1.9173    -0.7865
  6815.3  1388.833004    -2.0641    -0.7850
  6809.9  1388.857418    -2.3365    -0.7835
  6804.5  1388.881832     0.6645    -0.7820
  6799.1  1388.906247     4.2166    -0.7804
  6793.7  1388.930661     3.5842    -0.7789
  6788.3  1388.955075    -0.1534    -0.7772
  6782.9  1388.979489    -1.6997    -0.7756
  6777.5  1389.003903     1.1366    -0.7739
  6772.2  1389.028317     0.0459    -0.7722
  6766.8  1389.052731    -3.7962    -0.7704
  6761.4  1389.077145    -2.6500    -0.7686
  6756.0  1389.101559    -0.3633    -0.7668
  6750.6  1389.125973     1.8635    -0.7650
  6745.2  1389.150387     3.3094    -0.7631
  6739.8  1389.174801     2.5662    -0.7612
  6734.4  1389.199215     1.9126    -0.7593
  6729.1  1389.223629     1.4383    -0.7574
  6723.7  1389.248043     1.6874    -0.7554
  6718.3  1389.272457     2.3387    -0.7534
  6712.9  1389.296872     1.1844    -0.7513
  6707.5  1389.321286    -1.1148    -0.7493
  6702.1  1389.345700    -1.2637    -0.7472
  6696.7  1389.370114     0.8310    -0.7451
  6691.4  1389.394528     3.7280    -0.7429
  6686.0  1389.418942     8.9164    -0.7408
  6680.6  1389.443356    14.5238    -0.7386
  6675.2  1389.467770    16.7104    -0.7364
  6669.8  1389.492184    16.9845    -0.7341
  6664.4  1389.516598    14.9396    -0.7319
  6659.0  1389.541012    12.1803    -0.7296
  6653.7  1389.565426    12.1470    -0.7273
  6648.3  1389.589840    11.7620    -0.7249
  6642.9  1389.614254    10.1893    -0.7226
  6637.5  1389.638668     9.8202    -0.7202
  6632.1  1389.663082    10.4214    -0.7178
  6626.7  1389.687497    10.9464    -0.7153
  6621.4  1389.711911    10.5572    -0.7129
  6616.0  1389.736325    10.6257    -0.7104
  6610.6  1389.760739    10.3719    -0.7079
  6605.2  1389.785153     7.3729    -0.7054
  6599.8  1389.809567     6.1111    -0.7029
  6594.4  1389.833981     7.7417    -0.7003
  6589.1  1389.858395     7.1128    -0.6978
  6583.7  1389.882809     5.5401    -0.6952
  6578.3  1389.907223     6.7868    -0.6926
  6572.9  1389.931637     7.5731    -0.6899
  6567.5  1389.956051     6.0892    -0.6873
  6562.2  1389.980465     5.2232    -0.6846
  6556.8  1390.004879     5.3934    -0.6819
  6551.4  1390.029293     6.5640    -0.6792
  6546.0  1390.053707     6.5954    -0.6765
  6540.6  1390.078122     2.8254    -0.6737
  6535.3  1390.102536     1.9794    -0.6710
  6529.9  1390.126950     5.7867    -0.6682
  6524.5  1390.151364     9.0484    -0.6654
  6519.1  1390.175778     9.1949    -0.6626
  6513.7  1390.200192    10.0817    -0.6598
  6508.4  1390.224606    10.6465    -0.6569
  6503.0  1390.249020     9.5734    -0.6541
  6497.6  1390.273434    10.2783    -0.6512
  6492.2  1390.297848     9.2002    -0.6483
  6486.8  1390.322262     7.4115    -0.6454
  6481.5  1390.346676     7.1040    -0.6425
  6476.1  1390.371090     6.9318    -0.6396
  6470.7  1390.395504     7.7221    -0.6366
  6465.3  1390.419918     8.3979    -0.6337
  6460.0  1390.444332     6.6924    -0.6307
  6454.6  1390.468747     6.2647    -0.6277
  6449.2  1390.493161     9.7490    -0.6247
  6443.8  1390.517575    10.1476    -0.6217
  6438.4  1390.541989     6.9775    -0.6187
  6433.1  1390.566403     7.7832    -0.6156
  6427.7  1390.590817     9.1634    -0.6126
  6422.3  1390.615231     8.3322    -0.6095
  6416.9  1390.639645    11.5865    -0.6065
  6411.6  1390.664059    14.2008    -0.6034
  6406.2  1390.688473    12.7571    -0.6003
  6400.8  1390.712887    12.5615    -0.5972
  6395.4  1390.737301    11.4867    -0.5941
  6390.1  1390.761715     7.7741    -0.5910
  6384.7  1390.786129     5.4860    -0.5878
  6379.3  1390.810543     1.7458    -0.5847
  6373.9  1390.834957    -2.1893    -0.5815
  6368.6  1390.859372    -0.2255    -0.5784
  6363.2  1390.883786     2.6937    -0.5752
  6357.8  1390.908200     2.9337    -0.5720
  6352.4  1390.932614     3.1456    -0.5689
  6347.1  1390.957028     1.8453    -0.5657
  6341.7  1390.981442    -0.1707    -0.5625
  6336.3  1391.005856    -0.7570    -0.5593
  6331.0  1391.030270    -1.0327    -0.5560
  6325.6  1391.054684     0.0816    -0.5528
  6320.2  1391.079098    -0.0411    -0.5496
  6314.8  1391.103512    -2.9915    -0.5464
  6309.5  1391.127926    -3.2386    -0.5431
  6304.1  1391.152340    -0.9139    -0.5399
  6298.7  1391.176754    -0.3546    -0.5366
  6293.4  1391.201168    -1.4004    -0.5334
  6288.0  1391.225582    -0.0162    -0.5301
  6282.6  1391.249997     0.9232    -0.5268
  6277.2  1391.274411    -1.0376    -0.5236
  6271.9  1391.298825    -0.5468    -0.5203
  6266.5  1391.323239     1.4648    -0.5170
  6261.1  1391.347653     1.3285    -0.5137
  6255.8  1391.372067     0.9472    -0.5104
  6250.4  1391.396481    -1.7739    -0.5071
  6245.0  1391.420895    -5.1989    -0.5038
  6239.6  1391.445309    -4.0024    -0.5005
  6234.3  1391.469723    -1.1703    -0.4972
  6228.9  1391.494137    -0.3861    -0.4939
  6223.5  1391.518551    -1.1439    -0.4906
  6218.2  1391.542965    -0.6057    -0.4873
  6212.8  1391.567379    -0.9992    -0.4840
  6207.4  1391.591793    -3.8752    -0.4806
  6202.1  1391.616207    -2.6858    -0.4773
  6196.7  1391.640622     0.8807    -0.4740
  6191.3  1391.665036     1.7581    -0.4707
  6186.0  1391.689450     2.4321    -0.4674
  6180.6  1391.713864     0.2962    -0.4640
  6175.2  1391.738278    -4.0377    -0.4607
  6169.9  1391.762692    -0.5338    -0.4574
  6164.5  1391.787106     5.3833    -0.4541
  6159.1  1391.811520     2.7430    -0.4507
  6153.8  1391.835934     1.5500    -0.4474
  6148.4  1391.860348     5.4974    -0.4441
  6143.0  1391.884762     3.6830    -0.4408
  6137.7  1391.909176     0.0433    -0.4374
  6132.3  1391.933590    -0.7112    -0.4341
  6126.9  1391.958004    -1.6559    -0.4308
  6121.6  1391.982418    -2.0512    -0.4275
  6116.2  1392.006832    -1.4538    -0.4241
  6110.8  1392.031247    -2.7064    -0.4208
  6105.5  1392.055661    -2.3536    -0.4175
  6100.1  1392.080075     0.6617    -0.4142
  6094.7  1392.104489     1.8389    -0.4109
  6089.4  1392.128903     1.0079    -0.4076
  6084.0  1392.153317    -1.1619    -0.4043
  6078.6  1392.177731    -0.9081    -0.4010
  6073.3  1392.202145     0.3297    -0.3977
  6067.9  1392.226559     0.8916    -0.3944
  6062.6  1392.250973     1.8108    -0.3911
  6057.2  1392.275387    -0.1441    -0.3878
  6051.8  1392.299801    -3.1097    -0.3845
  6046.5  1392.324215    -3.0848    -0.3812
  6041.1  1392.348629     0.9029    -0.3780
  6035.7  1392.373043     3.9308    -0.3747
  6030.4  1392.397457     2.5866    -0.3714
  6025.0  1392.421872     1.1887    -0.3682
  6019.7  1392.446286     2.3878    -0.3649
  6014.3  1392.470700     3.3141    -0.3616
  6008.9  1392.495114     1.6943    -0.3584
  6003.6  1392.519528     0.3360    -0.3552
  5998.2  1392.543942     0.6321    -0.3519
  5992.8  1392.568356     1.8735    -0.3487
  5987.5  1392.592770     1.9850    -0.3455
  5982.1  1392.617184     2.4690    -0.3422
  5976.8  1392.641598     2.2504    -0.3390
  5971.4  1392.666012    -0.8451    -0.3358
  5966.0  1392.690426    -0.8948    -0.3326
  5960.7  1392.714840    -0.6150    -0.3294
  5955.3  1392.739254    -2.0161    -0.3263
  5950.0  1392.763668    -0.5829    -0.3231
  5944.6  1392.788082     1.6283    -0.3199
  5939.2  1392.812497     1.3033    -0.3167
  5933.9  1392.836911     0.0762    -0.3136
  5928.5  1392.861325     1.0709    -0.3104
  5923.2  1392.885739     1.7325    -0.3073
  5917.8  1392.910153     3.1261    -0.3042
  5912.5  1392.934567     5.7857    -0.3010
  5907.1  1392.958981     4.6315    -0.2979
  5901.7  1392.983395     2.8574    -0.2948
  5896.4  1393.007809     2.9987    -0.2917
  5891.0  1393.032223     1.1130    -0.2886
  5885.7  1393.056637    -1.7662    -0.2856
  5880.3  1393.081051    -1.2909    -0.2825
  5874.9  1393.105465     1.4691    -0.2794
  5869.6  1393.129879     1.7338    -0.2764
  5864.2  1393.154293    -0.9267    -0.2733
  5858.9  1393.178707    -1.2862    -0.2703
  5853.5  1393.203122    -0.7074    -0.2673
  5848.2  1393.227536    -1.8531    -0.2643
  5842.8  1393.251950    -1.3031    -0.2613
  5837.5  1393.276364    -0.5523    -0.2583
  5832.1  1393.300778    -1.8334    -0.2553
  5826.7  1393.325192    -2.3996    -0.2523
  5821.4  1393.349606    -0.8128    -0.2494
  5816.0  1393.374020    -0.5374    -0.2464
  5810.7  1393.398434    -0.1562    -0.2435
  5805.3  1393.422848     2.2046    -0.2406
  5800.0  1393.447262     2.0988    -0.2377
  5794.6  1393.471676     1.3755    -0.2348
  5789.3  1393.496090     1.6688    -0.2319
  5783.9  1393.520504     1.1749    -0.2290
  5778.6  1393.544918     0.9983    -0.2261
  5773.2  1393.569332     1.2762    -0.2233
  5767.9  1393.593747    -1.3452    -0.2204
  5762.5  1393.618161    -4.5961    -0.2176
  5757.1  1393.642575    -3.6800    -0.2148
  5751.8  1393.666989    -1.9170    -0.2120
  5746.4  1393.691403    -0.4652    -0.2092
  5741.1  1393.715817     1.2644    -0.2064
  5735.7  1393.740231    -0.4592    -0.2037
  5730.4  1393.764645    -4.7200    -0.2009
  5725.0  1393.789059    -5.8941    -0.1982
  5719.7  1393.813473    -2.8247    -0.1954
  5714.3  1393.837887    -0.1305    -0.1927
  5709.0  1393.862301    -0.0453    -0.1900
  5703.6  1393.886715     0.0507    -0.1873
  5698.3  1393.911129    -0.4907    -0.1847
  5692.9  1393.935543    -1.6980    -0.1820
  5687.6  1393.959957    -1.6619    -0.1794
  5682.2  1393.984372    -0.8963    -0.1767
  5676.9  1394.008786     0.5090    -0.1741
  5671.5  1394.033200    -0.4719    -0.1715
  5666.2  1394.057614    -1.1642    -0.1689
  5660.8  1394.082028     1.9426    -0.1664
  5655.5  1394.106442     2.4974    -0.1638
  5650.1  1394.130856     2.5483    -0.1613
  5644.8  1394.155270     2.4914    -0.1587
  5639.4  1394.179684    -1.0619    -0.1562
  5634.1  1394.204098    -0.8089    -0.1537
  5628.7  1394.228512     2.8168    -0.1513
  5623.4  1394.252926     2.6275    -0.1488
  5618.0  1394.277340     0.8208    -0.1463
  5612.7  1394.301754    -0.0715    -0.1439
  5607.3  1394.326168    -0.2120    -0.1415
  5602.0  1394.350582    -0.1199    -0.1391
  5596.6  1394.374997     1.0288    -0.1367
  5591.3  1394.399411     2.5281    -0.1343
  5586.0  1394.423825     1.0465    -0.1320
  5580.6  1394.448239    -0.0364    -0.1296
  5575.3  1394.472653     1.7263    -0.1273
  5569.9  1394.497067     1.9446    -0.1250
  5564.6  1394.521481    -1.3651    -0.1227
  5559.2  1394.545895    -5.0370    -0.1204
  5553.9  1394.570309    -5.6614    -0.1182
  5548.5  1394.594723    -4.1854    -0.1159
  5543.2  1394.619137    -2.4456    -0.1137
  5537.8  1394.643551    -0.7561    -0.1115
  5532.5  1394.667965     1.0899    -0.1093
  5527.2  1394.692379     2.5242    -0.1071
  5521.8  1394.716793     2.0172    -0.1050
  5516.5  1394.741207     1.1394    -0.1028
  5511.1  1394.765622     1.4504    -0.1007
  5505.8  1394.790036     1.4940    -0.0986
  5500.4  1394.814450     0.9551    -0.0965
  5495.1  1394.838864     0.7311    -0.0944
  5489.7  1394.863278     0.7343    -0.0924
  5484.4  1394.887692    -0.5802    -0.0903
  5479.1  1394.912106    -2.3468    -0.0883
  5473.7  1394.936520    -0.6027    -0.0863
  5468.4  1394.960934     1.7355    -0.0843
  5463.0  1394.985348     1.0293    -0.0824
  5457.7  1395.009762     0.8629    -0.0804
  5452.3  1395.034176     1.9542    -0.0785
  5447.0  1395.058590     2.8576    -0.0766
  5441.7  1395.083004     2.3431    -0.0747
  5436.3  1395.107418     1.6305    -0.0728
  5431.0  1395.131832    -0.3268    -0.0709
  5425.6  1395.156247    -2.7370    -0.0691
  5420.3  1395.180661    -0.3566    -0.0673
  5415.0  1395.205075     0.5121    -0.0655
  5409.6  1395.229489    -2.0895    -0.0637
  5404.3  1395.253903    -0.8202    -0.0619
  5398.9  1395.278317     1.5095    -0.0602
  5393.6  1395.302731     0.1296    -0.0584
  5388.3  1395.327145    -3.0675    -0.0567
  5382.9  1395.351559    -4.8316    -0.0550
  5377.6  1395.375973    -4.1396    -0.0534
  5372.2  1395.400387    -2.9855    -0.0517
  5366.9  1395.424801    -1.7573    -0.0501
  5361.6  1395.449215    -0.5078    -0.0485
  5356.2  1395.473629    -1.9451    -0.0469
  5350.9  1395.498043    -3.3866    -0.0453
  5345.5  1395.522457    -1.6909    -0.0437
  5340.2  1395.546872     0.7420    -0.0422
  5334.9  1395.571286     0.1555    -0.0407
  5329.5  1395.595700    -2.6741    -0.0392
  5324.2  1395.620114    -4.5832    -0.0377
  5318.9  1395.644528    -4.5818    -0.0362
  5313.5  1395.668942    -1.4884    -0.0348
  5308.2  1395.693356     1.0488    -0.0333
  5302.8  1395.717770     0.7744    -0.0319
  5297.5  1395.742184     0.9701    -0.0306
  5292.2  1395.766598     0.8859    -0.0292
  5286.8  1395.791012    -0.8036    -0.0278
  5281.5  1395.815426     1.9972    -0.0265
  5276.2  1395.839840     6.1907    -0.0252
  5270.8  1395.864254     2.2181    -0.0239
  5265.5  1395.888668    -1.4349    -0.0226
  5260.2  1395.913082     0.3789    -0.0214
  5254.8  1395.937497    -0.2975    -0.0202
  5249.5  1395.961911    -1.6509    -0.0190
  5244.2  1395.986325    -1.3612    -0.0178
  5238.8  1396.010739    -1.6285    -0.0166
  5233.5  1396.035153    -0.7400    -0.0154
  5228.1  1396.059567     0.4460    -0.0143
  5222.8  1396.083981    -0.2044    -0.0132
  5217.5  1396.108395    -0.3582    -0.0121
  5212.1  1396.132809     2.3917    -0.0110
  5206.8  1396.157223     5.7301    -0.0100
  5201.5  1396.181637     4.2953    -0.0089
  5196.1  1396.206051    -0.7277    -0.0079
  5190.8  1396.230465    -3.3344    -0.0069
  5185.5  1396.254879    -2.0979    -0.0060
  5180.1  1396.279293     1.4740    -0.0050
  5174.8  1396.303707     4.9933    -0.0041
  5169.5  1396.328122     4.4552    -0.0032
  5164.2  1396.352536     0.6241    -0.0023
  5158.8  1396.376950    -0.1345    -0.0014
  5153.5  1396.401364     0.1168    -0.0005
  5148.2  1396.425778    -2.3729     0.0003
  5142.8  1396.450192    -2.7483     0.0011
  5137.5  1396.474606    -0.1162     0.0019
  5132.2  1396.499020     1.8301     0.0027
  5126.8  1396.523434     2.9454     0.0034
  5121.5  1396.547848     3.1741     0.0042
  5116.2  1396.572262     3.6215     0.0049
  5110.8  1396.596676     5.1803     0.0056
  5105.5  1396.621090     5.4628     0.0063
  5100.2  1396.645504     1.8888     0.0069
  5094.9  1396.669918    -1.7101     0.0075
  5089.5  1396.694332    -1.4615     0.0082
  5084.2  1396.718747    -1.7014     0.0088
  5078.9  1396.743161    -1.8322     0.0093
  5073.5  1396.767575     1.2904     0.0099
  5068.2  1396.791989     0.6699     0.0104
  5062.9  1396.816403    -4.1329     0.0109
  5057.6  1396.840817    -5.3050     0.0114
  5052.2  1396.865231    -3.2599     0.0119
  5046.9  1396.889645    -2.0078     0.0124
  5041.6  1396.914059    -1.3001     0.0128
  5036.2  1396.938473     0.2141     0.0132
  5030.9  1396.962887     2.7030     0.0136
  5025.6  1396.987301     2.8282     0.0140
  5020.3  1397.011715    -0.1834     0.0144
  5014.9  1397.036129    -1.6753     0.0147
  5009.6  1397.060543     1.2168     0.0150
  5004.3  1397.084957     5.1146     0.0153
  4999.0  1397.109372     5.0519     0.0156
  4993.6  1397.133786     1.1091     0.0158
  4988.3  1397.158200    -1.6527     0.0161
  4983.0  1397.182614    -0.9601     0.0163
  4977.6  1397.207028    -0.7142     0.0165
  4972.3  1397.231442     0.2245     0.0167
  4967.0  1397.255856     2.0613     0.0169
  4961.7  1397.280270     1.2126     0.0170
  4956.3  1397.304684     2.1376     0.0171
  4951.0  1397.329098     3.9153     0.0172
  4945.7  1397.353512     0.9070     0.0173
  4940.4  1397.377926    -2.1251     0.0174
  4935.1  1397.402340    -1.2072     0.0174
  4929.7  1397.426754    -1.0112     0.0175
  4924.4  1397.451168    -2.9843     0.0175
  4919.1  1397.475582    -2.4714     0.0175
  4913.8  1397.499997     0.8567     0.0174
  4908.4  1397.524411     2.1490     0.0174
  4903.1  1397.548825     2.7657     0.0173
  4897.8  1397.573239     3.9134     0.0172
  4892.5  1397.597653     4.0891     0.0171
  4887.1  1397.622067     3.6314     0.0170
  4881.8  1397.646481     1.4625     0.0168
  4876.5  1397.670895    -2.0192     0.0167
  4871.2  1397.695309    -3.1190     0.0165
  4865.9  1397.719723    -2.4459     0.0163
  4860.5  1397.744137    -1.3212     0.0161
  4855.2  1397.768551    -0.1399     0.0159
  4849.9  1397.792965    -0.5430     0.0156
  4844.6  1397.817379    -1.8609     0.0153
  4839.3  1397.841793     0.0700     0.0150
  4833.9  1397.866207     5.2271     0.0147
  4828.6  1397.890622     8.6123     0.0144
  4823.3  1397.915036     7.6897     0.0141
  4818.0  1397.939450     4.7463     0.0137
  4812.7  1397.963864     1.7287     0.0133
  4807.3  1397.988278    -1.9164     0.0129
  4802.0  1398.012692    -4.1455     0.0125
  4796.7  1398.037106    -3.1437     0.0121
  4791.4  1398.061520    -0.9360     0.0116
  4786.1  1398.085934    -1.5830     0.0111
  4780.7  1398.110348    -3.6134     0.0106
  4775.4  1398.134762    -2.5375     0.0101
  4770.1  1398.159176     0.4984     0.0096
  4764.8  1398.183590     0.2814     0.0091
  4759.5  1398.208004    -1.5792     0.0085
  4754.1  1398.232418    -0.6819     0.0079
  4748.8  1398.256832    -0.5141     0.0074
  4743.5  1398.281247     0.1385     0.0067
  4738.2  1398.305661     3.5457     0.0061
  4732.9  1398.330075     4.3950     0.0055
  4727.6  1398.354489     2.8243     0.0048
  4722.2  1398.378903     2.9778     0.0041
  4716.9  1398.403317     2.0066     0.0034
  4711.6  1398.427731    -1.3536     0.0027
  4706.3  1398.452145    -1.1681     0.0020
  4701.0  1398.476559    -0.3733     0.0013
  4695.7  1398.500973    -2.6152     0.0005
  4690.3  1398.525387    -2.3561    -0.0003
  4685.0  1398.549801     0.2734    -0.0011
  4679.7  1398.574215     0.6770    -0.0019
  4674.4  1398.598629    -1.9200    -0.0027
  4669.1  1398.623043    -3.7481    -0.0035
  4663.8  1398.647457    -0.3515    -0.0044
  4658.5  1398.671872     2.5993    -0.0053
  4653.1  1398.696286     1.9449    -0.0061
  4647.8  1398.720700     1.6938    -0.0071
  4642.5  1398.745114     0.6085    -0.0080
  4637.2  1398.769528    -2.5909    -0.0089
  4631.9  1398.793942    -4.7122    -0.0098
  4626.6  1398.818356    -3.2141    -0.0108
  4621.3  1398.842770    -2.2462    -0.0118
  4616.0  1398.867184    -0.4208    -0.0128
  4610.6  1398.891598     2.9985    -0.0138
  4605.3  1398.916012     2.5961    -0.0148
  4600.0  1398.940426    -0.0989    -0.0159
  4594.7  1398.964840    -0.1205    -0.0169
  4589.4  1398.989254     0.4397    -0.0180
  4584.1  1399.013668    -2.7611    -0.0190
  4578.8  1399.038082    -3.3354    -0.0201
  4573.5  1399.062497     0.8497    -0.0213
  4568.1  1399.086911     3.4372    -0.0224
  4562.8  1399.111325     3.4109    -0.0235
  4557.5  1399.135739     3.5040    -0.0247
  4552.2  1399.160153     2.4691    -0.0258
  4546.9  1399.184567     0.9531    -0.0270
  4541.6  1399.208981     0.6548    -0.0282
  4536.3  1399.233395     0.2679    -0.0294
  4531.0  1399.257809     0.4373    -0.0306
  4525.7  1399.282223     0.1120    -0.0318
  4520.4  1399.306637    -0.1292    -0.0331
  4515.0  1399.331051    -0.7982    -0.0343
  4509.7  1399.355465    -3.5051    -0.0356
  4504.4  1399.379879    -4.1843    -0.0369
  4499.1  1399.404293    -4.1611    -0.0382
  4493.8  1399.428707    -4.0434    -0.0395
  4488.5  1399.453122    -1.2660    -0.0408
  4483.2  1399.477536     0.1206    -0.0421
  4477.9  1399.501950     0.3674    -0.0435
  4472.6  1399.526364     3.3113    -0.0448
  4467.3  1399.550778     2.6177    -0.0462
  4462.0  1399.575192    -1.3901    -0.0476
  4456.7  1399.599606    -1.6662    -0.0489
  4451.3  1399.624020    -1.6328    -0.0503
  4446.0  1399.648434    -2.8915    -0.0518
  4440.7  1399.672848    -3.9328    -0.0532
  4435.4  1399.697262    -5.1394    -0.0546
  4430.1  1399.721676    -3.5597    -0.0560
  4424.8  1399.746090    -2.4701    -0.0575
  4419.5  1399.770504    -3.3975    -0.0590
  4414.2  1399.794918    -0.8478    -0.0604
  4408.9  1399.819332     0.8523    -0.0619
  4403.6  1399.843747     0.1446    -0.0634
  4398.3  1399.868161    -1.0305    -0.0649
  4393.0  1399.892575    -2.9400    -0.0664
  4387.7  1399.916989    -3.7085    -0.0679
  4382.4  1399.941403    -5.6171    -0.0695
  4377.1  1399.965817    -7.1009    -0.0710
  4371.8  1399.990231    -4.6929    -0.0725
  4366.5  1400.014645    -0.9997    -0.0741
  4361.2  1400.039059     0.7767    -0.0757
  4355.8  1400.063473     0.3689    -0.0772
  4350.5  1400.087887    -1.0285    -0.0788
  4345.2  1400.112301    -1.7478    -0.0804
  4339.9  1400.136715    -0.7161    -0.0820
  4334.6  1400.161129     1.1850    -0.0836
  4329.3  1400.185543     0.7414    -0.0852
  4324.0  1400.209957    -0.0759    -0.0869
  4318.7  1400.234372     2.1783    -0.0885
  4313.4  1400.258786     3.0155    -0.0901
  4308.1  1400.283200     3.7553    -0.0918
  4302.8  1400.307614     4.3567    -0.0934
  4297.5  1400.332028     0.8489    -0.0951
  4292.2  1400.356442    -0.8510    -0.0967
  4286.9  1400.380856    -0.2810    -0.0984
  4281.6  1400.405270    -0.0199    -0.1001
  4276.3  1400.429684     0.8858    -0.1018
  4271.0  1400.454098    -0.9150    -0.1034
  4265.7  1400.478512    -3.1357    -0.1051
  4260.4  1400.502926    -0.5797    -0.1068
  4255.1  1400.527340     2.7074    -0.1085
  4249.8  1400.551754     2.2315    -0.1103
  4244.5  1400.576168     0.9926    -0.1120
  4239.2  1400.600582     0.8289    -0.1137
  4233.9  1400.624997     1.0605    -0.1154
  4228.6  1400.649411     2.0706    -0.1171
  4223.3  1400.673825     0.4169    -0.1189
  4218.0  1400.698239    -2.1996    -0.1206
  4212.7  1400.722653    -0.7551    -0.1223
  4207.4  1400.747067     0.2585    -0.1241
  4202.1  1400.771481    -1.9910    -0.1258
  4196.8  1400.795895    -3.8498    -0.1276
  4191.5  1400.820309    -2.5842    -0.1293
  4186.2  1400.844723    -0.7203    -0.1311
  4180.9  1400.869137    -0.8325    -0.1329
  4175.6  1400.893551    -1.2129    -0.1346
  4170.3  1400.917965    -0.4597    -0.1364
  4165.0  1400.942379     0.1370    -0.1381
  4159.7  1400.966793     0.2909    -0.1399
  4154.4  1400.991207    -0.5157    -0.1417
  4149.1  1401.015622    -0.2923    -0.1435
  4143.8  1401.040036     0.2419    -0.1452
  4138.6  1401.064450    -1.2272    -0.1470
  4133.3  1401.088864    -2.1900    -0.1488
  4128.0  1401.113278    -3.0634    -0.1506
  4122.7  1401.137692    -3.5577    -0.1523
  4117.4  1401.162106    -4.2837    -0.1541
  4112.1  1401.186520    -3.8515    -0.1559
  4106.8  1401.210934    -0.7686    -0.1577
  4101.5  1401.235348    -0.2380    -0.1594
  4096.2  1401.259762    -2.0571    -0.1612
  4090.9  1401.284176    -0.4626    -0.1630
  4085.6  1401.308590     1.9548    -0.1648
  4080.3  1401.333004     1.6752    -0.1665
  4075.0  1401.357418     1.8923    -0.1683
  4069.7  1401.381832     2.3118    -0.1701
  4064.4  1401.406247     0.3997    -0.1719
  4059.1  1401.430661    -1.8384    -0.1736
  4053.8  1401.455075    -0.6725    -0.1754
  4048.5  1401.479489     2.1692    -0.1771
  4043.3  1401.503903     2.4023    -0.1789
  4038.0  1401.528317     1.4843    -0.1807
  4032.7  1401.552731     2.4285    -0.1824
  4027.4  1401.577145     1.8174    -0.1842
  4022.1  1401.601559    -0.5883    -0.1859
  4016.8  1401.625973     1.3808    -0.1877
  4011.5  1401.650387     4.0489    -0.1894
  4006.2  1401.674801     4.7684    -0.1911
  4000.9  1401.699215     4.4584    -0.1929
  3995.6  1401.723629     0.5275    -0.1946
  3990.3  1401.748043    -2.1893    -0.1963
  3985.0  1401.772457    -2.1443    -0.1980
  3979.8  1401.796872    -1.3349    -0.1997
  3974.5  1401.821286     1.8100    -0.2014
  3969.2  1401.845700     2.8549    -0.2031
  3963.9  1401.870114     1.5911    -0.2048
  3958.6  1401.894528     1.4894    -0.2065
  3953.3  1401.918942    -0.1833    -0.2082
  3948.0  1401.943356    -2.5880    -0.2099
  3942.7  1401.967770    -3.1370    -0.2115
  3937.4  1401.992184    -3.1425    -0.2132
  3932.1  1402.016598    -1.1447    -0.2148
  3926.9  1402.041012     2.1255    -0.2165
  3921.6  1402.065426     2.0152    -0.2181
  3916.3  1402.089840     0.9149    -0.2198
  3911.0  1402.114254     2.0026    -0.2214
  3905.7  1402.138668     1.9158    -0.2230
  3900.4  1402.163082     0.3247    -0.2246
  3895.1  1402.187497     0.4975    -0.2262
  3889.8  1402.211911     1.0126    -0.2278
  3884.6  1402.236325     2.6834    -0.2293
  3879.3  1402.260739     3.0866    -0.2309
  3874.0  1402.285153    -0.8215    -0.2324
  3868.7  1402.309567    -4.4552    -0.2340
  3863.4  1402.333981    -5.0056    -0.2355
  3858.1  1402.358395    -3.6531    -0.2370
  3852.8  1402.382809     0.1201    -0.2386
  3847.5  1402.407223     4.3642    -0.2400
  3842.3  1402.431637     2.0589    -0.2415
  3837.0  1402.456051    -0.7453    -0.2430
  3831.7  1402.480465    -0.4764    -0.2445
  3826.4  1402.504879    -1.3634    -0.2459
  3821.1  1402.529293    -0.4883    -0.2474
  3815.8  1402.553707     0.3354    -0.2488
  3810.5  1402.578122     0.6917    -0.2502
  3805.3  1402.602536     1.0132    -0.2516
  3800.0  1402.626950    -1.4925    -0.2530
  3794.7  1402.651364    -2.5112    -0.2543
  3789.4  1402.675778    -0.5750    -0.2557
  3784.1  1402.700192     1.2815    -0.2570
  3778.8  1402.724606     1.9903    -0.2583
  3773.6  1402.749020     1.8196    -0.2597
  3768.3  1402.773434     1.0392    -0.2610
  3763.0  1402.797848    -0.5409    -0.2622
  3757.7  1402.822262    -0.4040    -0.2635
  3752.4  1402.846676     0.9386    -0.2647
  3747.1  1402.871090    -0.1442    -0.2660
  3741.9  1402.895504    -0.6126    -0.2672
  3736.6  1402.919918    -0.6625    -0.2684
  3731.3  1402.944332    -1.5976    -0.2695
  3726.0  1402.968747    -0.6051    -0.2707
  3720.7  1402.993161     0.9421    -0.2718
  3715.5  1403.017575     1.5068    -0.2730
  3710.2  1403.041989     0.8413    -0.2741
  3704.9  1403.066403    -1.2399    -0.2751
  3699.6  1403.090817    -0.0611    -0.2762
  3694.3  1403.115231     1.9770    -0.2773
  3689.0  1403.139645     2.5837    -0.2783
  3683.8  1403.164059     2.3929    -0.2793
  3678.5  1403.188473     1.8933    -0.2803
  3673.2  1403.212887     2.2048    -0.2812
  3667.9  1403.237301     1.2945    -0.2822
  3662.6  1403.261715     0.9126    -0.2831
  3657.4  1403.286129     2.4620    -0.2840
  3652.1  1403.310543     0.5541    -0.2849
  3646.8  1403.334957    -2.6956    -0.2857
  3641.5  1403.359372    -1.9306    -0.2866
  3636.3  1403.383786     1.6723    -0.2874
  3631.0  1403.408200     5.6063    -0.2882
  3625.7  1403.432614     4.9550    -0.2889
  3620.4  1403.457028     1.7182    -0.2897
  3615.1  1403.481442     0.4225    -0.2904
  3609.9  1403.505856     0.0715    -0.2911
  3604.6  1403.530270     0.8896    -0.2918
  3599.3  1403.554684     1.9395    -0.2924
  3594.0  1403.579098     2.6736    -0.2930
  3588.8  1403.603512     2.7362    -0.2936
  3583.5  1403.627926     0.4613    -0.2942
  3578.2  1403.652340    -3.4117    -0.2947
  3572.9  1403.676754    -4.2989    -0.2952
  3567.6  1403.701168    -1.9306    -0.2957
  3562.4  1403.725582    -1.8630    -0.2962
  3557.1  1403.749997    -3.2107    -0.2966
  3551.8  1403.774411    -1.8352    -0.2970
  3546.5  1403.798825     1.9076    -0.2974
  3541.3  1403.823239     3.3969    -0.2977
  3536.0  1403.847653     1.4815    -0.2980
  3530.7  1403.872067    -0.7956    -0.2983
  3525.4  1403.896481    -0.3910    -0.2986
  3520.2  1403.920895     1.8723    -0.2988
  3514.9  1403.945309     2.9569    -0.2990
  3509.6  1403.969723     2.6910    -0.2992
  3504.3  1403.994137     1.5784    -0.2993
  3499.1  1404.018551     1.0212    -0.2994
  3493.8  1404.042965     0.8133    -0.2995
  3488.5  1404.067379    -0.9134    -0.2996
  3483.3  1404.091793    -4.0253    -0.2996
  3478.0  1404.116207    -5.3095    -0.2996
  3472.7  1404.140622    -4.2977    -0.2995
  3467.4  1404.165036    -4.0144    -0.2994
  3462.2  1404.189450    -3.6619    -0.2993
  3456.9  1404.213864    -2.3910    -0.2991
  3451.6  1404.238278    -0.3458    -0.2990
  3446.3  1404.262692     3.0267    -0.2987
  3441.1  1404.287106     4.2948    -0.2985
  3435.8  1404.311520     1.0503    -0.2982
  3430.5  1404.335934    -4.0205    -0.2979
  3425.3  1404.360348    -4.3403    -0.2975
  3420.0  1404.384762     0.0206    -0.2971
  3414.7  1404.409176     3.7446    -0.2967
  3409.4  1404.433590     4.4832    -0.2962
  3404.2  1404.458004     1.1575    -0.2957
  3398.9  1404.482418     0.5610    -0.2951
  3393.6  1404.506832     3.3684    -0.2946
  3388.4  1404.531247     2.9823    -0.2939
  3383.1  1404.555661     2.5927    -0.2933
  3377.8  1404.580075     1.9880    -0.2926
  3372.6  1404.604489    -0.9191    -0.2918
  3367.3  1404.628903    -1.9009    -0.2910
  3362.0  1404.653317    -0.3236    -0.2902
  3356.7  1404.677731     0.1361    -0.2894
  3351.5  1404.702145    -2.0910    -0.2885
  3346.2  1404.726559    -2.5998    -0.2875
  3340.9  1404.750973    -0.4280    -0.2865
  3335.7  1404.775387    -0.9629    -0.2855
  3330.4  1404.799801    -2.0301    -0.2844
  3325.1  1404.824215    -1.2145    -0.2833
  3319.9  1404.848629    -1.4834    -0.2822
  3314.6  1404.873043    -2.2029    -0.2810
  3309.3  1404.897457    -0.5930    -0.2797
  3304.1  1404.921872     2.4728    -0.2785
  3298.8  1404.946286     2.7060    -0.2771
  3293.5  1404.970700    -1.0057    -0.2758
  3288.3  1404.995114    -1.9532    -0.2743
  3283.0  1405.019528     0.0662    -0.2729
  3277.7  1405.043942     1.5980    -0.2714
  3272.5  1405.068356     3.6110    -0.2698
  3267.2  1405.092770     2.3934    -0.2682
  3261.9  1405.117184    -0.2144    -0.2666
  3256.7  1405.141598    -0.0629    -0.2649
  3251.4  1405.166012     2.0079    -0.2631
  3246.1  1405.190426     2.7553    -0.2613
  3240.9  1405.214840     0.9356    -0.2595
  3235.6  1405.239254    -0.4005    -0.2576
  3230.3  1405.263668     0.2022    -0.2556
  3225.1  1405.288082     2.8697    -0.2537
  3219.8  1405.312497     2.0111    -0.2516
  3214.6  1405.336911    -0.4617    -0.2495
  3209.3  1405.361325     1.7164    -0.2474
  3204.0  1405.385739     3.3014    -0.2452
  3198.8  1405.410153     0.6678    -0.2429
  3193.5  1405.434567    -0.4764    -0.2406
  3188.2  1405.458981     2.2763    -0.2383
  3183.0  1405.483395     4.0894    -0.2359
  3177.7  1405.507809     1.8109    -0.2334
  3172.4  1405.532223    -3.2356    -0.2309
  3167.2  1405.556637    -5.8501    -0.2284
  3161.9  1405.581051    -2.8478    -0.2257
  3156.7  1405.605465    -1.3774    -0.2231
  3151.4  1405.629879    -2.6978    -0.2203
  3146.1  1405.654293    -2.6264    -0.2176
  3140.9  1405.678707    -1.0784    -0.2147
  3135.6  1405.703122     0.2183    -0.2118
  3130.4  1405.727536     0.3878    -0.2089
  3125.1  1405.751950    -1.6558    -0.2059
  3119.8  1405.776364    -2.8620    -0.2028
  3114.6  1405.800778    -1.1028    -0.1997
  3109.3  1405.825192    -2.0191    -0.1965
  3104.0  1405.849606    -3.1796    -0.1932
  3098.8  1405.874020    -2.2714    -0.1899
  3093.5  1405.898434    -3.1543    -0.1866
  3088.3  1405.922848    -2.7513    -0.1831
  3083.0  1405.947262     0.0136    -0.1796
  3077.8  1405.971676    -0.0327    -0.1761
  3072.5  1405.996090    -2.6699    -0.1725
  3067.2  1406.020504    -1.6401    -0.1688
  3062.0  1406.044918     2.6225    -0.1651
  3056.7  1406.069332     2.9310    -0.1613
  3051.5  1406.093747     0.3286    -0.1574
  3046.2  1406.118161    -1.4384    -0.1535
  3040.9  1406.142575    -3.4466    -0.1495
  3035.7  1406.166989    -1.7247    -0.1455
  3030.4  1406.191403     1.2799    -0.1414
  3025.2  1406.215817     1.6427    -0.1372
  3019.9  1406.240231     0.9149    -0.1329
  3014.7  1406.264645    -1.7221    -0.1286
  3009.4  1406.289059    -2.6471    -0.1243
  3004.1  1406.313473    -1.9398    -0.1198
  2998.9  1406.337887    -0.7620    -0.1153
  2993.6  1406.362301     2.0884    -0.1107
  2988.4  1406.386715    -0.7046    -0.1061
  2983.1  1406.411129    -3.3104    -0.1014
  2977.9  1406.435543     0.9670    -0.0966
  2972.6  1406.459957     4.2621    -0.0917
  2967.3  1406.484372     2.8627    -0.0868
  2962.1  1406.508786    -0.6028    -0.0818
  2956.8  1406.533200    -1.7751    -0.0767
  2951.6  1406.557614     0.6333    -0.0716
  2946.3  1406.582028     2.3284    -0.0664
  2941.1  1406.606442     1.1522    -0.0611
  2935.8  1406.630856    -0.5008    -0.0557
  2930.6  1406.655270     0.3679    -0.0503
  2925.3  1406.679684     2.2807    -0.0448
  2920.1  1406.704098     2.2189    -0.0392
  2914.8  1406.728512     0.1749    -0.0336
  2909.5  1406.752926    -0.6540    -0.0278
  2904.3  1406.777340     2.0540    -0.0220
  2899.0  1406.801754     3.2682    -0.0162
  2893.8  1406.826168     3.4231    -0.0102
  2888.5  1406.850582     4.2728    -0.0042
  2883.3  1406.874997     0.9470     0.0019
  2878.0  1406.899411    -2.7402     0.0081
  2872.8  1406.923825    -0.8737     0.0144
  2867.5  1406.948239     1.4462     0.0207
  2862.3  1406.972653     0.3878     0.0271
  2857.0  1406.997067    -1.6150     0.0336
  2851.8  1407.021481    -2.8728     0.0402
  2846.5  1407.045895    -2.4184     0.0469
  2841.3  1407.070309    -1.3549     0.0536
  2836.0  1407.094723     0.3436     0.0604
  2830.8  1407.119137     3.5180     0.0674
  2825.5  1407.143551     3.7575     0.0743
  2820.3  1407.167965    -0.0138     0.0814
  2815.0  1407.192379    -1.8970     0.0886
  2809.8  1407.216793    -1.3415     0.0958
  2804.5  1407.241207    -1.8223     0.1031
  2799.3  1407.265622    -2.4648     0.1105
  2794.0  1407.290036    -2.6237     0.1180
  2788.8  1407.314450    -3.7503     0.1256
  2783.5  1407.338864    -4.2672     0.1333
  2778.3  1407.363278    -4.7449     0.1410
  2773.0  1407.387692    -4.5298     0.1489
  2767.8  1407.412106    -1.0040     0.1568
  2762.5  1407.436520     2.2647     0.1648
  2757.3  1407.460934     1.6237     0.1729
  2752.0  1407.485348     1.1383     0.1811
  2746.8  1407.509762     2.4681     0.1894
  2741.5  1407.534176    -0.0400     0.1977
  2736.3  1407.558590    -2.9827     0.2062
  2731.0  1407.583004    -0.6882     0.2148
  2725.8  1407.607418     2.5043     0.2234
  2720.5  1407.631832     3.3312     0.2321
  2715.3  1407.656247     1.7128     0.2410
  2710.1  1407.680661    -0.7067     0.2499
  2704.8  1407.705075    -2.0846     0.2589
  2699.6  1407.729489    -1.5452     0.2680
  2694.3  1407.753903     1.2269     0.2772
  2689.1  1407.778317     3.1519     0.2865
  2683.8  1407.802731     2.6965     0.2959
  2678.6  1407.827145     1.3436     0.3054
  2673.3  1407.851559     0.9699     0.3150
  2668.1  1407.875973     1.8429     0.3246
  2662.8  1407.900387     2.7622     0.3344
  2657.6  1407.924801    -0.7938     0.3443
  2652.4  1407.949215    -4.5121     0.3543
  2647.1  1407.973629    -3.3402     0.3644
  2641.9  1407.998043    -2.6846     0.3745
  2636.6  1408.022457     0.3219     0.3848
  2631.4  1408.046872     3.8684     0.3952
  2626.1  1408.071286     3.0377     0.4057
  2620.9  1408.095700     0.0883     0.4162
  2615.6  1408.120114    -2.9178     0.4269
  2610.4  1408.144528    -3.3873     0.4377
  2605.2  1408.168942    -1.0359     0.4486
  2599.9  1408.193356     0.0624     0.4596
  2594.7  1408.217770     1.3170     0.4707
  2589.4  1408.242184     4.6890     0.4819
  2584.2  1408.266598     5.1780     0.4932
  2578.9  1408.291012     3.8107     0.5046
  2573.7  1408.315426     2.8916     0.5161
  2568.5  1408.339840     1.1123     0.5277
  2563.2  1408.364254     0.4829     0.5394
  2558.0  1408.388668     0.6115     0.5513
  2552.7  1408.413082     0.8084     0.5632
  2547.5  1408.437497    -0.0702     0.5753
  2542.3  1408.461911    -1.1354     0.5874
  2537.0  1408.486325    -0.1948     0.5997
  2531.8  1408.510739    -0.3388     0.6121
  2526.5  1408.535153    -1.7707     0.6246
  2521.3  1408.559567    -2.1131     0.6372
  2516.1  1408.583981    -2.2004     0.6499
  2510.8  1408.608395    -2.2457     0.6627
  2505.6  1408.632809    -0.8365     0.6757
  2500.3  1408.657223    -1.2937     0.6887
