102595    0.3900  27.40055
100027    1.2008  32.27278
104301    1.5692  33.49972
102253    5.7975  26.86528
104189    6.6925  23.66306
103376    6.8675  23.75611
104430    9.3258  29.07695
104271   10.5550  33.38583
104469   12.1825  28.22528
104472   12.4871  28.97611
104474   12.5408  29.45750
104476B  12.5617  27.81139
104477   12.6492  26.83361
104215   13.0863  30.43889
103413   13.3142  32.54389
104494   13.6192  29.13305
111416   17.0292  33.59583
115302   19.2796  31.51306
115414   19.8462  33.75667
115509   26.0888  30.49778
110916   27.6029  32.61389
110921   27.6392  32.44389
115309   28.9533  31.95611
124662   31.4475  32.15528
124939   31.7717  32.98222
124669   32.1088  29.20528
121505   34.1113  28.62778
124718   35.2479  25.28667
124725   35.6546  31.67861
124733   36.1204  23.92611
124752   39.6412  26.72556
310476  326.9062  25.88806
322496  332.0688  30.66667
322059  335.7146  23.17194
322757  337.3046  35.30667
322524  338.1475  25.21667
322526A 338.2608  35.38583
322717  339.3888  35.55444
322545  339.3958  29.69278
322547  339.4283  35.31583
322553  339.7425  34.05111
335410  354.8133  24.81417
335427  355.4720  27.18833
335438  355.7487  23.10139
333863  357.4683  26.00639
335571  359.9558  30.31167
