249083   224.6000061   2.0863888
243534   224.6191711   1.5430555
249084   224.9366760   2.1311111
249085   224.9974976   1.1672223
258046   225.0799866   0.9500000
258047   225.1120758   1.4752778
253441   225.1374969   2.2302778
253620   225.2191620   1.4050000
253622   225.2475128   1.6491667
253621   225.2475128   1.8766667
253623   225.2537384   1.0138888
253443   225.2791595   2.0902777
253624   225.3137512   1.4983333
254077   225.3162384   1.7736111
258051   225.3308411   1.6052778
253628   225.4100037   1.7222222
258052   225.4100037   1.7572222
254078   225.4108276   1.8702778
258088   225.4558258   1.9313889
258458   225.4616699   1.9591666
253631   225.6170807   1.3641666
253632   225.6374969   1.9355556
253452   225.6499939   2.0277777
258091   225.6695862   3.1238890
258053   225.6720886   1.3850000
241177   225.7354126   1.9130555
258054   225.7358246   1.6772223
258055   225.8483429   2.2063890
258056   225.9233398   0.9055555
253455   225.9345856   2.5522223
252211   225.9591675   0.9780555
252422   225.9595947   1.1266667
258057   225.9633331   1.7066667
251419   226.0345917   1.5244445
253457   226.0545807   2.5430555
258089   226.0670929   1.5938889
258508   226.0787506   1.7552778
253933   226.0991669   0.9183334
252559   226.1024933   2.1144445
258058   226.1100006   1.5955555
258455   226.1145782   2.0358334
253934   226.1429138   1.0325000
252423   226.1779175   1.2908334
252554   226.2016754   1.9805555
258060   226.2350006   2.2572222
252473   226.2683411   1.9641666
258517   226.2866669   2.1575000
258061   226.3345795   1.8122222
252398   226.3695831   1.2925000
251171   226.3825073   1.5875000
258062   226.4045715   2.2508333
252394   226.4070740   1.3030555
258063   226.4437408   1.0158334
258084   226.4595795   1.6300000
252393   226.4608459   1.9083333
252550   226.4712524   2.0072222
258064   226.4783325   2.2025001
258065   226.5062561   1.7294445
252555   226.5137482   2.1847222
258066   226.5175018   1.7319444
258067   226.5245819   1.4277778
252392   226.5279083   1.3225000
252399   226.5470886   2.0961111
258068   226.5654297   1.4872222
258085   226.5704193   1.8727778
251157   226.6425018   1.5588889
258069   226.6641693   1.8338889
258070   226.6729126   1.4358333
252565   226.6750031   0.6344444
258510   226.6995697   2.2944446
258071   226.7112427   2.5388889
258072   226.7220764   2.1605556
258073   226.7395935   1.2725000
258090   226.7429199   1.9944445
258074   226.7670898   1.8352778
258075   226.8658295   1.3650000
252553   226.8916626   1.1202778
254084   226.8975067   1.9941666
258076   226.9479065   1.0366666
251918   226.9629211   2.6233332
252557   227.0054169   2.1508334
258086   227.0354156   2.9050000
252551   227.0516663   1.4997222
258050   227.0829163   1.7019445
258048   227.0829163   1.6897222
252401   227.0945892   1.7986112
258049   227.1066742   1.7069445
258077   227.1591644   2.0130556
252556   227.1966705   1.9000000
258078   227.2570953   1.6147223
258079   227.2616730   1.8469445
253746   227.2679138   0.8219444
258080   227.2720795   1.9572222
253747   227.2829132   0.7250000
258081   227.2991638   1.5136111
252560   227.3120728   1.9213889
258082   227.3354034   1.7244444
253645   227.7554169   1.6805556
252534   227.8387451   1.6108333
253656   228.0341797   1.5858333
