202015   157.9750061  12.9269447
202016   158.3300018  10.1894445
202017   158.9537354   8.4802780
202018   159.9174957  12.7347221
202019   159.9291687  12.6344442
200512   159.9816589  13.9094448
202020   160.6441650  12.1502781
202021   160.9808350  12.1350002
202022   161.0079193  15.5894442
202023   161.0304108  11.5344448
202024   161.2395935  11.9161110
202025   161.5600128  12.9597225
202026   161.6258392  11.7552776
202027   161.6720886  12.3269444
201970   161.7216644  12.7444448
201971   161.7275085  12.7877779
201975   161.7533417  12.9594440
202028   162.4045868  11.3516665
202029   162.5379181  13.4838886
202030   162.8379059  12.8491669
202031   163.0837402  14.7069445
202032   163.2529144  10.3788891
202033   163.7641602  14.0947218
202034   163.9804230  12.3394442
202036   164.5437469  11.9988890
202037   164.8225098  15.0852776
202038   165.1883240  14.1719446
202039   165.2162476  13.8808336
202040   165.7579193   8.0483332
