This contains all objects currently in the AGC in the box
    13.3 < RA < 15.0, +5.0 < Dec < 5.45
with vel < 18000 km/s. Also objects with unknown cz.

  8382 044-072  1320322+052426  110  60 153   211    964  0    411 288  964  98  P200119  0  0  140  6  0
  
231357 044-080  1324095+051534   46  24 154   151   7469-37      0   0    0   0     00 0  0  0    0  9  0
  
232163          1327550+051343   46  43 158   100  11820-99      0   0    0   0     00 0  0  0    0  9  0
  
231403          1333584+050543   80  33 154   160   7180-37      0   0    0   0     00 0  0  0    0  0  0
  
231405 045-026  1334068+050608   47  35 154   100   8292-37      0   0    0   0     00 0  0  0    0  9  0
  
  8617 045-055  1337429+051435  100  60 150   305   6762  0      0   0    0   0     00 0  0  0   30  6  0
  
231865          1337510+051502   43  27 162   300   6817-99      0   0    0   0     00 0  0  0    0  9  0
  
231438 N5261    1340160+050435   77  40 153   100   6841-37      0   0    0   0     00 0  0  0    0  9  0
  
  8657 045-070  1341052+050620  160 120 153   140   7048-37    310   0 7014 236  P20C136  0  0   30  6  0
  
231443 045-071  1341225+050225   80  19 154     0   7090-37      0   0    0   0     00 0  0  0    0  9  0
  
  8663 045-073  1341393+050157  100  90 146    15   6975  0      0   0    0   0     00 0  0  0    0  6  0
  
231006 045-086  1344248+050731   60  50 165   100   6986-99      0   0    0   0     00 0  0  0    0  9  0
  
232139          1351429+052647   54  22 154   400   1241-98      0   0    0   0     00 0  0  0    0  8  0
 
  8800 N5338    1353265+051227  230 130 143   101    777 27     80   0  816  91  P20B258  2 94   97  6  4
  
  8818 045-136  1354062+052121  100  90 152   150   2196  0    580   0 5452 188  P20B158  0  0    0  0  0
  
  8821 N5348    1354112+051336  350  60 145   140   1457  2   1540   0 1443 208  P20B158  8 91  177  6  5
  
  8831 N5356    1354584+052000  300  80 141   140   1397 27    440   0 1370 287  P20B158  8 91   15  6  4
  
232140          1355027+050525   53  48 161   400   1396-98      0   0    0   0     00 0  0  0    0  8  0
  
232141          1355045+051122   50  42 164   200   1403-98      0   0    0   0     00 0  0  0    0  8  0
  
  8847 N5363    1356073+051517  550 350 114   100   1092 -1    180   0 1136 605  P20B458  0  0  135  6  0
  
  8853 N5364    1356120+050052  720 550 132   160   1330 27   5960   0 1235 299  P20B158  0  0   30  6  0
  
232143          1356213+051944   59  51 164   400   1395-98      0   0    0   0     00 0  0  0    0  8  0
  
232144          1356556+050906   62  37 150   400   1516-98      0   0    0   0     00 0  0  0    0  8  0
  
231571 N5373    1357073+051506   39  33 153     0  11881-37      0   0    0   0     00 0  0  0    0  9  0
  
  8884 I 966    1358140+052429  160 130 150   100   4222  0      0   0    0   0     00 0  0  0    0  6  0
  
231596 046-033  1400183+050242   60  50 152     0  10291-37      0   0    0   0     00 0  0  0    0  9  0
  
242151          1409377+050546   61  51 157   200   1458-98      0   0    0   0     00 0  0  0    0  0  0
  
241784          1416379+050636   42  41 166   162   7435-98      0   0    0   0     00 0  0  0    0  9  0
  
241469 046-086  1417594+050410   41  25 155     0  16689-37      0   0    0   0     00 0  0  0    0  9  0
  
241491 047-014  1420396+052538   48   8 150   150   8178-37      0   0    0   0     00 0  0  0    0  9  0
  
  9190 047-024  1421299+050422  130  50 153   140   8126  0    259 172 8129 397  F500157  8 94   40  6  0
  
  9244 047-038a 1426084+051415  130  70 148   161   8374 -1    429 182 8373 410  F500157  0  0    3  6  0
  
241273 047-038b 1426105+051523   50  30 170   300   8514-99      0   0    0   0     00 0  8 91    0  9  5
  
  9252 047-042  1427108+050806  110  20 157   200   1600-99    198 133 1585 100  M500155  0  0  175  6  0
  
241545 047-056  1428214+050232   80  40 151   300   7551-37      0   0    0   0     00 0  0  0    0  9  0
  
  9338 047-073  1431117+051825  110  40 152   160   8207-27    421 212 8237 363  F500157  8 91   49  6  5
  
240489 N5679A   1435057+052155   70  50 150   140   1641  6      0   0    0   0     00 0  0  0    0  0  0
  
  9383 N5679    1435087+052130  110  60 142   140   7457 18    264 134 7500 182  M500155  0  0  127  6  0
  
  9385 M+137037 1435228+051636  160 150 170   400   1634 30    732   0 1644 106  P2011 2  0  0    0  6  0
  
  9400 047-112  1436204+051949  110  80 149   100   8634  0    201   0 6780 357  P5001-1  0  0    0  6  0
  
241604 047-121  1437506+050039    0   0 153     0   7520-37      0   0    0   0     00 0  0  0    0  9  0
  
241892          1438548+052117   55  25 160   300      0-98      0   0    0   0     00 0  5 60    0  9  0
  
241890          1439085+052113   45  30 170   100      0  0      0   0    0   0     00 0  5 53    0  9  0
  
  9436 N5701    1439110+052147  450 450 129   121   1505  2   61981298 1505 119  F503170  5 94    0  6  0
  
241891          1439425+052503   40  30 210   400      0  0      0   0    0   0     00 0  5 53    0  0  0
  
241893          1439443+052113   40  35 178   320      0  0      0   0    0   0     00 0  5 53    0  0  0
  
241883          1441051+050105   83  10   0   170      0-99      0   0    0   0     00 0  0  0    0  0  0
  
241644 048-005  1442579+050812   67  18 153     0   8013-37      0   0    0   0     00 0  0  0    0  9  0
  
  9554AN5765A   1450536+050640   70  60 153   130   8340 37      0   0    0   0     00 0  0  0    0  0  0
  
241223BN5765B   1450536+050640   90  40 154   140   8204 37      0   0    0   0     00 0  0  0    0  0  0
  
241694 048-034  1451545+051934   70  40 154     0   8435-37      0   0    0   0     00 0  0  0    0  9  0
  
241716 048-070  1455210+051752   70  40 152     0   6435-37      0   0    0   0     00 0  0  0    0  9  0
  
