AGC#    Name       Pos(J2000)     a      b    m     T     vopt ref   SdV  rms   v21   W  mode      I ref  PA pos orc
232139          135142.9+052647  0.54  0.22  15.4   dI    1241-98     .00  .00     0   0     00 0  0  0    0  8  0
232162          135210.8+053014  0.61  0.15  17.7   Scd   1205-98     .00  .00     0   0     00 0  0  0    0  9  0
  8796 045-131  135309.5+045738  1.00  0.10  15.7   Sc       0  0    1.87 1.11  5073 224  F500166  8 94   68  6  0
  8799          135319.8+054617  1.30  0.90  16.5   dw       0  0     .00 0.90 10000   0     0041  0  0    0  6  0
  8800 N5338    135326.5+051227  2.30  1.30  14.3   SB0    777 27    0.80  .00   816  91  P20B258  2 94   97  6  4
  8818 045-136  135406.2+052121  1.00  0.90  15.2   Sbc   2196  0    5.80  .00  5452 188  P20B158  0  0    0  0  0
  8821 N5348    135411.2+051336  3.50  0.60  14.5   Sb    1457  2   15.40  .00  1443 208  P20B158  8 91  177  6  5
231980 KKH86    135433.5+041434  0.70  0.50  16.8   dI     283-99    0.50 3.00   283  29  P202140  0  0    0  0  0
  8831 N5356    135458.4+052000  3.00  0.80  14.1   Sb    1397 27    4.40  .00  1370 287  P20B158  8 91   15  6  4
232140          135502.7+050525  0.53  0.48  16.1   dw    1396-98     .00  .00     0   0     00 0  0  0    0  8  0
232141          135504.5+051122  0.50  0.42  16.4   dI    1403-98     .00  .00     0   0     00 0  0  0    0  8  0
232118 FGC2674  135525.9+054344  1.09  0.11  16.5   Sc       0  0     .00  .00     0   0     00 0  0  0  100  0  0
  8838 N5360    135538.7+045905  1.80  1.00  14.9   pec   1177  0    0.80  .00  1171 104  P20B158  0  0   70  6  0
231558 046-004  135543.1+054653  0.62  0.27  15.3         5051-37     .00  .00     0   0     00 0  0  0    0  9  0
  8847 N5363    135607.3+051517  5.50  3.50  11.4   S0    1092 -1    1.80  .00  1136 605  P20B458  0  0  135  6  0
232142          135609.4+053233  0.58  0.39  17.0   dI    1083-98     .00  .00     0   0     00 0  0  0    0  8  0
  8853 N5364    135612.0+050052  7.20  5.50  13.2   Sc    1330 27   59.60  .00  1235 299  P20B158  0  0   30  6  0
230847          135621.2+053141  0.00  0.0   17.8         7493 17     .00  .00     0   0     00 0  0  0    0  0  0
232143          135621.3+051944  0.59  0.51  16.4   dw    1395-98     .00  .00     0   0     00 0  0  0    0  8  0
  8857 046-011  135626.6+042346  1.00  0.25  15.3   Sa    1134  0     .00  .00     0   0     00 0  0  0  128  6  0
231568 046-012  135647.5+053134  0.30  0.28  15.4         7220-37     .00  .00     0   0     00 0  0  0    0  9  0
232144          135655.6+050906  0.62  0.37  15.0   dw    1516-98     .00  .00     0   0     00 0  0  0    0  8  0
231571 N5373    135707.3+051506  0.39  0.33  15.3        11881-37     .00  .00     0   0     00 0  0  0    0  9  0
232145          135714.1+041826  0.52  0.12  16.3   Scd   1200-98     .00  .00     0   0     00 0  0  0    0  8  0
232146          135723.6+053425  0 69  0.54  15.6   dw    1055-98     .00  .00     0   0     00 0  0  0    0  8  0
  8871 046-015  135724.8+055655  1.10  0.50  15.5   ...  16065  0    3.55 0.92 16045 420     G874  0  0  120  6  0
  8874 N5374    135729.6+060549  1.70  1.60  13.7   Sb    4295 27    7.29  .00  4361 286  P5001-1  0  0    0  6  0
  8884 I 966    135814.0+052429  1.60  1.30  15.0   S0    4222  0     .00  .00     0   0     00 0  0  0    0  6  0
  8885 N5382    135814.9+061530  1.50  1.10  14.0   S0    4312 27     .00 1.20  4312   0     00-1  0  0   25  6  0
  8890 N5386    135822.3+062019  1.10  0.50  13.7   S0a   4296  3     .00  .00     0   0     00 0  0  0   51  6  0
  8891 N5387    135824.7+060413  1.60  0.25  14.8   Sb    5188-27    6.75 1.67  5216 364  F500163  1 90   22  6  5
  8906 046-031  135922.7+053219  1.50  0.40  15.2   Sc       0  0    2.84 1.87  4193 234  F500162  0  0  111  6  0
