# agcnum   radeg      decdeg   distMpc   Vcmb      logL_V   logMH   gas2L_V   AbsMag_i   logL_i    gas2L_i   sepmin  
  232458   196.4404   12.052   161.0     11267.0   10.38    9.81    -0.5669   -21.42     10.401    -0.591    349.04  
  232459   196.5271   12.526   238.3     16680.0   10.17    10.13   -0.0376   -20.77     10.1394   -0.0094   346.13  
  8192     196.5767   10.377   142.8     9994.0    10.66    10.18   -0.4795   -22.3      10.7503   -0.5703   352.04  
  230077   196.5971   10.433   16.6      1237.0    7.08     8.64    1.5624    -11.77     6.5406    2.0994    350.04  
  232325   196.6479   11.552   237.3     16609.0   10.33    10.17   -0.1575   -21.44     10.4077   -0.2377   337.11  
  232461   196.6512   12.461   194.6     13622.0   10.46    10.27   -0.1946   -21.37     10.379    -0.109    338.46  
  713167   196.7292   10.96    238.6     16699.0   10.09    10.23   0.1386    -20.53     10.0423   0.1877    336.08  
  230085   196.7375   13.22    155.4     10881.0   9.83     9.73    -0.0978   -19.95     9.8105    -0.0805   341.48  
  230089   196.7625   13.075   122.1     8550.0    10.38    9.82    -0.5629   -21.56     10.4563   -0.6363   338.06  
  233609   196.7983   13.659   120.6     8444.0    9.62     9.98    0.3627    -19.51     9.6365    0.3435    345.4   
  232245   196.7996   11.168   110.8     7753.0    9.92     9.89    -0.0318   -19.95     9.8106    0.0794    330.23  
  713177   196.81     9.78     146.2     10233.0   10.04    9.62    -0.4188   -20.25     9.9309    -0.3109   349.7   
  232246   196.8708   11.713   112.0     7843.0    9.58     9.35    -0.2302   -19.4      9.5916    -0.2416   323.65  
  232247   196.8796   12.358   100.5     7035.0    9.06     9.13    0.0708    -18.14     9.0874    0.0426    324.52  
  232569   196.8908   14.009   238.7     16708.0   10.0     10.25   0.2477    -20.36     9.977     0.273     347.55  
  713182   196.9388   10.529   239.4     16759.0   9.97     10.17   0.2026    -20.35     9.9739    0.1961    329.08  
  232248   196.9808   14.173   121.3     8489.0    9.38     9.51    0.1311    -18.68     9.3031    0.2069    346.54  
  232249   197.0033   14.232   122.9     8604.0    9.86     9.87    0.0146    -19.79     9.7469    0.1231    346.79  
  233779   197.0129   11.3     112.4     7867.0    9.68     9.69    0.0119    -19.39     9.5861    0.1039    316.86  
  233780   197.0104   9.956    47.2      3455.0    8.95     8.51    -0.4424   -17.76     8.9347    -0.4247   334.93  
  233610   197.0712   11.806   111.7     7818.0    8.49     9.34    0.854     -16.41     8.3966    0.9434    311.79  
  233611   197.0838   14.623   150.1     10506.0   9.12     9.73    0.6118    -18.19     9.1089    0.6211    353.01  
  232250   197.0892   11.515   111.3     7793.0    9.04     9.26    0.2174    -17.96     9.0158    0.2442    311.34  
  713186   197.0929   9.315    214.7     15027.0   10.61    10.33   -0.2844   -22.07     10.6582   -0.3282   345.35  
  232216   197.1192   10.669   108.6     7602.0    9.79     9.25    -0.5371   -19.93     9.8027    -0.5527   316.8   
  232463   197.1267   12.965   159.1     11140.0   9.85     10.0    0.1456    -19.76     9.7371    0.2629    315.86  
  233783   197.1742   9.194    46.9      3432.0    8.59     8.33    -0.2569   -16.85     8.5714    -0.2414   344.29  
  233790   197.1962   9.918    236.2     16536.0   10.71    10.24   -0.4659   -22.16     10.695    -0.455    325.42  
  232251   197.2258   13.457   113.5     7942.0    9.19     9.48    0.2896    -18.06     9.0563    0.4236    317.93  
  232252   197.2642   11.782   97.3      6813.0    9.0      9.19    0.1941    -17.73     8.9257    0.2643    300.48  
  713196   197.2733   9.477    217.6     15235.0   9.97     10.45   0.4761    -20.58     10.064    0.386     331.52  
  232253   197.2729   13.805   50.2      3643.0    8.36     8.42    0.0586    -16.25     8.3314    0.0886    322.36  
  8232     197.2729   11.634   112.1     7844.0    10.86    9.66    -1.2039   -22.82     10.9618   -1.3018   300.19  
  232326   197.4033   12.028   237.9     16651.0   10.03    10.27   0.2373    -20.28     9.9426    0.3274    292.52  
  713202   197.4046   9.529    197.3     13811.0   9.85     9.81    -0.0355   -20.14     9.8872    -0.0772   323.17  
  230122   197.4525   11.651   110.3     7718.0    10.14    10.0    -0.1428   -20.9      10.1928   -0.1928   289.6   
  232327   197.4929   11.532   235.8     16508.0   10.08    10.2    0.1178    -20.65     10.0929   0.1071    287.58  
  230128   197.5112   11.452   236.8     16578.0   10.6     10.17   -0.4318   -22.05     10.6531   -0.4831   286.85  
  232274   197.5488   13.854   50.2      3647.0    8.35     8.55    0.2049    -16.21     8.315     0.235     308.61  
  233791   197.5621   8.751    207.4     14515.0   10.74    10.45   -0.2856   -22.24     10.7261   -0.2761   337.78  
  233612   197.6104   14.601   124.6     8723.0    8.86     9.4     0.5389    -17.53     8.846     0.554     325.69  
  232464   197.6337   12.683   158.6     11099.0   9.76     9.85    0.0855    -19.68     9.7051    0.1449    283.43  
  8253     197.6829   11.707   49.8      3627.0    9.04     9.71    0.6679    -17.61     8.8754    0.8346    275.96  
  8255     197.7354   11.477   50.4      3667.0    9.84     9.74    -0.1018   -20.04     9.8473    -0.1073   273.59  
  713213   197.7137   8.746    144.6     10122.0   9.85     9.77    -0.0844   -19.89     9.7895    -0.0195   330.44  
  232276   197.7388   11.908   127.3     8908.0    9.51     9.91    0.4038    -18.93     9.4034    0.5066    272.63  
  233613   197.7437   13.807   98.9      6925.0    8.61     9.04    0.4285    -16.76     8.5368    0.5032    297.06  
  233614   197.8279   12.666   158.3     11080.0   8.24     9.59    1.3532    -16.11     8.2755    1.3145    272.07  
  233615   197.8571   15.531   52.1      3767.0    8.07     8.78    0.7089    -15.46     8.0156    0.7644    346.29  
  230146   197.8821   8.743    59.1      4301.0    9.88     8.98    -0.8978   -20.12     9.8812    -0.9012   322.32  
  232331   197.8904   11.462   132.7     9292.0    9.49     9.33    -0.1643   -19.16     9.496     -0.166    264.57  
  232332   197.9042   11.156   140.6     9840.0    9.95     9.45    -0.5024   -20.29     9.9473    -0.4973   265.9   
  230148   197.935    9.11     196.2     13733.0   10.64    10.05   -0.5941   -22.36     10.7758   -0.7258   307.58  
  230151   197.9533   10.602   139.2     9746.0    10.57    9.91    -0.6639   -22.12     10.6807   -0.7707   270.09  
  713222   197.9521   9.88     145.9     10215.0   10.4     9.73    -0.6724   -21.42     10.4019   -0.6719   284.95  
  230152   197.9837   12.353   128.2     8976.0    10.26    9.51    -0.7548   -21.2      10.314    -0.804    260.15  
  232082   197.9833   11.097   139.0     9729.0    10.48    9.76    -0.7199   -21.53     10.4434   -0.6834   261.86  
  230153   197.9908   14.566   118.1     8268.0    10.13    9.47    -0.6559   -20.76     10.1344   -0.6644   305.79  
  230157   198.0404   11.236   109.7     7677.0    10.22    9.32    -0.8957   -21.16     10.2952   -0.9752   257.28  
  232084   198.0504   14.654   115.7     8102.0    9.84     9.6     -0.2421   -19.88     9.7823    -0.1823   305.76  
  232466   198.0629   12.908   126.6     8862.0    9.21     9.19    -0.0164   -18.38     9.185     0.005     261.78  
  232467   198.0725   12.868   50.5      3667.0    9.06     8.85    -0.2066   -18.03     9.0446    -0.1946   260.66  
  232335   198.0892   11.673   133.7     9360.0    10.19    9.86    -0.3292   -21.06     10.2555   -0.3955   252.17  
  230160   198.0908   12.173   50.3      3656.0    9.5      9.69    0.1855    -19.11     9.474     0.216     252.8   
  230162   198.1017   8.655    219.3     15348.0   10.86    10.16   -0.6956   -22.52     10.8381   -0.6781   314.88  
  233616   198.1337   12.956   125.5     8788.0    8.61     9.55    0.9356    -16.98     8.6231    0.9269    258.52  
  233617   198.125    15.321   52.0      3763.0    8.06     8.61    0.5529    -15.49     8.0264    0.5836    326.34  
  232337   198.1571   11.812   148.1     10369.0   9.63     9.5     -0.1252   -19.44     9.6065    -0.1065   248.02  
  232338   198.1671   11.976   148.7     10412.0   10.19    9.86    -0.3308   -20.74     10.1288   -0.2688   247.61  
  8289     198.1662   12.599   50.4      3662.0    10.15    10.2    0.0524    -21.08     10.2622   -0.0622   251.86  
  232469   198.1788   12.806   131.3     9190.0    9.03     9.15    0.116     -17.9      8.9901    0.1599    253.74  
  232473   198.2654   12.421   114.6     8024.0    9.37     9.37    0.0021    -18.77     9.3402    0.0298    244.34  
  233619   198.2683   12.713   131.6     9213.0    9.69     9.71    0.0216    -19.66     9.6954    0.0146    247.38  
  8296     198.2921   9.69     59.0      4293.0    10.13    9.52    -0.613    -21.12     10.2803   -0.7603   271.88  
  8298     198.3321   10.194   16.3      1460.0    8.48     8.98    0.4955    -16.55     8.4508    0.5292    256.9   
  231638   198.3525   8.04     105.9     7414.0    10.09    9.63    -0.4567   -20.46     10.0153   -0.3853   327.45  
  8306     198.3938   15.991   101.2     7083.0    10.9     10.11   -0.788    -22.65     10.8924   -0.7824   342.73  
  232339   198.3975   11.922   139.9     9793.0    10.06    9.66    -0.4036   -20.52     10.0397   -0.3797   233.99  
  232340   198.4146   11.853   138.7     9709.0    9.97     9.71    -0.2568   -20.38     9.9833    -0.2733   232.91  
  232475   198.4325   12.771   50.6      3678.0    8.74     8.53    -0.2067   -17.15     8.6912    -0.1613   238.82  
  232258   198.4483   13.679   102.1     7148.0    9.39     9.03    -0.357    -18.88     9.3823    -0.3523   256.52  
  232576   198.4608   13.768   113.4     7936.0    9.71     9.29    -0.4172   -19.84     9.7683    -0.4783   258.24  
  232342   198.4854   11.775   137.8     9646.0    9.32     9.37    0.0521    -18.64     9.2877    0.0823    228.75  
  233620   198.5008   12.235   148.2     10377.0   9.16     9.59    0.4291    -18.09     9.0663    0.5237    229.22  
  238739   198.585    7.776    89.6      6269.0    8.67     9.28    0.6052    -16.78     8.5421    0.7379    329.06  
  230185   198.5821   13.507   114.0     7979.0    10.17    9.6     -0.5722   -20.77     10.1391   -0.5391   245.08  
  238780   198.6333   7.087    172.0     12043.0   9.76     10.0    0.2383    -19.53     9.6438    0.3562    358.78  
  233793   198.6471   9.224    195.6     13694.0   9.09     9.69    0.6049    -18.24     9.1299    0.5601    268.64  
  232577   198.6683   13.326   124.5     8714.0    9.35     9.39    0.0355    -18.65     9.2905    0.0995    236.14  
  232643   198.7346   7.07     200.9     14062.0   10.4     10.03   -0.3663   -21.41     10.3962   -0.3662   355.91  
  230192   198.7504   10.029   191.6     13415.0   10.31    10.36   0.0467    -21.26     10.3378   0.0222    238.48  
  233621   198.7637   16.085   97.5      6828.0    10.0     9.75    -0.2544   -20.51     10.0362   -0.2862   332.83  
  238740   198.7683   7.163    58.5      4270.0    8.88     9.14    0.2613    -17.5      8.8317    0.3083    350.25  
  238741   198.7954   7.054    200.0     14003.0   10.12    10.16   0.0423    -20.8      10.1502   0.0098    354.55  
  713262   198.8058   9.541    193.8     13567.0   10.37    10.16   -0.2127   -21.53     10.4429   -0.2829   250.18  
  232262   198.8096   15.229   126.6     8860.0    10.11    9.42    -0.6885   -20.66     10.0948   -0.6748   293.21  
  230199   198.835    13.091   111.7     7822.0    10.34    9.99    -0.3548   -21.6      10.4715   -0.4815   221.91  
  232478   198.8596   12.677   114.8     8038.0    9.43     9.58    0.1469    -19.05     9.45      0.13      213.19  
  230201   198.8479   12.895   113.5     7943.0    10.09    9.95    -0.1366   -20.85     10.1713   -0.2213   217.41  
  232343   198.8446   11.766   99.4      6955.0    10.01    9.25    -0.7607   -20.4      9.9902    -0.7402   207.66  
  233794   198.8608   11.586   60.4      4376.0    8.87     8.8     -0.0728   -17.58     8.8657    -0.0657   207.13  
  231318   198.9646   8.039    107.0     7489.0    10.24    10.1    -0.1449   -20.8      10.1536   -0.0536   302.23  
  233599   198.9733   8.029    109.4     7660.0    8.85     9.26    0.4136    -17.37     8.7802    0.4798    302.36  
  231319   198.9908   7.329    197.5     13825.0   10.55    10.06   -0.4896   -21.9      10.5929   -0.5329   334.32  
  232650   199.0137   7.081    94.3      6598.0    9.8      9.69    -0.1092   -20.01     9.8358    -0.1458   345.64  
  238743   199.02     7.753    214.7     15028.0   10.31    10.31   -0.0037   -21.22     10.3205   -0.0105   313.19  
  230208   199.0146   13.403   134.0     9378.0    10.27    9.6     -0.6679   -21.09     10.2682   -0.6682   219.58  
  238744   199.0846   7.025    94.9      6641.0    8.74     9.95    1.2124    -17.17     8.7001    1.2499    346.0   
  232480   199.0996   12.522   51.9      3764.0    8.42     8.51    0.0892    -16.53     8.4437    0.0663    197.38  
  232481   199.1142   12.95    114.0     7980.0    10.25    9.52    -0.7258   -21.09     10.2677   -0.7477   203.69  
  238745   199.1296   8.037    211.0     14773.0   10.0     9.92    -0.0768   -20.47     10.0199   -0.0999   295.92  
  232482   199.1492   12.153   51.1      3709.0    8.74     8.38    -0.3558   -17.12     8.6781    -0.2981   190.89  
  735239   199.1804   8.795    192.2     13453.0   10.14    9.87    -0.269    -20.54     10.0465   -0.1765   260.64  
  232664   199.1921   7.69     214.9     15042.0   11.01    9.97    -1.0399   -23.05     11.0514   -1.0814   309.82  
  8345     199.2171   12.548   16.7      1261.0    8.73     8.98    0.2541    -17.24     8.7267    0.2533    191.03  
  232668   199.2404   7.219    186.2     13033.0   10.03    10.08   0.0542    -20.44     10.0086   0.0714    331.16  
  8344     199.2433   7.844    212.9     14905.0   11.28    10.2    -1.0775   -23.56     11.2562   -1.0562   300.63  
  8350     199.2663   8.399    106.8     7479.0    9.93     9.85    -0.078    -20.05     9.8523    -0.0023   274.2   
  713296   199.2817   9.676    97.6      6834.0    9.2      9.24    0.044     -18.34     9.1689    0.0711    222.3   
  713298   199.3158   9.757    192.9     13506.0   10.05    9.92    -0.1306   -20.26     9.9354    -0.0154   217.9   
  238746   199.4733   8.052    104.2     7295.0    8.98     9.36    0.3778    -17.64     8.8861    0.4739    282.4   
  238747   199.5375   8.085    198.1     13868.0   9.59     9.93    0.3394    -19.26     9.5365    0.3935    278.55  
  233624   199.5825   13.901   127.1     8896.0    8.43     9.39    0.9604    -15.05     7.8521    1.5379    207.0   
  238748   199.5825   8.07     216.6     15165.0   10.63    10.01   -0.6221   -21.95     10.6133   -0.6033   277.67  
  232584   199.6487   14.047   125.9     8813.0    9.95     9.46    -0.4948   -20.46     10.0165   -0.5565   209.45  
  231647   199.6517   8.001    191.1     13379.0   10.46    10.16   -0.2999   -21.68     10.5021   -0.3421   278.65  
  230229   199.6638   8.686    105.5     7387.0    9.89     9.61    -0.2818   -20.04     9.8479    -0.2379   245.72  
  230233   199.7029   12.397   161.8     11328.0   10.42    10.23   -0.1918   -21.61     10.4763   -0.2463   161.25  
  232585   199.6921   13.615   238.4     16691.0   10.05    10.01   -0.0355   -20.61     10.0746   -0.0646   191.72  
  713305   199.7354   10.426   212.7     14892.0   9.95     9.92    -0.0252   -20.17     9.9017    0.0183    175.87  
  231337   199.7296   7.795    217.2     15205.0   11.0     10.31   -0.6898   -23.07     11.058    -0.748    286.28  
  230234   199.7579   14.791   98.4      6890.0    10.18    9.52    -0.6615   -20.96     10.2176   -0.6976   236.41  
  233795   199.7808   9.4      141.9     9931.0    9.68     9.68    0.0011    -19.64     9.6877    -0.0077   209.85  
  735291   199.7908   8.589    106.5     7453.0    9.42     9.41    -0.0119   -19.0      9.4316    -0.0216   245.4   
  232673   199.7975   7.431    98.7      6912.0    10.33    9.56    -0.7746   -21.31     10.3563   -0.7963   302.81  
  233625   199.8054   15.881   119.4     8358.0    9.53     9.72    0.1869    -19.09     9.4663    0.2537    287.7   
  230238   199.8346   8.762    199.2     13945.0   10.74    9.97    -0.7682   -22.26     10.7348   -0.7648   235.7   
  230239   199.8683   14.578   99.9      6994.0    9.93     9.71    -0.2244   -20.1      9.8711    -0.1611   222.54  
  231341   199.8754   7.48     181.9     12730.0   10.42    10.04   -0.3778   -21.5      10.4317   -0.3917   297.93  
  233626   199.9242   15.753   125.5     8782.0    10.31    9.83    -0.4824   -21.15     10.2938   -0.4638   277.58  
  713315   199.9358   10.242   211.4     14795.0   10.44    10.2    -0.2394   -21.57     10.4581   -0.2581   171.27  
  233627   199.9708   13.806   16.8      1227.0    7.0      7.98    0.9848    -12.52     6.8383    1.1417    185.81  
  8375     199.9846   15.85    104.2     7293.0    10.76    9.83    -0.9282   -22.57     10.8591   -1.0291   280.82  
  238749   200.0108   7.222    102.6     7185.0    8.55     9.37    0.8241    -16.85     8.5718    0.7982    307.74  
  232268   200.0421   15.405   98.2      6872.0    9.09     8.87    -0.224    -18.1      9.0704    -0.2004   256.26  
  8379     200.0846   6.336    175.3     12270.0   11.14    10.37   -0.7652   -23.15     11.0903   -0.7203   354.27  
  8383     200.1158   14.534   126.2     8834.0    10.59    9.89    -0.7006   -22.04     10.6498   -0.7598   211.25  
  232486   200.1375   12.823   110.8     7756.0    10.02    9.59    -0.4322   -20.29     9.9493    -0.3593   145.37  
  232269   200.1583   14.592   131.8     9223.0    10.1     9.44    -0.6576   -20.7      10.1126   -0.6726   212.47  
  8385     200.1588   9.787    16.2      1430.0    8.85     8.99    0.1447    -17.36     8.777     0.213     177.65  
  233628   200.1996   13.636   101.1     7074.0    8.94     9.64    0.6952    -17.73     8.9234    0.7166    169.03  
  713325   200.2296   10.263   178.5     12494.0   9.87     9.95    0.0775    -20.06     9.8547    0.0953    156.26  
  230262   200.2358   14.156   105.9     7412.0    10.14    9.97    -0.1714   -20.86     10.1756   -0.2056   189.43  
  238750   200.2729   8.169    178.5     12494.0   10.12    9.96    -0.157    -20.43     10.0038   -0.0438   250.3   
  230269   200.3687   12.338   166.9     11681.0   10.61    10.07   -0.5428   -21.99     10.6296   -0.5596   122.52  
  713332   200.3562   9.075    206.2     14435.0   10.03    10.05   0.0167    -20.53     10.0449   0.0051    201.9   
  230268   200.3571   14.729   107.7     7542.0    9.97     9.46    -0.5078   -20.48     10.0248   -0.5648   212.3   
  238751   200.3788   6.601    96.6      6761.0    8.91     9.27    0.3592    -17.5      8.8332    0.4368    333.02  
  8395     200.3842   12.188   167.9     11754.0   10.61    10.3    -0.3063   -22.1      10.6703   -0.3703   119.56  
  231350   200.3992   15.321   98.7      6906.0    10.11    9.75    -0.3562   -20.82     10.1606   -0.4106   241.39  
  232361   200.4371   12.0     168.7     11807.0   10.3     9.69    -0.6112   -21.28     10.3444   -0.6544   114.77  
  232492   200.4433   12.794   113.0     7907.0    9.76     9.3     -0.4597   -19.99     9.8274    -0.5274   128.57  
  233796   200.485    8.814    142.6     9979.0    9.97     9.84    -0.1325   -20.25     9.9314    -0.0914   210.62  
  230275   200.4804   14.333   104.3     7301.0    10.21    9.55    -0.6605   -20.94     10.208    -0.658    188.75  
  232094   200.4983   8.1      220.9     15460.0   10.68    10.35   -0.3257   -22.06     10.6542   -0.3042   247.66  
  713341   200.5137   8.867    143.0     10008.0   9.42     9.66    0.2409    -18.89     9.3893    0.2707    207.02  
  715818   200.5388   6.755    181.8     12723.0   9.64     9.97    0.3347    -19.48     9.6233    0.3467    321.1   
  231927   200.5746   13.967   108.5     7595.0    9.31     9.37    0.0649    -18.47     9.2191    0.1509    168.01  
  713345   200.6292   9.709    213.8     14969.0   10.15    10.26   0.1082    -20.99     10.2299   0.0301    161.9   
  233629   200.6858   14.08    96.7      6772.0    8.46     9.25    0.7879    -16.48     8.4239    0.8261    169.46  
  715819   200.6821   7.809    219.2     15346.0   9.75     9.99    0.2412    -19.84     9.7687    0.2213    259.0   
  232271   200.7433   14.844   98.8      6916.0    9.24     9.28    0.0386    -18.42     9.201     0.079     206.72  
  8408     200.7513   13.951   108.4     7590.0    10.51    10.26   -0.248    -21.68     10.5057   -0.2457   160.94  
  232592   200.8313   13.19    218.1     15266.0   10.25    10.24   -0.0109   -20.96     10.2172   0.0228    123.68  
  233797   200.8471   11.56    100.7     7051.0    8.65     9.25    0.5996    -16.62     8.4818    0.7682    91.11   
  8413     200.8642   6.392    103.5     7248.0    10.57    10.03   -0.5403   -21.93     10.6035   -0.5735   335.98  
  230295   200.8779   13.773   107.4     7516.0    10.16    9.33    -0.8253   -21.05     10.2501   -0.9201   147.98  
  230297   200.9037   13.973   96.5      6756.0    9.97     9.93    -0.0415   -20.39     9.9887    -0.0587   156.96  
  233630   200.9113   12.01    170.3     11922.0   9.07     9.63    0.5589    -17.72     8.9188    0.7112    87.25   
  231356   200.9033   6.407    173.3     12128.0   10.25    9.84    -0.4056   -21.17     10.3013   -0.4613   334.55  
  233631   200.9367   14.693   97.3      6811.0    9.14     9.42    0.2761    -18.34     9.1673    0.2527    193.57  
  715822   200.9417   7.53     181.2     12686.0   10.22    9.79    -0.4304   -20.79     10.147    -0.357    269.3   
  735323   200.9621   8.612    196.1     13725.0   9.52     9.77    0.2459    -19.32     9.5589    0.2111    208.16  
  8417     200.9679   13.734   96.0      6717.0    10.48    9.89    -0.5874   -21.66     10.496    -0.606    143.03  
  238752   200.9917   7.183    181.6     12710.0   9.39     9.93    0.5435    -18.61     9.2754    0.6546    288.3   
  8421     201.0029   9.71     104.0     7280.0    10.91    10.31   -0.5981   -22.87     10.9793   -0.6693   148.8   
  713360   201.04     10.565   196.4     13746.0   9.73     10.18   0.4538    -19.53     9.6445    0.5355    107.75  
  230302   201.0412   9.662    107.3     7515.0    10.14    9.7     -0.4406   -20.67     10.0998   -0.3998   150.05  
  713361   201.0437   8.602    196.8     13773.0   10.04    9.82    -0.2186   -20.52     10.0404   -0.2204   206.85  
  8425     201.0529   15.594   125.1     8755.0    10.53    9.94    -0.5914   -21.91     10.5967   -0.6567   241.08  
  231933   201.0625   13.779   102.3     7164.0    9.59     9.63    0.0437    -19.41     9.5957    0.0343    142.12  
  231415   201.0646   7.255    180.5     12638.0   10.23    10.16   -0.0671   -20.86     10.1758   -0.0158   282.94  
  232368   201.0775   11.98    172.1     12049.0   9.61     9.79    0.1795    -19.31     9.5561    0.2339    77.33   
  233632   201.0717   14.648   194.8     13637.0   10.05    9.98    -0.07     -20.44     10.0071   -0.0271   187.83  
  715826   201.0804   6.774    102.6     7184.0    9.26     9.28    0.0176    -18.42     9.2016    0.0784    310.55  
  233799   201.1025   9.74     103.4     7239.0    9.87     9.65    -0.2199   -19.99     9.8261    -0.1761   144.15  
  231935   201.1033   13.813   95.6      6689.0    9.2      9.37    0.1652    -18.44     9.2062    0.1638    142.57  
  230305   201.1004   13.938   101.0     7068.0    10.36    9.4     -0.9595   -21.48     10.4259   -1.0259   149.08  
  232369   201.1321   11.77    102.9     7206.0    9.42     9.41    -0.0114   -19.02     9.4411    -0.0311   73.31   
  8427     201.1463   6.529    103.4     7240.0    10.91    10.21   -0.7014   -22.79     10.9492   -0.7392   323.91  
  238753   201.1542   6.809    177.4     12418.0   9.78     9.82    0.0365    -19.71     9.7141    0.1059    307.47  
  233800   201.1496   8.777    194.7     13628.0   10.18    10.26   0.0756    -20.57     10.0607   0.1993    194.75  
  715830   201.2021   6.709    176.1     12330.0   9.95     10.07   0.1229    -20.12     9.8804    0.1896    312.67  
  230310   201.205    16.145   105.6     7395.0    9.95     10.07   0.1238    -20.26     9.9344    0.1356    270.18  
  230312   201.215    13.581   100.7     7046.0    10.0     9.77    -0.2289   -20.55     10.0506   -0.2806   127.33  
  232496   201.2225   12.19    203.2     14225.0   10.02    10.08   0.056     -20.47     10.021    0.059     72.08   
  715833   201.2429   6.326    105.3     7374.0    9.75     9.56    -0.1887   -19.74     9.7278    -0.1678   334.58  
  232497   201.25     12.414   203.1     14214.0   9.8      9.85    0.0537    -19.84     9.7696    0.0804    76.16   
  233585   201.28     15.84    125.3     8771.0    10.26    10.17   -0.0857   -21.16     10.296    -0.126    251.4   
  231943   201.3142   13.276   96.6      6765.0    9.59     9.22    -0.3747   -19.49     9.6275    -0.4075   108.9   
  715835   201.3483   7.909    237.0     16588.0   10.22    10.01   -0.2077   -21.13     10.2857   -0.2757   240.65  
  8438     201.3717   16.179   163.9     11475.0   10.56    10.43   -0.1293   -21.78     10.5442   -0.1142   269.86  
  230320   201.38     11.825   173.1     12120.0   10.53    10.26   -0.2702   -21.88     10.5856   -0.3256   58.77   
  232372   201.4179   11.561   187.5     13123.0   9.97     9.59    -0.3841   -20.49     10.0299   -0.4399   58.16   
  231944   201.4417   13.911   99.9      6990.0    8.97     9.3     0.3263    -17.78     8.9432    0.3568    138.64  
  238755   201.4604   6.592    175.8     12303.0   9.95     9.82    -0.1303   -20.59     10.0687   -0.2487   316.53  
  230324   201.4729   13.298   99.1      6940.0    9.86     9.47    -0.3912   -20.01     9.8369    -0.3669   104.98  
  715840   201.5038   6.223    172.2     12055.0   10.4     9.95    -0.4451   -21.68     10.5042   -0.5542   337.94  
  232595   201.5192   13.736   171.0     11971.0   9.5      9.74    0.2394    -19.18     9.504     0.236     127.23  
  232613   201.5325   14.183   168.7     11806.0   10.18    9.75    -0.4325   -20.61     10.0772   -0.3272   151.99  
  232614   201.5583   14.256   169.4     11859.0   10.04    9.93    -0.1137   -20.42     10.0009   -0.0709   155.61  
  231945   201.5721   13.811   104.5     7313.0    9.6      9.37    -0.2301   -19.39     9.5897    -0.2197   130.2   
  232285   201.5933   10.969   256.6     17965.0   9.83     10.06   0.2349    -19.78     9.7451    0.3149    67.54   
  715845   201.6571   6.296    173.5     12145.0   9.49     9.52    0.0326    -19.07     9.4609    0.0591    332.3   
  233801   201.7063   10.558   178.1     12468.0   9.85     9.8     -0.0522   -20.11     9.8776    -0.0776   83.8    
  8450     201.755    10.056   16.3      1340.0    8.19     8.31    0.1224    -15.79     8.1473    0.1627    110.28  
  713414   201.8408   8.976    197.1     13795.0   10.03    10.08   0.0471    -20.28     9.9423    0.1377    171.72  
  232218   201.855    11.884   105.1     7356.0    10.29    9.29    -1.0019   -21.18     10.3041   -1.0141   31.35   
  232380   201.89     11.73    62.5      4516.0    8.82     9.08    0.2565    -17.43     8.8059    0.2741    29.0    
  8456     201.8954   15.189   105.6     7392.0    10.3     9.59    -0.7111   -21.13     10.2824   -0.6924   206.0   
  715853   202.02     6.266    142.2     9957.0    9.78     9.51    -0.2747   -19.87     9.7782    -0.2682   332.05  
  713424   202.0471   8.149    158.6     11099.0   9.36     9.75    0.3879    -18.81     9.3554    0.3946    219.27  
  233633   202.0562   16.089   65.3      4682.0    7.98     8.78    0.7965    -15.11     7.8775    0.9025    258.72  
  233634   202.0946   13.256   110.2     7714.0    9.1      9.32    0.2154    -17.76     8.9341    0.3859    89.59   
  232504   202.0842   12.762   110.0     7699.0    9.3      9.54    0.2437    -18.42     9.1987    0.3413    60.94   
  232385   202.1171   11.998   200.4     14027.0   10.14    9.92    -0.2163   -20.75     10.1336   -0.2136   19.88   
  232596   202.1267   13.108   109.1     7637.0    9.82     9.28    -0.5358   -20.12     9.8816    -0.6016   80.53   
  232507   202.1492   12.066   104.7     7326.0    9.85     9.41    -0.4408   -20.29     9.9464    -0.5364   21.44   
  230351   202.1671   12.711   110.9     7765.0    10.45    9.63    -0.8237   -21.77     10.5382   -0.9082   56.72   
  233559   202.1971   10.961   16.0      1380.0    6.75     7.42    0.6748    -11.92     6.5981    0.8219    50.79   
  233820   202.205    10.382   102.4     7166.0    9.85     9.64    -0.2133   -20.04     9.8468    -0.2068   85.04   
  232392   202.2179   11.756   106.3     7438.0    9.35     9.6     0.2476    -18.75     9.3309    0.2691    9.72    
  232391   202.2175   11.097   63.0      4550.0    9.38     9.1     -0.2808   -18.72     9.3186    -0.2186   42.59   
  715857   202.2287   6.133    237.0     16590.0   10.26    10.19   -0.0747   -21.23     10.3253   -0.1353   339.48  
  8469     202.2275   10.038   102.3     7164.0    10.29    9.79    -0.4984   -21.17     10.3015   -0.5115   105.42  
  230356   202.2675   12.238   107.8     7544.0    10.34    9.72    -0.6219   -21.41     10.3975   -0.6775   27.75   
  715858   202.2762   6.52     147.2     10303.0   9.35     9.62    0.273     -18.69     9.3092    0.3108    316.19  
  232509   202.2917   12.769   105.9     7412.0    9.19     9.46    0.2651    -18.65     9.2914    0.1686    59.04   
  232510   202.3175   12.701   201.2     14081.0   9.9      10.03   0.1256    -19.97     9.8207    0.2093    54.89   
  232401   202.3379   11.337   208.3     14582.0   10.7     10.09   -0.6113   -22.21     10.7179   -0.6279   27.23   
  233802   202.3417   9.061    101.3     7093.0    9.13     9.42    0.2853    -18.13     9.0824    0.3376    163.68  
  8475     202.3575   11.008   101.8     7123.0    10.35    10.66   0.3138    -21.49     10.4285   0.2315    46.87   
  230366   202.3783   11.746   114.2     7995.0    10.73    9.1     -1.6322   -22.54     10.8473   -1.7473   2.59    
  230367   202.3979   11.697   97.6      6835.0    9.9      9.3     -0.6003   -20.32     9.9608    -0.6608   5.58    
  232513   202.3833   13.009   116.5     8155.0    9.3      9.53    0.2265    -18.44     9.2079    0.3221    73.25   
  233635   202.3875   14.948   104.9     7345.0    9.09     9.36    0.2715    -18.01     9.0379    0.3221    189.53  
  735333   202.4246   10.61    118.5     8293.0    9.21     9.34    0.127     -18.21     9.1169    0.2231    70.77   
  230369   202.4288   12.19    178.3     12483.0   10.7     10.08   -0.6226   -22.25     10.7318   -0.6518   24.25   
  230371   202.4346   9.934    96.1      6726.0    10.0     9.59    -0.4119   -20.31     9.9568    -0.3668   111.35  
  230372   202.4371   10.018   106.3     7442.0    9.92     9.36    -0.5643   -20.36     9.9744    -0.6144   106.27  
  232407   202.4608   11.35    100.4     7027.0    9.3      9.38    0.0802    -18.6      9.272     0.108     26.74   
  8486     202.4867   11.072   100.6     7039.0    10.15    9.64    -0.5135   -20.76     10.1357   -0.4957   43.46   
  713446   202.4896   10.04    107.3     7510.0    9.35     9.25    -0.0973   -18.79     9.3471    -0.0971   105.13  
  230378   202.5158   12.175   195.7     13696.0   10.43    10.11   -0.3215   -21.74     10.5278   -0.4178   24.53   
  8488     202.5096   13.416   109.2     7645.0    10.87    10.11   -0.7606   -22.76     10.9363   -0.8263   97.94   
  233636   202.5633   12.842   114.2     7993.0    8.89     9.61    0.7242    -17.56     8.8547    0.7553    64.12   
  233873   202.5575   11.544   99.5      6967.0    9.2      9.24    0.0449    -18.21     9.1141    0.1259    18.01   
  231375   202.565    7.486    104.0     7279.0    10.18    9.32    -0.8593   -21.09     10.269    -0.949    258.41  
  233637   202.5887   12.484   106.9     7481.0    7.68     9.14    1.4573    -13.77     7.3402    1.7998    43.46   
  230380   202.6662   11.595   107.6     7529.0    10.21    9.48    -0.7316   -20.97     10.2202   -0.7402   20.45   
  232408   202.7004   11.065   243.1     17019.0   10.01    9.87    -0.1407   -20.67     10.0984   -0.2284   47.31   
  232525   202.7179   12.097   205.1     14355.0   10.12    9.98    -0.1416   -20.67     10.0984   -0.1184   27.12   
  232526   202.7492   12.596   206.0     14423.0   10.17    10.06   -0.1065   -20.7      10.1129   -0.0529   53.07   
  232280   202.7504   11.488   162.6     11381.0   10.13    9.98    -0.1532   -20.69     10.108    -0.128    28.26   
  232292   202.7658   11.027   108.9     7621.0    9.43     9.15    -0.2824   -18.93     9.4033    -0.2533   51.04   
  233638   202.8267   16.167   112.3     7862.0    9.01     9.51    0.5016    -17.81     8.956     0.554     263.97  
  230389   202.8412   10.726   94.1      6590.0    9.91     9.74    -0.1745   -20.22     9.919     -0.179    69.3    
  232530   202.9179   12.624   204.6     14325.0   9.99     9.92    -0.0652   -20.42     10.0006   -0.0806   59.25   
  233639   202.9221   14.238   193.8     13565.0   9.99     9.96    -0.0286   -20.57     10.0596   -0.0996   150.33  
  233641   202.9517   14.276   104.0     7279.0    9.14     9.58    0.4407    -18.03     9.0449    0.5351    152.94  
  233803   202.9383   9.583    104.8     7335.0    9.68     9.23    -0.4485   -19.46     9.6156    -0.3856   136.37  
  230396   202.9637   14.137   112.2     7854.0    10.2     9.75    -0.4484   -21.0      10.2303   -0.4803   145.01  
  232412   202.9771   11.807   103.6     7249.0    9.15     9.08    -0.0736   -18.34     9.1663    -0.0863   35.08   
  238696   202.9842   6.035    166.1     11627.0   9.62     9.78    0.1647    -19.61     9.6747    0.1053    347.08  
  230400   203.0204   13.163   193.5     13542.0   10.38    9.95    -0.4309   -21.45     10.4116   -0.4616   90.6    
  230402   203.0304   14.434   122.9     8604.0    10.04    9.8     -0.2399   -20.61     10.0752   -0.2752   163.2   
  231380   203.0525   6.146    103.9     7274.0    9.99     9.77    -0.2213   -20.51     10.0371   -0.2671   340.89  
  8518     203.0583   13.892   113.3     7930.0    10.99    10.38   -0.6065   -23.06     11.058    -0.678    132.29  
  230403   203.06     10.408   108.3     7578.0    10.04    9.93    -0.1063   -20.36     9.9771    -0.0471   92.0    
  232413   203.0704   11.198   140.4     9831.0    9.9      9.79    -0.1131   -19.94     9.8061    -0.0161   53.89   
  238611   203.0788   10.455   175.0     12248.0   8.79     9.72    0.9345    -17.32     8.759     0.961     89.99   
  8519     203.1163   7.317    100.0     6997.0    11.09    9.36    -1.727    -23.31     11.1572   -1.7972   271.83  
  735361   203.1129   10.097   105.3     7368.0    9.04     9.45    0.4069    -17.78     8.9448    0.5052    110.27  
  230407   203.1237   12.818   111.5     7802.0    10.09    9.69    -0.3998   -20.76     10.1346   -0.4446   75.58   
  230408   203.1346   13.933   102.3     7159.0    10.09    9.47    -0.6189   -20.73     10.1245   -0.6545   136.03  
  233804   203.2046   10.131   107.3     7513.0    9.91     9.66    -0.2513   -19.76     9.7346    -0.0746   110.69  
  8523     203.205    7.17     102.3     7158.0    10.82    9.65    -1.1739   -22.84     10.9664   -1.3164   281.38  
  233806   203.2167   9.989    106.1     7424.0    9.62     9.44    -0.1763   -19.43     9.6052    -0.1652   118.67  
  8527     203.2258   9.52     103.8     7264.0    10.58    10.18   -0.3961   -21.89     10.5891   -0.4091   144.96  
  231389   203.2333   7.288    112.1     7850.0    9.97     9.46    -0.51     -20.34     9.9691    -0.5091   274.73  
  232414   203.2688   11.076   121.3     8489.0    9.21     9.4     0.1943    -18.33     9.164     0.236     67.53   
  230413   203.2708   14.205   192.7     13491.0   10.71    10.1    -0.6142   -22.35     10.7723   -0.6723   154.05  
  233807   203.3108   10.284   106.6     7465.0    9.29     9.37    0.0828    -18.55     9.25      0.12      105.61  
  238756   203.3038   6.481    118.9     8324.0    8.82     9.59    0.7742    -17.17     8.7005    0.8895    323.11  
  238678   203.3038   8.057    104.0     7279.0    9.35     9.18    -0.1719   -18.75     9.333     -0.153    230.47  
  230417   203.3283   11.117   112.8     7896.0    9.95     9.75    -0.2006   -20.44     10.0063   -0.2563   68.8    
  713493   203.3396   8.776    236.1     16529.0   10.0     10.03   0.0334    -20.31     9.957     0.073     189.43  
  233808   203.3317   11.277   182.0     12741.0   9.5      9.92    0.4229    -19.12     9.4804    0.4396    63.82   
  230418   203.3421   9.527    105.9     7416.0    10.12    9.83    -0.2874   -20.56     10.0552   -0.2252   147.06  
  238757   203.3575   6.354    91.6      6412.0    9.2      9.29    0.0943    -18.16     9.0962    0.1938    331.17  
  232538   203.3696   12.881   185.5     12985.0   10.07    9.93    -0.138    -20.91     10.1966   -0.2666   87.52   
  233825   203.3875   10.156   106.5     7453.0    9.12     9.13    0.0052    -18.17     9.1014    0.0286    114.52  
  238789   203.4092   8.023    109.6     7669.0    9.37     9.17    -0.2046   -18.69     9.3089    -0.1389   233.98  
  233809   203.4508   8.274    198.4     13886.0   10.2     10.28   0.0766    -21.06     10.2558   0.0242    220.13  
  713506   203.4629   10.564   248.2     17373.0   10.01    9.84    -0.169    -20.56     10.0554   -0.2154   97.26   
  233876   203.4863   11.487   164.8     11534.0   9.71     9.84    0.1296    -19.47     9.6191    0.2209    67.48   
  233824   203.4971   8.286    111.0     7767.0    9.08     9.25    0.1695    -17.91     8.9961    0.2539    220.25  
  233739   203.5171   13.584   191.2     13383.0   9.83     9.77    -0.0589   -20.0      9.8327    -0.0627   126.61  
  230426   203.5425   13.163   189.7     13278.0   10.6     10.13   -0.4717   -22.09     10.6667   -0.5367   106.95  
  230427   203.5392   13.281   192.3     13461.0   10.81    10.11   -0.6988   -22.64     10.8877   -0.7777   112.36  
  713520   203.5412   10.608   180.4     12626.0   9.67     9.99    0.3182    -19.5      9.6301    0.3599    98.43   
  230430   203.5667   10.651   172.7     12088.0   10.56    9.99    -0.5684   -21.82     10.5616   -0.5716   97.67   
  230431   203.5912   10.564   142.8     9998.0    10.32    9.86    -0.4642   -21.21     10.3144   -0.4544   102.37  
  238612   203.6071   8.854    105.2     7365.0    8.88     9.2     0.3234    -17.61     8.8751    0.3249    190.37  
  238698   203.6367   5.946    107.3     7508.0    9.14     9.31    0.1713    -17.98     9.023     0.287     358.39  
  230435   203.6483   8.693    114.3     7999.0    10.05    9.19    -0.8561   -20.53     10.0428   -0.8528   200.26  
  230436   203.6579   8.794    22.9      1518.0    8.62     8.84    0.2212    -17.04     8.6499    0.1901    194.89  
  233642   203.6742   13.434   191.3     13392.0   10.01    10.2    0.1917    -20.32     9.9591    0.2409    124.47  
  238758   203.6825   6.271    100.8     7053.0    9.64     9.45    -0.192    -19.6      9.6714    -0.2214   339.95  
  8555     203.6796   9.337    105.1     7355.0    10.79    10.26   -0.5331   -22.48     10.826    -0.566    165.89  
  230438   203.6933   11.481   238.2     16677.0   10.52    10.26   -0.2558   -21.83     10.5658   -0.3058   79.35   
  238792   203.7017   6.537    143.0     10012.0   9.87     9.6     -0.2744   -19.88     9.7846    -0.1846   324.66  
  8559     203.7329   13.832   104.3     7302.0    10.85    10.1    -0.7505   -22.74     10.9281   -0.8281   145.94  
  233810   203.7358   10.862   142.0     9943.0    9.6      9.8     0.2035    -19.37     9.5807    0.2193    97.23   
  233643   203.7312   15.828   97.4      6821.0    9.42     9.46    0.0402    -18.89     9.3866    0.0734    254.8   
  231050   203.74     13.744   101.2     7083.0    9.97     9.96    -0.0098   -20.22     9.9207    0.0393    141.77  
  233811   203.7504   8.045    105.1     7356.0    9.18     9.48    0.2952    -18.21     9.1161    0.3639    238.75  
  233812   203.7696   9.561    106.7     7472.0    9.33     9.53    0.1979    -18.61     9.2759    0.2541    156.78  
  231408   203.7867   6.481    101.7     7119.0    10.44    8.92    -1.5177   -21.93     10.6036   -1.6836   329.18  
  233645   203.7858   14.775   114.2     7997.0    9.78     9.78    -0.0049   -20.02     9.84      -0.06     197.09  
  735390   203.7917   8.152    233.4     16336.0   10.19    10.12   -0.0729   -21.08     10.2637   -0.1437   233.61  
  238759   203.7971   7.488    103.0     7213.0    8.32     9.31    0.9873    -15.56     8.0546    1.2554    271.33  
  8562     203.81     10.686   172.9     12101.0   10.65    9.89    -0.7615   -22.15     10.6939   -0.8039   107.05  
  713535   203.8721   8.073    105.7     7397.0    9.82     9.13    -0.6874   -20.33     9.9631    -0.8331   239.72  
  8573     203.8829   13.676   101.9     7134.0    10.0     10.53   0.5285    -20.77     10.1403   0.3897    143.38  
  8576     203.9058   13.325   186.6     13059.0   10.82    10.09   -0.7293   -22.52     10.8405   -0.7505   128.4   
  8572     203.9075   7.545    101.3     7092.0    10.55    9.91    -0.6409   -22.07     10.66     -0.75     270.15  
  8569     203.9083   6.193    102.9     7201.0    10.24    9.66    -0.5804   -21.16     10.2946   -0.6346   347.73  
  233884   203.9408   10.999   250.7     17549.0   9.8      9.79    -0.0143   -19.76     9.736     0.054     103.29  
  8575     203.9396   8.968    15.1      1448.0    8.51     8.89    0.3762    -16.55     8.4519    0.4381    192.63  
  230456   203.9558   13.417   185.6     12995.0   10.84    10.15   -0.6923   -22.53     10.8447   -0.6947   134.41  
  230459   203.9854   13.343   185.7     13002.0   10.8     9.9     -0.9002   -22.37     10.779    -0.879    132.43  
  233833   204.0      8.588    237.4     16619.0   9.86     10.29   0.4309    -20.01     9.8345    0.4555    214.52  
  8582     204.0058   6.585    98.7      6906.0    10.59    9.49    -1.1025   -22.06     10.6544   -1.1644   326.7   
  231022   204.0108   8.185    23.0      1531.0    8.25     8.39    0.1409    -15.84     8.1696    0.2204    236.73  
  713548   204.0458   9.478    99.6      6969.0    9.87     8.95    -0.9235   -20.38     9.9854    -1.0354   169.9   
  8585     204.0558   10.478   234.6     16423.0   11.0     10.73   -0.2745   -23.18     11.1041   -0.3741   126.17  
  230466   204.0604   9.269    147.9     10350.0   10.72    10.0    -0.7227   -22.25     10.7308   -0.7308   180.76  
  233596   204.1017   7.8      103.5     7246.0    9.71     9.9     0.1909    -19.46     9.6142    0.2858    260.06  
  8589     204.1092   7.369    104.7     7332.0    10.72    10.31   -0.4142   -22.4      10.7929   -0.4829   284.19  
  233648   204.1246   15.881   115.7     8101.0    9.99     9.41    -0.5825   -20.36     9.9769    -0.5669   265.71  
  8591     204.1183   16.09    115.1     8059.0    10.42    9.81    -0.6142   -21.54     10.4464   -0.6364   277.23  
  231092   204.1487   8.193    103.6     7253.0    10.2     9.67    -0.5336   -20.91     10.1953   -0.5253   239.69  
  735413   204.1692   8.243    107.9     7551.0    8.99     9.08    0.0861    -17.73     8.9248    0.1552    237.54  
  238760   204.1825   6.996    105.8     7407.0    9.68     9.04    -0.6385   -19.63     9.685     -0.645    306.68  
  232025   204.1817   8.546    14.9      1451.0    7.98     7.95    -0.0341   -15.39     7.9877    -0.0377   221.72  
  8596     204.1962   6.497    100.6     7042.0    10.32    9.95    -0.3694   -21.29     10.3487   -0.3987   335.24  
  231420   204.2221   15.968   96.7      6772.0    10.04    9.78    -0.2622   -20.36     9.9742    -0.1942   272.73  
  230480   204.2575   9.015    102.0     7138.0    9.84     9.39    -0.4495   -19.95     9.8114    -0.4214   199.93  
  233649   204.2663   12.057   239.6     16774.0   10.41    10.18   -0.2281   -21.07     10.2599   -0.0799   111.9   
  238761   204.315    6.771    100.6     7039.0    9.81     9.45    -0.357    -19.93     9.805     -0.355    322.12  
  231093   204.3513   6.51     168.7     11806.0   10.4     9.99    -0.4116   -21.69     10.507    -0.517    337.53  
  8613     204.3496   6.437    106.6     7465.0    10.44    10.08   -0.362    -21.19     10.3096   -0.2296   341.64  
  8614     204.3592   7.645    16.2      1332.0    8.6      9.19    0.5934    -16.59     8.4671    0.7229    274.78  
  233650   204.3733   16.055   66.5      4761.0    8.84     8.8     -0.0445   -17.2      8.7104    0.0896    281.06  
  238762   204.3742   7.307    101.1     7080.0    9.55     9.58    0.0277    -19.04     9.4481    0.1319    293.64  
  8616     204.3837   8.885    15.0      1435.0    9.85     9.59    -0.2576   -20.39     9.9892    -0.3992   210.56  
  8618     204.4067   15.972   113.4     7939.0    10.92    9.58    -1.3384   -23.05     11.0527   -1.4727   277.36  
  233653   204.4308   12.598   142.6     9983.0    9.13     9.47    0.3432    -18.17     9.1       0.37      129.7   
  238763   204.4583   7.035    117.2     8205.0    8.4      9.49    1.0888    -16.12     8.2815    1.2085    310.62  
  233813   204.5038   10.24    106.5     7458.0    9.09     9.44    0.3463    -17.97     9.0181    0.4219    155.81  
  233654   204.5525   15.863   66.9      4788.0    8.99     9.26    0.2695    -17.57     8.8612    0.3988    275.29  
  8623     204.5562   6.466    106.0     7422.0    10.13    9.74    -0.3887   -20.57     10.0614   -0.3214   344.4   
  230495   204.5612   11.251   246.7     17270.0   10.82    10.45   -0.3673   -22.51     10.8342   -0.3842   132.23  
  8626     204.5979   6.887    105.3     7373.0    10.58    9.92    -0.6587   -21.97     10.619    -0.699    322.03  
  8629     204.6275   8.442    16.3      1305.0    8.27     8.54    0.2687    -15.98     8.2246    0.3154    240.69  
  233656   204.6554   14.654   140.4     9831.0    9.66     9.8     0.1374    -19.35     9.5734    0.2266    217.29  
  230503   204.6642   12.457   157.6     11029.0   10.27    9.81    -0.455    -21.09     10.2665   -0.4565   139.87  
  233657   204.6771   14.579   187.2     13107.0   9.69     9.97    0.283     -19.49     9.6275    0.3425    214.54  
  233601   204.7117   8.108    22.3      1472.0    7.79     8.43    0.6352    -14.85     7.7723    0.6577    260.28  
  233895   204.7246   10.67    106.5     7452.0    9.56     9.17    -0.3882   -19.2      9.5114    -0.3414   153.44  
  8633     204.7229   14.743   104.8     7339.0    10.44    9.93    -0.5137   -21.52     10.4394   -0.5094   223.93  
  233658   204.7996   15.441   102.3     7161.0    9.0      9.37    0.3661    -17.47     8.8182    0.5518    260.61  
  230516   204.8254   12.724   101.5     7105.0    10.36    10.01   -0.3523   -21.24     10.3266   -0.3166   153.98  
  233659   204.8871   15.223   95.6      6689.0    8.81     9.17    0.3621    -17.35     8.7738    0.3962    252.7   
  238764   204.9042   6.997    104.1     7286.0    8.04     9.07    1.0298    -15.2      7.9103    1.1597    323.99  
  735443   204.9187   9.295    243.5     17045.0   10.17    10.17   0.0046    -20.92     10.1989   -0.0289   211.67  
  233660   204.9671   14.374   188.2     13177.0   10.48    10.17   -0.3123   -21.41     10.3947   -0.2247   216.59  
  8644     205.0054   7.367    103.8     7268.0    9.8      9.78    -0.018    -19.82     9.7582    0.0218    307.38  
  713568   205.0217   8.483    192.7     13489.0   10.1     9.95    -0.152    -20.47     10.0199   -0.0699   252.35  
  233902   205.015    10.971   107.0     7490.0    9.13     9.29    0.1633    -18.17     9.1009    0.1891    162.58  
  233661   205.0408   14.934   187.8     13145.0   10.67    10.1    -0.57     -22.08     10.6633   -0.5633   244.42  
  238614   205.1687   7.893    101.9     7131.0    8.79     9.11    0.3214    -17.34     8.7676    0.3424    286.01  
  232108   205.1925   7.983    127.1     8896.0    9.97     9.73    -0.2416   -20.07     9.8611    -0.1311   282.41  
  230548   205.2337   11.701   148.4     10390.0   9.59     9.65    0.0645    -19.52     9.6409    0.0091    167.72  
  232109   205.2342   14.155   180.5     12635.0   10.17    9.42    -0.7467   -20.93     10.2033   -0.7833   219.1   
  735466   205.2704   8.482    192.6     13484.0   10.23    9.82    -0.4085   -20.74     10.1282   -0.3082   261.71  
  233663   205.2821   15.399   97.4      6821.0    8.85     9.52    0.6732    -17.41     8.7966    0.7234    274.86  
  230553   205.2883   12.771   207.0     14489.0   10.71    10.26   -0.4486   -22.34     10.7671   -0.5071   180.41  
  233768   205.3308   15.265   115.2     8062.0    8.93     9.31    0.3845    -17.65     8.8926    0.4174    270.41  
  233664   205.3417   14.939   96.0      6723.0    9.52     9.51    -0.0052   -19.14     9.489     0.021     256.17  
  8660     205.3537   13.856   106.3     7439.0    10.06    9.71    -0.3451   -20.31     9.9554    -0.2454   213.65  
  233666   205.3971   14.359   183.3     12830.0   9.77     9.76    -0.0117   -19.79     9.7496    0.0104    234.26  
  233814   205.4667   9.433    169.6     11873.0   10.22    9.86    -0.355    -21.1      10.2731   -0.4131   230.44  
  233668   205.4671   14.834   95.2      6661.0    8.76     9.43    0.6693    -16.66     8.4954    0.9346    256.63  
  233815   205.4671   9.121    102.4     7169.0    8.28     9.33    1.0462    -15.97     8.2187    1.1113    242.48  
  233669   205.5075   14.709   67.1      4806.0    8.84     9.0     0.1634    -17.28     8.7454    0.2546    253.11  
  735476   205.5117   8.932    170.9     11963.0   9.18     9.62    0.4401    -18.31     9.1562    0.4638    252.05  
  232421   205.5242   11.898   246.7     17272.0   9.93     10.01   0.0756    -20.26     9.9365    0.0735    184.75  
  233722   205.5338   12.935   178.8     12515.0   9.85     9.79    -0.0582   -19.72     9.7201    0.0699    197.21  
  233670   205.5908   14.339   188.2     13174.0   10.16    9.95    -0.2144   -20.76     10.1362   -0.1862   242.14  
  238794   205.5946   7.755    238.7     16709.0   10.26    10.14   -0.1157   -20.96     10.2152   -0.0752   307.72  
  230591   205.5996   14.739   185.4     12975.0   11.03    10.13   -0.9001   -23.03     11.0439   -0.9139   258.22  
  233672   205.6267   12.86    156.4     10946.0   9.83     10.1    0.2675    -19.9      9.7906    0.3094    200.88  
  233673   205.6308   13.036   179.4     12561.0   10.27    10.06   -0.2089   -21.0      10.2313   -0.1713   204.65  
  233676   205.6671   12.945   180.5     12637.0   10.39    10.09   -0.3006   -21.28     10.3458   -0.2558   204.76  
  233677   205.6729   15.608   114.7     8031.0    9.39     9.76    0.3695    -18.81     9.3578    0.4022    298.92  
  238767   205.6746   7.516    103.7     7259.0    9.87     9.67    -0.2032   -19.85     9.7727    -0.1027   321.98  
  233835   205.8525   7.913    103.4     7236.0    8.28     9.27    0.9855    -15.88     8.1845    1.0855    310.14  
  232546   205.8537   12.518   114.5     8014.0    9.97     9.41    -0.5561   -20.22     9.9186    -0.5086   208.4   
  238768   205.86     7.976    103.4     7239.0    7.79     9.17    1.3823    -14.81     7.7552    1.4148    307.63  
  233678   205.875    15.051   105.3     7368.0    10.02    9.53    -0.4857   -20.58     10.0643   -0.5343   282.67  
  233679   205.9187   13.385   96.4      6749.0    9.59     9.56    -0.0333   -19.4      9.5934    -0.0334   228.27  
  230610   205.9604   13.25    97.6      6832.0    9.3      9.52    0.2227    -18.76     9.3364    0.1836    227.3   
  713608   205.9867   9.452    169.5     11867.0   10.34    9.95    -0.3947   -21.45     10.4122   -0.4622   254.72  
  231462   205.9946   8.024    194.6     13624.0   10.64    10.15   -0.4903   -22.05     10.6522   -0.5022   310.87  
  230614   206.0287   12.128   215.0     15049.0   10.98    10.34   -0.639    -22.83     10.9621   -0.6221   215.14  
  230617   206.0737   14.484   191.2     13383.0   10.46    10.1    -0.3598   -21.68     10.5052   -0.4052   269.68  
  230619   206.0896   14.328   179.5     12562.0   10.55    10.04   -0.5069   -21.9      10.592    -0.552    264.97  
  230620   206.1025   13.175   179.6     12573.0   10.34    10.18   -0.1621   -21.19     10.3076   -0.1276   233.4   
  233816   206.13     8.271    101.6     7110.0    9.47     9.41    -0.0574   -18.61     9.2764    0.1336    305.98  
  232547   206.1683   12.194   216.2     15133.0   9.8      9.73    -0.0718   -19.79     9.7481    -0.0181   223.66  
  231009   206.1858   15.524   99.6      6975.0    10.22    9.77    -0.4506   -21.16     10.2976   -0.5276   315.35  
  232548   206.2154   12.237   245.1     17155.0   9.76     10.34   0.5761    -19.82     9.7612    0.5788    226.69  
  232550   206.2858   12.427   176.9     12385.0   9.69     10.05   0.3648    -19.42     9.5984    0.4516    232.31  
  230627   206.2813   8.474    162.3     11362.0   10.55    10.11   -0.4384   -21.84     10.5691   -0.4591   304.36  
  232296   206.3267   10.518   170.3     11919.0   9.79     9.88    0.0903    -19.79     9.7468    0.1332    244.51  
  231476   206.4375   7.515    103.4     7237.0    10.39    9.84    -0.5524   -21.35     10.3717   -0.5317   351.17  
  232427   206.5283   12.038   101.5     7103.0    8.98     9.34    0.362     -17.52     8.8398    0.5002    244.0   
  230636   206.5412   9.292    158.3     11083.0   10.67    10.31   -0.3585   -22.14     10.6864   -0.3764   287.54  
  735525   206.5725   9.217    156.1     10926.0   9.6      9.69    0.094     -19.4      9.5923    0.0977    291.5   
  232428   206.6179   11.242   208.9     14625.0   9.85     10.14   0.2881    -19.94     9.8083    0.3317    251.3   
  238879   206.6962   10.742   170.5     11933.0   8.88     9.77    0.8903    -17.58     8.8638    0.9062    261.63  
  230642   206.7088   11.621   156.9     10982.0   10.59    10.08   -0.5071   -21.84     10.5679   -0.4879   254.52  
  231485   206.7125   14.415   97.0      6787.0    10.21    9.75    -0.4642   -21.03     10.246    -0.496    298.18  
  233680   206.7192   15.969   97.4      6820.0    8.9      9.32    0.4225    -17.53     8.845     0.475     356.04  
  233836   206.7983   8.002    103.8     7269.0    8.38     9.2     0.8204    -15.99     8.2293    0.9707    346.09  
  233681   206.8167   13.177   21.2      1360.0    7.43     7.69    0.2631    -13.62     7.2794    0.4106    272.92  
  233683   206.8183   13.298   96.8      6778.0    8.99     9.43    0.4405    -17.79     8.9496    0.4804    275.26  
  232553   206.8283   12.403   215.8     15105.0   9.59     9.81    0.2162    -19.17     9.4997    0.3103    263.56  
  233818   206.8508   9.847    154.9     10846.0   9.28     9.37    0.0918    -18.44     9.207     0.163     288.07  
  713641   206.8454   8.071    164.6     11525.0   10.21    9.61    -0.5972   -21.01     10.2366   -0.6266   345.49  
  233684   206.8854   14.266   96.0      6719.0    9.1      9.33    0.233     -18.11     9.074     0.256     302.4   
  713646   206.8871   9.409    166.7     11669.0   10.28    9.83    -0.4533   -20.78     10.1428   -0.3128   301.71  
  238608   206.9075   15.739   161.9     11333.0   9.25     9.88    0.626     -18.68     9.3036    0.5764    354.65  
  230663   206.9487   11.274   173.3     12131.0   10.48    9.63    -0.8459   -21.74     10.5294   -0.8994   270.36  
  230666   207.0254   12.072   104.2     7293.0    10.14    9.84    -0.2978   -20.51     10.0379   -0.1979   273.23  
  713652   207.0446   10.176   106.8     7478.0    9.97     9.32    -0.6484   -20.36     9.9765    -0.6565   291.29  
  231496   207.0612   15.431   249.7     17476.0   10.77    10.44   -0.3297   -22.47     10.8207   -0.3807   349.63  
  232554   207.0471   12.499   217.0     15189.0   10.34    10.19   -0.1521   -21.59     10.4698   -0.2798   277.05  
  713655   207.095    8.211    21.7      1434.0    7.61     7.55    -0.0598   -14.2      7.5122    0.0378    351.65  
  713656   207.1133   10.368   168.0     11759.0   10.06    9.88    -0.1812   -20.7      10.1131   -0.2331   291.45  
  232555   207.1779   12.546   159.4     11155.0   10.27    9.77    -0.5007   -20.89     10.1891   -0.4191   285.05  
  233685   207.3083   15.385   174.6     12219.0   9.84     9.83    -0.011    -20.0      9.8317    -0.0017   359.36  
  231506   207.3483   8.507    166.6     11659.0   10.98    10.5    -0.4812   -22.97     11.0195   -0.5195   353.32  
  230723   207.3696   13.877   106.7     7468.0    9.77     9.57    -0.1954   -19.86     9.7758    -0.2058   317.65  
  233745   207.4054   14.334   177.6     12430.0   9.93     9.81    -0.1199   -20.09     9.8673    -0.0573   331.02  
  232299   207.4542   10.629   160.6     11245.0   9.33     9.72    0.388     -18.62     9.2812    0.4388    306.62  
  713671   207.5096   9.229    209.0     14627.0   10.1     9.59    -0.509    -20.48     10.0227   -0.4327   339.34  
  233689   207.5912   14.141   109.5     7663.0    9.57     9.5     -0.0714   -19.3      9.5514    -0.0514   335.79  
  233691   207.5796   14.352   102.9     7205.0    9.29     9.26    -0.0301   -18.54     9.2473    0.0127    340.57  
  230750   207.7538   13.773   92.0      6437.0    9.67     9.51    -0.1594   -19.56     9.6545    -0.1445   336.2   
  233692   207.7475   13.938   98.9      6921.0    9.22     9.31    0.0895    -18.48     9.2242    0.0858    339.39  
  233693   207.7633   13.983   91.0      6368.0    8.87     9.06    0.1914    -17.39     8.7874    0.2726    341.25  
  233564   207.8537   10.177   108.2     7574.0    9.49     9.66    0.1709    -19.06     9.4545    0.2055    336.58  
  233695   207.8854   14.248   162.0     11343.0   9.31     9.75    0.4351    -18.53     9.2445    0.5055    354.01  
  8766     207.8788   14.092   103.7     7257.0    11.02    9.94    -1.0828   -23.16     11.0971   -1.1571   349.95  
  232433   207.8946   11.238   160.7     11250.0   9.71     10.0    0.2915    -19.76     9.7343    0.2657    325.89  
  233561   207.9113   14.343   105.3     7370.0    9.31     9.52    0.2113    -18.72     9.3209    0.1991    357.74  
  230762   207.9979   13.966   160.4     11228.0   10.75    9.99    -0.7638   -22.52     10.8395   -0.8495   353.6   
  8772     208.035    14.116   101.1     7077.0    10.67    9.57    -1.097    -22.4      10.7917   -1.2217   358.91  
  232436   208.0629   11.502   172.7     12089.0   9.84     9.8     -0.038    -19.78     9.7439    0.0561    334.39  
  230768   208.0817   13.576   161.3     11292.0   10.65    10.3    -0.3472   -22.16     10.6971   -0.3971   350.54  
  232558   208.2617   12.553   97.1      6794.0    9.47     9.6     0.1343    -18.61     9.2745    0.3255    348.0   
  230792   208.3767   11.343   165.1     11560.0   10.46    10.07   -0.3902   -21.61     10.4757   -0.4057   353.5   
