### Formatted ALFALFA Catalog generated: Fri Feb 29 16:13:09 2008  by riccardo 
#Object              AGC     Other Ellipse Center  dRA dDEC Optical Center   hsize   v50 verr   W50 werr   SintP  Serr  Sintmap   SN   rms   code 
#                                  J2000                    J2000                    km/s                  Jykm/s                      mJy 
HI110206.5+035930 214174           110206.2+035924  12 -14  110205.4+035939    2.0  8103    3   192    7    1.15  0.08    1.07    8.1  2.30   1     1100+05        
HI110256.9+035930 214178           110256.6+035924 -21  21  110258.0+035903    2.0  9579   10   396   19    1.95  0.11    1.45   10.2  2.16   1     1100+05                        
HI110906.6+035608 214445           110906.3+035602  -7  22  110906.8+035540    1.1  6568    6   152   13    0.86  0.07    0.75    6.9  2.27   1     1108+05                        
HI110923.1+035730 214205  039-019  110922.8+035724  -4   0  110923.1+035724    1.0  7753    2   154    3    1.41  0.07    1.36   10.7  2.38   1     1108+05                        
HI111119.2+035009 214458           111118.9+035003 -37   4  111121.4+034958    1.5 11729   19   233   39    1.08  0.09    0.95    7.0  2.26   1     1116+05                        
HI111455.2+035030 214473           111454.8+035024   0  15  111454.8+035009    1.5 12713    3   258    7    1.34  0.10    0.76    7.2  2.57   1     1116+05                        
HI111606.5+035803 214272           111606.1+035757 -42  -3  111609.0+035801    0.9  3827   13    68   25    0.35  0.05    0.27    3.7  2.50   2     1116+05                        
HI111811.6+034856 214491           111811.3+034850 -15  35  111812.3+034814    0.6  7126    9   251   18    2.30  0.09    2.06   14.2  2.28   1     1116+05          
HI111818.1+035150 212149           111817.7+035144 -18   4  111819.0+035140    0.9  8333    4   283    8    2.51  0.10    2.05   14.1  2.36   1     1116+05                        
HI112035.2+035107 214509           112034.9+035102 -21   6  112036.3+035055    1.1  8820    3    17    5    0.25  0.04    0.23    5.1  2.43   2     1124+05                        
HI112220.1+035353 219200           112219.7+035347  -3  -8  112220.0+035356    1.3  1301    1    28    3    0.96  0.04    0.95   16.5  2.35   1     1124+05                
HI112721.0+035315 214562           112720.6+035309  27 -12  112718.8+035322    2.3 10504    8   105   15    0.90  0.07    0.75    8.2  2.39   1     1124+05                        
HI112859.0+035147 214576           112858.7+035141 -19  27  112900.0+035114    0.7  6559    8   214   16    0.70  0.10    0.67    4.2  2.55   2     1132+05                        
HI113627.4+035842 214339           113627.1+035836  -3   5  113627.3+035831    1.0  6712    3   244    5    1.21  0.09    0.92    7.7  2.24   1     1132+05                        
HI113839.7+034850 211319           113839.4+034844   0  80  113839.5+034727    0.6  8992    4    76    7    0.96  0.07    0.95    9.6  2.52   1     1140+05
HI115223.8+035830 212522  040-058  115223.5+035824   1   0  115223.4+035825    1.0  6756    2   171    4    1.46  0.07    1.45   11.2  2.21   1     1148+05                        
HI120417.0+035218 221587  041-036  120416.7+035212  -8 -10  120417.2+035223    1.6  5682    4   282    8    1.63  0.10    1.54    9.7  2.25   1     1204+05                        
HI121909.1+035119   7354  042-008  121908.7+035113 -15  -5  121909.8+035119    1.1  1525    2    45    3    2.27  0.05    2.42   32.5  2.29   1     1220+05                        
HI122108.3+034900   7403           122107.9+034854  84 334  122102.2+034320    1.1  2697    5    44   11    1.17  0.06    1.11   14.1  2.76   1     1220+05                        
HI122439.8+035941 220524  042-086  122439.5+035935   0  -8  122439.5+035944    1.1  1725    1   156    2    5.87  0.07    5.81   49.2  2.13   1     1220+05                        
HI122635.7+035800   7536    N4412  122635.4+035754  -6   0  122635.8+035755    1.2  2294    2   118    5    3.29  0.07    3.27   28.5  2.37   1     1228+05                        
HI122906.2+035300 225365           122905.9+035254   7   0  122905.4+035255    0.8  4244   18    80   36    0.48  0.06    0.48    5.3  2.25   2     1228+05                        
HI123117.1+035049 227983           123116.7+035044   0   0  000000.0+000000    4.0  -118    2    19    5    0.44  0.04    0.39    8.3  2.53   9     1228+05                
HI123139.0+035630   7668   N4496a  123138.7+035624  -1   2  123138.8+035622    2.6  1731    1   153    3   36.64  0.09   36.66  282.6  2.34   1     1236+05                        
HI123140.6+035552 221608   N4496b  123140.3+035546  -8  10  123140.9+035535    1.1  4545    3   232    5    1.95  0.08    1.90   13.6  2.11   1     1236+05                        
HI123156.5+035323 225373           123156.2+035317 -11  -4  123157.0+035322    1.7  4491    2   167    5    2.28  0.07    2.26   18.1  2.17   1     1228+05                        
HI123332.3+034856 220780           123332.0+034850  35  72  123329.6+034738    0.6   916    2    80    3    1.09  0.07    1.04   11.0  2.45   1     1236+05        
HI123350.9+035613 225379           123350.6+035607  10 -32  123349.9+035639    1.5 13166    5   189   10    0.68  0.08    0.55    4.9  2.27   2     1236+05                        
HI124231.2+035753   7871    N4630  124230.9+035747  -4  12  124231.2+035735    1.3   740    1   135    2    6.54  0.07    6.47   52.3  2.39   1     1244+05                        
HI124743.2+035222   7960  043-027  124742.8+035216   3  -5  124742.6+035222    1.5 10133    4   385    9    2.65  0.12    2.35   12.6  2.39   1     1252+05                        
HI124947.5+035047   7983  043-038  124947.2+035041   2   9  124947.0+035032    1.4   694    1    28    2    5.92  0.05    5.88  101.2  2.36   1     1252+05                        
HI125123.0+035209 225421           125122.7+035203 -43   3  125125.6+035159    1.5 14543    5   185    9    0.84  0.08    0.75    5.9  2.32   2     1252+05                        
HI125604.9+034918   8055           125604.6+034912   1  26  125604.5+034846    1.0   616    1    89    2    8.04  0.06    8.00   89.0  2.13   1     1252+05                        
HI125732.0+035509 225441           125731.7+035503 -29 -19  125733.7+035522    1.9  7070   15   158   30    0.63  0.09    0.71    4.2  2.67   2     1300+05                        
HI130247.4+035854 232136           130247.1+035848 -31  12  130249.2+035836    0.5  2895    5    45   10    0.70  0.07    0.75    6.5  3.50   2     1300+05                        
HI130305.2+035925   8153  043-114  130304.9+035919 -13 -12  130305.8+035931    1.1  2860    1   126    3    8.26  0.08    8.38   58.7  2.79   1     1300+05                        
HI130438.4+035205 232992           130438.1+035159  23  26  130436.5+035133    2.9 12176   14    89   28    0.97  0.10    0.83    5.7  3.98   2     1300+05                        
HI130446.3+035448 231626  043-135  130445.9+035442 -14  26  130446.9+035416    2.2 12150    9   139   18    1.02  0.11    0.95    5.3  3.62   2     1308+05                        
HI130453.0+035010   8173  043-137  130452.6+035004 -22  36  130454.1+034928    1.3 12264   22   177   43    1.22  0.11    1.17    6.1  3.34   2     1308+05                        
HI130557.9+035730   8186  043-142  130557.6+035724 -13   2  130558.5+035722    1.1  7009    3   477    5    4.53  0.16    3.71   14.3  2.97   1     1308+05                        
HI131208.9+035206 231291  044-025  131208.6+035200  -2  -1  131208.8+035202    1.1  7955   22   230   43    1.68  0.13    1.46    7.3  3.39   1     1308+05                        
HI131823.9+035810 232881           131823.6+035804 -23 -31  131825.1+035836    1.2  6287    7   133   14    1.01  0.08    0.99    6.9  2.83   1     1316+05                        
HI131916.9+035542 231650  044-066  131916.6+035536   4   2  131916.3+035534    1.0  6076    6   168   11    1.38  0.07    1.17   11.7  2.02   1     1324+05                        
HI133320.9+035526 232104  FGC2591  133320.6+035520   2 -10  133320.4+035530    1.5 10579    3   338    6    1.91  0.09    1.64   11.2  2.08   1     1332+05                        
HI133641.2+034900 238699           133640.9+034854 -16  18  133642.0+034836    0.5  3362    4   195    7    1.59  0.09    1.28    9.8  2.60   1     1340+05                
HI134014.7+034953 233087           134014.3+034947 -41 -36  134017.1+035024    1.4  6748    3   151    5    1.14  0.07    1.12    8.4  2.44   1     1340+05                        
HI134227.1+035137 231023 K1339+04  134226.7+035132  13   9  134225.8+035122    0.8  7024    6   342   11    1.91  0.11    1.66   10.0  2.32   1     1340+05                        
HI134341.3+035353   8686  045-080  134341.0+035347  13   2  134340.1+035345    1.3  6966    2   438    4    4.14  0.10    2.00   21.1  2.00   1     1340+05                        
HI134342.6+035318 231458  045-081  134342.3+035312 -41  -5  134345.0+035318    1.5  7033    6   175   12    3.74  0.07    2.84   30.6  2.07   1     1340+05                        
HI134531.8+035025 233101           134531.4+035019  -9  18  134532.1+035001    1.9  9897    5   163   11    0.59  0.07    0.49    4.6  2.24   2     1348+05                        
HI134742.2+035458 233114           134741.9+035452 -28 -48  134743.8+035540    1.9  7318    5   106    9    0.45  0.05    0.37    4.7  2.06   2     1348+05                        
HI134816.5+035706   8727    N5300  134816.1+035700   2  -1  134816.0+035702    1.5  1170    1   206    2   14.12  0.08   13.87   94.7  2.32   1     1348+05                        
HI135314.9+035407 233125           135314.6+035401   4   9  135314.3+035352    1.3  4310    1   179    3    2.71  0.07    2.69   22.2  2.03   1     1356+05                        
HI135404.0+035707   8816  045-134  135403.7+035701  -1  -1  135403.8+035703    1.3  4649    2   236    3    3.57  0.09    3.45   22.1  2.35   1     1356+05                        
