# agcnum   radeg      decdeg    vhel    sepmin    
  232458   196.4404   12.0525   10962   349.0429  
  232459   196.5271   12.5258   16376   346.1284  
  8192     196.5767   10.3767   9686    352.0373  
  230077   196.5971   10.4333   930     350.0332  
  232325   196.6479   11.5519   16304   337.1088  
  232461   196.6513   12.4611   13319   338.4629  
  713167   196.7292   10.9603   16393   336.0776  
  230085   196.7375   13.22     10579   341.4803  
  230089   196.7625   13.0747   8248    338.0586  
  233609   196.7983   13.6592   8143    345.3961  
  232245   196.7996   11.1681   7448    330.2278  
  713177   196.81     9.7797    9925    349.704   
  232246   196.8708   11.7133   7539    323.6489  
  232247   196.8796   12.3578   6732    324.5202  
  232569   196.8908   14.0086   16409   347.5484  
  713182   196.9388   10.5294   16453   329.0807  
  232248   196.9808   14.1728   8190    346.5429  
  232249   197.0033   14.2317   8305    346.7887  
  233780   197.0096   9.9564    3148    334.9753  
  233779   197.0129   11.3003   7562    316.8628  
  233610   197.0713   11.8061   7515    311.7942  
  233611   197.0838   14.6233   10208   353.0055  
  232250   197.0892   11.5153   7489    311.3364  
  713186   197.0929   9.315     14719   345.3493  
  232216   197.1192   10.6689   7297    316.8046  
  232463   197.1267   12.9653   10839   315.8548  
  233783   197.1742   9.1944    3124    344.2893  
  233790   197.1962   9.9178    16229   325.4162  
  232251   197.2258   13.4569   7642    317.9283  
  232252   197.2642   11.7817   6510    300.4769  
  8232     197.2729   11.6336   7541    300.187   
  232253   197.2729   13.8053   3344    322.3625  
  713196   197.2733   9.4769    14928   331.5228  
  232326   197.4033   12.0281   16349   292.5233  
  713202   197.4046   9.5286    13504   323.1754  
  230122   197.4525   11.6514   7415    289.6002  
  233759   197.4592   13.1331   153     299.3573  
  232327   197.4929   11.5322   16205   287.5825  
  230128   197.5112   11.4519   16275   286.8464  
  232274   197.5488   13.8544   3349    308.6111  
  233791   197.5621   8.7514    14208   337.7794  
  233760   197.6083   12.6258   145     284.2935  
  233612   197.6104   14.6006   8427    325.69    
  232464   197.6338   12.6831   10799   283.4264  
  8253     197.6829   11.7072   3325    275.9616  
  713213   197.7138   8.7464    9815    330.4441  
  8255     197.7354   11.4767   3365    273.5888  
  232276   197.7388   11.9083   8607    272.6334  
  233613   197.7437   13.8072   6628    297.0575  
  233761   197.7992   13.2825   146     282.8634  
  233614   197.8279   12.6664   10781   272.0693  
  233762   197.8338   12.8842   87      274.4568  
  233615   197.8571   15.5306   3474    346.2861  
  230146   197.8821   8.7431    3995    322.3225  
  232331   197.8904   11.4617   8990    264.5747  
  232332   197.9042   11.1564   9538    265.9005  
  230148   197.935    9.11      13427   307.5785  
  713222   197.9521   9.8797    9911    284.9547  
  230151   197.9529   10.6022   9443    270.1114  
  232082   197.9833   11.0969   9427    261.8623  
  230152   197.9837   12.3531   8676    260.1534  
  230153   197.9908   14.5664   7973    305.7949  
  230157   198.0404   11.2361   7375    257.2787  
  232084   198.0504   14.6539   7807    305.7642  
  232466   198.0629   12.9075   8564    261.7809  
  232467   198.0725   12.8683   3369    260.6626  
  232335   198.0892   11.6731   9059    252.1665  
  230160   198.0908   12.1731   3356    252.7961  
  230162   198.1017   8.655     15042   314.8841  
  238883   198.1025   11.2156   142     253.8327  
  233617   198.125    15.3211   3470    326.3379  
  233616   198.1337   12.9561   8490    258.5224  
  232337   198.1571   11.8119   10069   248.0225  
  8289     198.1663   12.5994   3363    251.8597  
  232338   198.1671   11.9764   10112   247.6131  
  232469   198.1788   12.8064   8892    253.743   
  233763   198.1833   13.5217   129     266.7701  
  232473   198.2654   12.4206   7725    244.3429  
  233619   198.2683   12.7133   8915    247.3796  
  8296     198.2921   9.69      3989    271.8791  
  233830   198.3304   10.1133   183     258.8528  
  8298     198.3321   10.1936   1157    256.9008  
  231638   198.3525   8.0403    7108    327.4468  
  8306     198.3937   15.9914   6792    342.734   
  232339   198.3975   11.9222   9494    233.9892  
  232340   198.4146   11.8528   9410    232.9104  
  232475   198.4325   12.7714   3381    238.8203  
  232258   198.4483   13.6789   6853    256.5192  
  232576   198.4608   13.7681   7641    258.243   
  232342   198.4854   11.7747   9347    228.7525  
  233620   198.5008   12.2353   10079   229.2238  
  230185   198.5821   13.5072   7684    245.0827  
  238739   198.585    7.7764    5963    329.0596  
  238780   198.6333   7.0869    11736   358.7845  
  233793   198.6471   9.2236    13391   268.6498  
  238610   198.6663   13.3242   108     236.1967  
  232577   198.6683   13.3264   8419    236.136   
  232643   198.7346   7.0703    13756   355.9118  
  230192   198.7504   10.0286   13114   238.4839  
  233621   198.7637   16.085    6539    332.8276  
  238740   198.7683   7.1633    3964    350.249   
  238741   198.7954   7.0536    13697   354.5457  
  713262   198.8058   9.5411    13265   250.1833  
  232262   198.8096   15.2286   8569    293.2122  
  230199   198.835    13.0908   7527    221.9104  
  232343   198.8446   11.7661   6657    207.6628  
  230201   198.8479   12.895    7647    217.4054  
  232478   198.8596   12.6767   7742    213.1922  
  233794   198.8608   11.5856   4078    207.1301  
  231318   198.9646   8.0392    7185    302.231   
  233599   198.9733   8.0286    7356    302.3601  
  231319   198.9908   7.3294    13520   334.3231  
  232650   199.0137   7.0806    6293    345.645   
  230208   199.0146   13.4031   9084    219.5787  
  238743   199.02     7.7528    14724   313.1947  
  238744   199.0846   7.025     6336    346.0032  
  232480   199.0996   12.5222   3468    197.3811  
  239077   199.1008   16.2786   353     330.1335  
  232481   199.1142   12.9503   7685    203.6931  
  238745   199.1296   8.0367    14469   295.9232  
  232482   199.1492   12.1525   3413    190.8862  
  735239   199.1804   8.795     13151   260.6362  
  232664   199.1925   7.6903    14738   309.8065  
  8345     199.2171   12.5483   966     191.0278  
  232668   199.2404   7.2192    12729   331.1577  
  8344     199.2433   7.8444    14602   300.6297  
  8350     199.2663   8.3989    7176    274.1993  
  713296   199.2817   9.6764    6534    222.2997  
  713298   199.3158   9.7567    13206   217.8982  
  238746   199.4733   8.0525    6993    282.4036  
  238747   199.5379   8.0853    13566   278.5225  
  238615   199.5446   10.6842   -105    179.5374  
  233624   199.5825   13.9014   8605    206.996   
  238748   199.5825   8.0703    14863   277.6671  
  232584   199.6487   14.0469   8522    209.45    
  231647   199.6517   8.0011    13077   278.6371  
  230229   199.6638   8.6856    7086    245.7218  
  232585   199.6921   13.615    16399   191.7239  
  230233   199.7029   12.3969   11034   161.2449  
  231337   199.73     7.7953    14903   286.2641  
  713305   199.7354   10.4256   14594   175.8707  
  230234   199.7579   14.7911   6601    236.4129  
  233795   199.7813   9.3997    9632    209.8366  
  735291   199.7908   8.5892    7153    245.4041  
  232673   199.7975   7.4308    6610    302.8089  
  233625   199.8054   15.8808   8072    287.7035  
  230238   199.8346   8.7619    13645   235.7023  
  230239   199.8683   14.5775   6705    222.5416  
  231341   199.8758   7.4803    12428   297.916   
  233626   199.9242   15.7531   8496    277.5836  
  713315   199.9358   10.2417   14498   171.2735  
  233627   199.9708   13.8064   937     185.8073  
  8375     199.9846   15.8503   7007    280.8171  
  238749   200.0108   7.2225    6883    307.7373  
  232268   200.0421   15.4053   6585    256.2642  
  8379     200.0846   6.3361    11967   354.2736  
  8383     200.1158   14.5339   8546    211.2494  
  232486   200.1375   12.8231   7464    145.3726  
  232269   200.1583   14.5925   8935    212.4673  
  8385     200.1587   9.7872    1133    177.6464  
  233628   200.1996   13.6361   6784    169.0342  
  713325   200.2296   10.2631   12198   156.2561  
  230262   200.2358   14.1556   7123    189.4282  
  238750   200.2729   8.1694    12194   250.3034  
  713332   200.3562   9.0753    14137   201.8951  
  230268   200.3571   14.7286   7255    212.2976  
  230269   200.3688   12.3378   11389   122.5235  
  238751   200.3788   6.6014    6459    333.0252  
  8395     200.3838   12.1875   11462   119.5818  
  231350   200.3996   15.3217   6620    241.4034  
  232361   200.4371   12.0      11515   114.7749  
  232492   200.4433   12.7942   7616    128.57    
  230275   200.4804   14.3328   7014    188.7501  
  233796   200.4854   8.8139    9681    210.6228  
  232094   200.4983   8.1003    15161   247.6596  
  713341   200.5137   8.8672    9710    207.0189  
  715818   200.5388   6.7547    12422   321.0978  
  231927   200.5746   13.9672   7307    168.0378  
  713345   200.6292   9.7094    14673   161.9044  
  233831   200.6708   11.8681   124     100.4859  
  715819   200.6821   7.8092    15047   259.0039  
  233629   200.6858   14.08     6485    169.4555  
  232271   200.7433   14.8439   6630    206.7225  
  8408     200.7512   13.9506   7303    160.9401  
  232765   200.7854   15.185    106     224.0101  
  232592   200.8313   13.1897   14977   123.6851  
  233797   200.8471   11.5597   6759    91.1135   
  8413     200.8642   6.3925    6948    335.9821  
  230295   200.8779   13.7728   7229    147.9767  
  231356   200.9033   6.4067    11828   334.5488  
  230297   200.9037   13.9733   6469    156.9634  
  233630   200.9112   12.01     11631   87.249    
  233631   200.9367   14.6928   6526    193.5652  
  715822   200.9421   7.53      12388   269.2936  
  735323   200.9621   8.6122    13428   208.1606  
  8417     200.9679   13.7344   6430    143.0315  
  238752   200.9917   7.1828    12411   288.2983  
  8421     201.0029   9.71      6985    148.8051  
  713360   201.04     10.565    13453   107.7552  
  230302   201.0413   9.6617    7220    150.0465  
  713361   201.0437   8.6017    13477   206.8547  
  8425     201.0529   15.5942   8472    241.078   
  231933   201.0625   13.7786   6877    142.1223  
  231415   201.0646   7.2544    12340   282.9604  
  233632   201.0717   14.6483   13352   187.8286  
  232368   201.0775   11.98     11759   77.3327   
  715826   201.0804   6.7742    6885    310.5458  
  230305   201.1004   13.9375   6782    149.0818  
  233799   201.1025   9.74      6945    144.1467  
  231935   201.1033   13.8125   6403    142.5657  
  232369   201.1321   11.7703   6916    73.3075   
  8427     201.1462   6.5292    6941    323.9124  
  233800   201.1496   8.7769    13332   194.7504  
  238753   201.1542   6.8089    12119   307.4677  
  715830   201.2021   6.7086    12031   312.6749  
  230310   201.205    16.145    7114    270.1839  
  230312   201.215    13.5808   6759    127.3321  
  232496   201.2225   12.19     13936   72.0781   
  715833   201.2429   6.3264    7075    334.5816  
  232497   201.25     12.4136   13925   76.1646   
  233585   201.28     15.8403   8489    251.4026  
  231943   201.3142   13.2758   6478    108.9007  
  715835   201.3483   7.9086    16292   240.6529  
  8438     201.3717   16.1786   11195   269.8593  
  230320   201.38     11.825    11831   58.7711   
  232372   201.4179   11.5606   12833   58.1636   
  231944   201.4417   13.9106   6705    138.6438  
  238755   201.4604   6.5917    12005   316.5345  
  230324   201.4729   13.2978   6654    104.9834  
  715840   201.5037   6.2231    11757   337.9433  
  232595   201.5192   13.7358   11686   127.2294  
  232613   201.5325   14.1833   11522   151.9858  
  232614   201.5583   14.2556   11575   155.6137  
  231945   201.5721   13.8106   7028    130.1998  
  232285   201.5933   10.9686   17675   67.5411   
  715845   201.6571   6.2961    11847   332.3201  
  233767   201.6825   13.0158   13720   84.2166   
  233801   201.7071   10.5583   12177   83.7724   
  8450     201.755    10.0561   1049    110.2782  
  713414   201.8408   8.9761    13502   171.7234  
  232218   201.855    11.8836   7068    31.3534   
  239079   201.885    17.3989   55      337.8404  
  232380   201.89     11.7303   4228    28.9954   
  8456     201.8954   15.1894   7111    205.9989  
  715853   202.02     6.2658    9661    332.0521  
  713424   202.0471   8.1486    10806   219.2841  
  233633   202.0562   16.0892   4404    258.7208  
  232504   202.0842   12.7622   7414    60.9372   
  233634   202.0946   13.2556   7430    89.5903   
  232385   202.1171   11.9975   13740   19.8843   
  232596   202.1267   13.1078   7353    80.5297   
  232507   202.1492   12.0656   7040    21.4419   
  230351   202.1671   12.7108   7480    56.7243   
  233559   202.1971   10.9614   1092    50.7864   
  233820   202.205    10.3817   6877    85.0432   
  232391   202.2175   11.0969   4262    42.5863   
  232392   202.2179   11.7558   7151    9.7227    
  8469     202.2275   10.0381   6874    105.4169  
  715857   202.2287   6.1325    16294   339.485   
  230356   202.2675   12.2378   7258    27.747    
  715858   202.2763   6.5197    10008   316.1931  
  232509   202.2917   12.7689   7127    59.0442   
  232510   202.3175   12.7014   13796   54.8891   
  232401   202.3379   11.3367   14295   27.2293   
  233802   202.3417   9.0608    6802    163.6823  
  8475     202.3575   11.0078   6835    46.8687   
  230366   202.3783   11.7456   7709    2.5852    
  232513   202.3833   13.0094   7871    73.2502   
  233635   202.3875   14.9475   7065    189.5338  
  230367   202.3979   11.6972   6549    5.5833    
  735333   202.4246   10.61     8005    70.7653   
  230369   202.4288   12.19     12198   24.2527   
  230371   202.435    9.9333    6437    111.3638  
  230372   202.4371   10.0183   7153    106.2699  
  239060   202.4567   16.7414   6599    297.2     
  232407   202.4608   11.35     6740    26.7421   
  8486     202.4867   11.0719   6752    43.4551   
  713446   202.4896   10.0397   7221    105.1317  
  8488     202.5096   13.4158   7363    97.9276   
  230378   202.5158   12.1753   13411   24.5315   
  233873   202.5575   11.5439   6681    18.0106   
  233636   202.5633   12.8422   7710    64.1235   
  231375   202.565    7.4856    6986    258.4151  
  233637   202.5887   12.4836   7197    43.4605   
  230380   202.6663   11.5947   7244    20.4498   
  232408   202.7004   11.0653   16733   47.3141   
  232525   202.7179   12.0969   14071   27.1235   
  232526   202.7492   12.5961   14140   53.067    
  232280   202.7504   11.4883   11096   28.2562   
  232292   202.7658   11.0267   7335    51.0386   
  233638   202.8267   16.1667   7587    263.9667  
  230389   202.8412   10.7258   6304    69.3026   
  743043   202.8842   16.1608   7487    263.9696  
  232530   202.9179   12.6244   14042   59.2457   
  233639   202.9221   14.2378   13286   150.3273  
  233803   202.9383   9.5831    7047    136.3655  
  233641   202.9517   14.2761   7000    152.9444  
  230396   202.9637   14.1375   7575    145.0068  
  232412   202.9771   11.8067   6965    35.084    
  238696   202.9842   6.0347    11334   347.0841  
  230400   203.0204   13.1631   13261   90.5992   
  230402   203.0304   14.4339   8326    163.2031  
  231380   203.0525   6.1461    6981    340.886   
  8518     203.0583   13.8919   7650    132.291   
  230403   203.06     10.4081   7292    92.0011   
  232413   203.0704   11.1978   9546    53.8938   
  238611   203.0788   10.4547   11962   89.9864   
  735361   203.1129   10.0975   7082    110.2697  
  8519     203.1163   7.3167    6706    271.828   
  230407   203.1238   12.8175   7521    75.5773   
  230408   203.1346   13.9331   6880    136.0261  
  233804   203.2046   10.1308   7227    110.6919  
  8523     203.205    7.17      6867    281.3824  
  233806   203.2167   9.9894    7138    118.6721  
  8527     203.2258   9.52      6977    144.9652  
  231389   203.2333   7.2878    7560    274.7272  
  232414   203.2688   11.0758   8205    67.5335   
  230413   203.2708   14.205    13213   154.052   
  238678   203.3037   8.0567    6990    230.4738  
  238756   203.3037   6.4811    8033    323.1138  
  233807   203.3108   10.2842   7180    105.6068  
  230417   203.3283   11.1169   7612    68.804    
  233808   203.3321   11.2769   12457   63.8377   
  713493   203.3396   8.7758    16241   189.4333  
  230418   203.3421   9.5272    7129    147.0635  
  238757   203.3575   6.3542    6121    331.1662  
  232538   203.3696   12.8808   12705   87.5153   
  233825   203.3875   10.1561   7168    114.5239  
  238789   203.4092   8.0231    7380    233.9758  
  233809   203.4508   8.2744    13598   220.1342  
  713506   203.4629   10.5642   17089   97.2639   
  233876   203.4863   11.4869   11251   67.4826   
  233824   203.4971   8.2864    7479    220.2506  
  233739   203.5171   13.5836   13104   126.6054  
  230427   203.5392   13.2808   13182   112.3619  
  713520   203.5413   10.6081   12342   98.4309   
  230426   203.5425   13.1631   12999   106.9506  
  230430   203.5667   10.6506   11804   97.6721   
  230431   203.5913   10.5642   9714    102.3733  
  238612   203.6067   8.8544    7078    190.3559  
  238698   203.6367   5.9458    7217    358.3879  
  230435   203.6479   8.6931    7712    200.2492  
  230436   203.6583   8.7936    1231    194.8991  
  233642   203.6742   13.4344   13114   124.4712  
  8555     203.6792   9.3369    7069    165.8596  
  238758   203.6825   6.2706    6763    339.9532  
  230438   203.6933   11.4814   16395   79.3509   
  238792   203.7017   6.5372    9722    324.6566  
  233643   203.7313   15.8275   6548    254.7962  
  8559     203.7329   13.8322   7025    145.9431  
  233810   203.7358   10.8622   9660    97.2207   
  231050   203.74     13.7442   6806    141.7734  
  233811   203.7504   8.0453    7069    238.7527  
  233812   203.7696   9.5608    7187    156.7756  
  233645   203.7858   14.775    7722    197.0891  
  231408   203.7867   6.4808    6829    329.1798  
  735390   203.7917   8.1517    16049   233.6127  
  238759   203.7971   7.4875    6925    271.3324  
  8562     203.81     10.6858   11818   107.0499  
  713535   203.8721   8.0733    7110    239.7186  
  8573     203.8829   13.6758   6857    143.3787  
  8576     203.9058   13.3256   12781   128.4075  
  8572     203.9075   7.5447    6804    270.1792  
  8569     203.9083   6.1933    6911    347.7096  
  8575     203.9396   8.9683    1163    192.625   
  233884   203.9408   10.9994   17267   103.2943  
  230456   203.9558   13.4175   12718   134.4065  
  230459   203.9854   13.3431   12725   132.4282  
  233833   204.0      8.5881    16333   214.5376  
  8582     204.0058   6.585     6617    326.7198  
  231022   204.0108   8.1847    1245    236.7279  
  713548   204.0458   9.4781    6685    169.9046  
  8585     204.0558   10.4778   16141   126.1691  
  230466   204.0604   9.2692    10066   180.7643  
  233596   204.1017   7.8       6960    260.0576  
  8589     204.1088   7.3694    7045    284.1826  
  8591     204.1183   16.0903   7788    277.231   
  233648   204.1246   15.8806   7830    265.7132  
  231092   204.1488   8.1933    6967    239.6939  
  735413   204.1692   8.2431    7265    237.5437  
  232025   204.1817   8.5464    1166    221.7233  
  238760   204.1825   6.9964    7120    306.6809  
  8596     204.1963   6.4961    6754    335.2683  
  231420   204.2221   15.9678   6501    272.7314  
  230480   204.2575   9.0147    6854    199.934   
  233649   204.2663   12.0575   16495   111.9018  
  238761   204.315    6.7708    6752    322.1191  
  8613     204.3496   6.4361    7177    341.6746  
  231093   204.3508   6.5097    11519   337.5486  
  8614     204.3592   7.645     1046    274.7789  
  233650   204.3733   16.055    4491    281.0624  
  238762   204.3742   7.3069    6794    293.6352  
  8616     204.3838   8.885     1151    210.5629  
  8618     204.4067   15.9719   7669    277.361   
  233653   204.4308   12.5978   9706    129.7015  
  238763   204.4592   7.0347    7919    310.6364  
  233813   204.5042   10.24     7177    155.8292  
  233654   204.5525   15.8633   4518    275.2901  
  8623     204.5567   6.4653    7135    344.4277  
  230495   204.5613   11.2511   16991   132.2305  
  8626     204.5979   6.8872    7087    322.05    
  8629     204.6275   8.4422    1021    240.6903  
  233656   204.6554   14.6539   9559    217.2895  
  230503   204.6642   12.4572   10753   139.8683  
  233657   204.6771   14.5786   12835   214.5366  
  233601   204.7117   8.1081    1188    260.2843  
  8633     204.7229   14.7433   7067    223.9308  
  233895   204.7246   10.67     7172    153.4367  
  233658   204.7996   15.4408   6891    260.6128  
  230516   204.8254   12.7239   6830    153.9683  
  233659   204.8871   15.2233   6419    252.6973  
  238764   204.9062   6.9961    7001    324.0891  
  735443   204.9187   9.2953    16764   211.6648  
  233660   204.9671   14.3736   12905   216.5907  
  8644     205.0054   7.3672    6984    307.3911  
  233902   205.015    10.9706   7212    162.5765  
  713568   205.0217   8.4828    13207   252.3479  
  233661   205.0408   14.9342   12875   244.4171  
  238614   205.1687   7.8931    6849    286.0058  
  232108   205.1925   7.9833    8614    282.4082  
  230548   205.2338   11.7006   10114   167.7224  
  232109   205.2342   14.155    12364   219.096   
  735466   205.2704   8.4822    13203   261.7089  
  233663   205.2821   15.3986   6553    274.8611  
  230553   205.2883   12.7711   14215   180.4072  
  233768   205.3308   15.2647   7794    270.4085  
  233664   205.3417   14.9394   6454    256.1657  
  8660     205.3538   13.8558   7168    213.653   
  233666   205.3971   14.3594   12560   234.2641  
  233814   205.4663   9.4333    11594   230.4168  
  233668   205.4671   14.8336   6392    256.6307  
  233815   205.4675   9.1208    6890    242.4908  
  233669   205.5075   14.7094   4537    253.1133  
  735476   205.5117   8.9322    11684   252.0488  
  232421   205.5242   11.8978   16998   184.7483  
  233722   205.5337   12.9347   12243   197.2102  
  233670   205.5908   14.3392   12905   242.1354  
  238794   205.5946   7.7547    16428   307.7216  
  230591   205.5996   14.7389   12707   258.2192  
  233672   205.6267   12.8603   10674   200.8753  
  233673   205.6308   13.0356   12289   204.6511  
  233676   205.6671   12.9453   12365   204.7625  
  233677   205.6729   15.6083   7765    298.9229  
  238767   205.6746   7.5161    6978    321.982   
  233835   205.8525   7.9131    6956    310.1492  
  232546   205.8537   12.5183   7742    208.4012  
  238768   205.86     7.9756    6959    307.6321  
  233678   205.875    15.0508   7101    282.6709  
  233679   205.9187   13.3847   6479    228.2717  
  230610   205.9604   13.2497   6562    227.2948  
  713608   205.9867   9.4522    11590   254.7191  
  231462   205.9946   8.0239    13345   310.8816  
  230614   206.0288   12.1278   14777   215.1367  
  230617   206.0737   14.4842   13116   269.6798  
  230619   206.0896   14.3278   12295   264.9739  
  230620   206.1025   13.1753   12303   233.3956  
  233816   206.13     8.2708    6832    305.9759  
  232547   206.1683   12.1936   14862   223.6614  
  231009   206.1863   15.5239   6710    315.3642  
  232548   206.2154   12.2372   16884   226.6866  
  230627   206.2813   8.4739    11085   304.3574  
  232550   206.2858   12.4267   12115   232.3094  
  238804   206.2983   7.9103    3030    328.3     
  232296   206.3267   10.5178   11645   244.5129  
  231476   206.4375   7.515     6959    351.1714  
  232427   206.5283   12.0383   6833    243.9964  
  230636   206.5413   9.2919    10808   287.5415  
  735525   206.5725   9.2169    10651   291.4974  
  232428   206.6179   11.2419   14354   251.3025  
  238879   206.6958   10.7417   11661   261.6079  
  230642   206.7088   11.6211   10712   254.5196  
  231485   206.7125   14.415    6522    298.1934  
  233680   206.7192   15.9692   6558    356.0391  
  233836   206.7983   8.0022    6993    346.1022  
  233681   206.8167   13.1772   1093    272.9246  
  233683   206.8183   13.2981   6511    275.2582  
  232553   206.8283   12.4028   14837   263.5591  
  713641   206.8454   8.0711    11249   345.5035  
  233818   206.8508   9.8469    10573   288.0746  
  233684   206.8854   14.2661   6454    302.3983  
  713646   206.8871   9.4089    11396   301.7123  
  238608   206.9075   15.7397   11072   354.6579  
  230663   206.9488   11.2742   11861   270.356   
  230666   207.0254   12.0717   7025    273.2293  
  713652   207.0446   10.1756   7207    291.2856  
  232554   207.0471   12.4986   14922   277.0478  
  231496   207.0613   15.4306   17215   349.629   
  713655   207.095    8.2114    1160    351.6497  
  713656   207.1133   10.3675   11488   291.449   
  232555   207.1779   12.5458   10888   285.0459  
  233685   207.3083   15.385    11958   359.3613  
  231506   207.3483   8.5075    11386   353.318   
  230723   207.3696   13.8778   7205    317.6512  
  233745   207.4054   14.3339   12168   331.0234  
  232299   207.4542   10.6294   10976   306.6243  
  713671   207.5096   9.2286    14356   339.335   
  233691   207.5796   14.3522   6943    340.5709  
  233689   207.5912   14.1414   7401    335.7884  
  233692   207.7475   13.9375   6659    339.3856  
  230750   207.7538   13.7731   6175    336.2023  
  233693   207.7633   13.9825   6106    341.2479  
  233564   207.8538   10.1769   7306    336.5836  
  8766     207.8788   14.0917   6996    349.9519  
  233695   207.8854   14.2478   11082   354.0143  
  232433   207.8946   11.2383   10984   325.8872  
  233561   207.9113   14.3431   7110    357.7403  
  230762   207.9979   13.9664   10967   353.5967  
  8772     208.035    14.1158   6817    358.9099  
  232436   208.0629   11.5019   11824   334.3925  
  230768   208.0817   13.5758   11031   350.5359  
  232558   208.2617   12.5533   6532    347.996   
  230792   208.3767   11.3433   11296   353.4973  
  233770   208.3854   12.3264   -87     353.8405  
