# agcnum radeg    decdeg  vhel  sepmin 
  232370 201.2387 11.6525 14009 67.5435
  230320 201.38   11.825  11740 58.7711
  232371 201.4125 11.6303 11965 57.6302
  232372 201.4179 11.5606 12843 58.1636
  232373 201.46   11.6819 11941 54.4241
  232374 201.5917 11.9725 6726  47.584 
  232500 201.5925 12.6092 6339  67.5042
  232285 201.5933 10.9686 17666 67.5411
  232375 201.6167 11.2594 13504 54.9725
  230337 201.6567 11.8719 13823 42.7717
  232376 201.6687 11.7486 11782 41.8477
  232377 201.7129 12.0367 6952  41.8961
  230339 201.7254 11.5625 6834  40.7851
  232378 201.8292 11.9875 12068 34.4732
  230344 201.8442 12.3547 6457  46.2836
  232218 201.855  11.8836 7183  31.3534
  232219 201.8579 11.8469 6801  30.8607
  232379 201.8646 11.2392 17975 44.7782
  232380 201.89   11.7303 4243  28.9954
  232381 201.9217 11.3408 6777  38.049 
  232286 201.9425 10.8681 9423  60.9361
  232502 201.9608 12.4533 6530  46.8546
  232382 201.9892 11.8753 6619  23.5341
  232383 202.02   11.6936 6881  21.9037
  232287 202.0383 10.9714 7179  52.9922
  232220 202.0412 11.4436 6580  28.7205
  232288 202.0458 10.8942 16874 57.1541
  232503 202.0542 12.7039 6877  58.1451
  232289 202.0829 10.9178 6812  55.0955
  232504 202.0842 12.7622 7423  60.9372
  232221 202.095  11.4475 7054  26.4474
  232384 202.1037 11.7903 6192  16.2263
  232385 202.1171 11.9975 13758 19.8843
  232505 202.1325 12.8444 6987  64.9903
  232506 202.1329 12.4439 6929  41.9036
  232507 202.1492 12.0656 6943  21.4419
  230350 202.1633 11.3869 6884  27.2582
  232386 202.1667 11.9933 7009  17.5438
  230351 202.1671 12.7108 7540  56.7243
  230352 202.1737 11.6086 7312  16.2329
  232387 202.1775 11.5756 7326  17.4645
  230353 202.1783 11.625  7436  15.3876
  232508 202.1937 12.3833 13832 37.3192
  232222 202.2025 11.0325 6152  46.5525
  232388 202.2075 11.5114 7148  19.4794
  232389 202.2079 11.3367 6662  28.9424
  232390 202.2158 11.2508 14261 33.6795
  232391 202.2175 11.0969 4273  42.5863
  232392 202.2179 11.7558 7157  9.7227 
  232393 202.2258 11.6431 12544 12.5826
  232223 202.2333 10.8783 6999  55.2942
  230355 202.24   12.2008 13465 26.0627
  233869 202.2454 12.1814 13144 24.8554
  232394 202.2487 11.5417 6379  16.7041
  232290 202.26   10.9156 7118  52.8569
  230356 202.2675 12.2378 7246  27.747 
  231157 202.2688 11.2328 17879 33.9854
  232395 202.2712 11.7514 7219  6.7676 
  232396 202.2779 11.4956 6778  18.5785
  232509 202.2917 12.7689 7048  59.0442
  232397 202.2933 11.3739 6738  25.3995
  230358 202.3054 11.9367 7111  9.9043 
  8472   202.3067 11.2758 6552  31.0674
  232398 202.3117 11.6    6701  12.0079
  230359 202.3142 11.2031 7033  35.3459
  232510 202.3175 12.7014 13758 54.8891
  232511 202.3188 12.4894 7335  42.2032
  232399 202.32   11.5306 7273  15.8798
  232400 202.3283 11.8739 6688  5.9487 
  232512 202.3283 12.6603 7477  52.3876
  231368 202.3346 11.9158 6254  8.0858 
  238670 202.3362 11.74   7026  3.8876 
  232401 202.3379 11.3367 14307 27.2293
  8476   202.3396 11.7347 6878  4.0117 
  232402 202.3458 11.5681 6460  13.3849
  230361 202.3467 11.6575 7410  8.107  
  230364 202.3513 11.7969 6511  1.7612 
  713440 202.3525 11.8044 6467  1.8743 
  232010 202.3525 11.7267 7432  4.0528 
  230363 202.3542 11.7814 7099  1.5781 
  232403 202.3554 12.0444 6868  15.4178
  230365 202.3571 11.91   6720  7.4066 
  8475   202.3575 11.0078 6779  46.8687
  233870 202.3683 11.6553 7476  8.0294 
  8478   202.3725 11.6247 6304  9.8432 
  230366 202.3783 11.7456 7721  2.5852 
  231920 202.3921 11.6358 6488  9.1941 
  230367 202.3979 11.6972 6548  5.5833 
  232404 202.4008 11.5378 14207 15.0997
  232224 202.4017 11.8139 7915  1.9795 
  233871 202.4021 11.6067 6679  10.9934
  232405 202.4038 11.4619 6318  19.6496
  232406 202.415  11.27   6469  31.1846
  232514 202.4167 12.6525 13542 51.8778
  233872 202.4183 11.685  12639 6.6118 
  232515 202.4229 12.3044 13574 31.0523
  230369 202.4288 12.19   12213 24.2527
  232407 202.4608 11.35   6749  26.7421
  230373 202.4612 12.3461 6472  33.7878
  232516 202.4842 12.3211 13344 32.5292
  8486   202.4867 11.0719 6711  43.4551
  232517 202.4908 12.3275 13403 32.9807
  232518 202.4963 12.2594 13966 29.0619
  232519 202.5133 12.9347 6948  69.2091
  230378 202.5158 12.1753 13452 24.5315
  232291 202.54   10.9567 7257  50.796 
  232520 202.54   12.3189 13720 33.1727
  233873 202.5575 11.5439 6669  18.0106
  232521 202.5688 12.0889 17708 21.1507
  230379 202.5796 11.5117 11367 20.3384
  231158 202.6038 11.2144 17779 36.8763
  232522 202.6046 12.4142 7306  39.7785
  232523 202.615  12.8158 14057 63.154 
  230994 202.63   12.5192 13014 46.2209
  230380 202.6663 11.5947 7274  20.4498
  230381 202.6975 11.2017 6541  39.8582
  232408 202.7004 11.0653 16730 47.3141
  232524 202.7021 12.2744 7672  34.741 
  230382 202.715  10.9392 6426  54.6435
  232525 202.7179 12.0969 14028 27.1235
  232526 202.7492 12.5961 13970 53.067 
  232280 202.7504 11.4883 11070 28.2562
  232279 202.7504 11.5269 6768  26.8372
  230384 202.7604 11.3664 6720  33.7895
  232292 202.7658 11.0267 7298  51.0386
  230386 202.7904 11.4342 17896 32.1566
  232409 202.7925 11.8331 7509  24.3716
  232527 202.8167 12.5117 13894 50.3794
  230389 202.8412 10.7258 6345  69.3026
  232293 202.8471 10.8917 17194 60.4254
  232225 202.8579 11.0386 6594  53.0566
  232528 202.8692 12.3069 13844 42.3207
  232410 202.8796 11.9714 8042  31.3156
  232411 202.8912 11.5292 17865 33.8349
  232529 202.9025 12.5169 12287 53.3752
  232530 202.9179 12.6244 14095 59.2457
  8515   202.9625 11.2503 6944  47.0747
  232531 202.965  12.8092 12960 70.1824
  232412 202.9771 11.8067 7007  35.084 
  232532 203.0258 12.7597 7998  69.4885
  232294 203.0492 10.8692 17571 67.7727
  232413 203.0704 11.1978 9550  53.8938
  230405 203.0996 11.1056 9590  58.9087
  232533 203.1117 12.3039 11840 52.9063
  232295 203.1263 10.8908 17350 69.4902
  230409 203.1513 11.5947 6779  46.7841
  233874 203.2563 12.0519 7517  53.8127
  232414 203.2688 11.0758 8286  67.5335
  230417 203.3283 11.1169 7569  68.804 
  232415 203.3288 11.4106 17525 60.1991
  233808 203.3321 11.2769 12473 63.8377
  230421 203.4329 11.4511 12503 65.1091
  233876 203.4863 11.4869 11277 67.4826
