#  This table contains all galaxies in the DR7 spectroscopic sample
#
#  IG = 1 for MKW12=Zw1400   2 for background group in same field   otherwise 0
#   T = code for morphological type based on RC3 (20 means not assigned)
# Sep = angular separation from center of MKW12 in degrees
# rmag = rband petrosian magnitude
# rmagc = corrected rband magnitude (for galactic and internal extinction)
# Absmag = Absoluted rband magnitude
# Log L = log of r band luminosity (solar units)
# Log * = log of stellar mass (solar units)
# (u-r)c = corrected color index (u-r)
# disp = velocity dispersion of Halpha line in km/s (over 3 arcsec fiber aperture!0
# EW(Halpha) in Angstroms.
# Dlin = linear diameter in kpc
# AGCnr   RA       Dec      Vcmb   Dist   IG  T    Sep   b/a     incl     rmag  rmagc Absmag  log L  Log *  (u-r)c  disp  EW(Ha) Dlin
715890  207.955    7.443   16192.  231.3  0  20    3.31  0.139   90.0    17.26  16.19 -20.64  10.13   9.88   0.57   78.0    9.7  23.73
715891  207.988    6.231   17421.  248.9  0  20    4.10  0.591   55.4    16.12  15.80 -21.18  10.35  10.52   1.49   86.5    8.8  16.48
713685  208.002    8.882   11551.  165.0  0  20    2.70  0.866   30.7    14.63  14.54 -21.55  10.49  10.85   1.80  101.7   16.3  18.64
713686  208.008    9.815   17011.  243.0  0  20    2.70  0.284   78.1    17.59  16.96 -19.97   9.86   9.96   1.53   90.3   34.0   9.12
713687  208.013    8.472   13805.  197.2  0  20    2.79  0.471   64.2    16.81  16.38 -20.09   9.91   9.87   1.20   78.0   33.5  14.21
715892  208.014    7.621    4175.   59.6  0  20    3.16  0.769   40.7    16.08  16.00 -17.87   9.02   9.17   1.40   69.7   11.9   7.97
713688  208.032    9.805   17144.  244.9  0  20    2.67  0.368   71.6    16.29  15.68 -21.27  10.38  10.63   1.71  118.3   20.3  14.51
713690  208.059    8.924    5097.   72.8  0  20    2.64  0.547   58.7    17.45  17.27 -17.05   8.69   8.60   0.86   73.6   98.8   3.52
232436  208.063   11.502   12084.  172.6  0   3    3.38  0.365   71.8    16.95  16.50 -19.69   9.75   9.54   0.93   76.0   46.8  13.46
238633  208.076    6.920    7020.  100.3  0   5    3.54  0.547   58.7    17.51  17.33 -17.68   8.94   8.94   1.95   72.9   14.7   9.92
715894  208.084    7.302   11482.  164.0  0  20    3.29  0.124   90.0    17.58  16.98 -19.10   9.51   9.35   1.33   78.1   12.5  15.92
231532  208.085    7.799    7182.  102.6  0   3    3.00  0.786   39.1    14.60  14.46 -20.60  10.11  10.27   1.41   85.6   19.8   9.74
715895  208.092    6.706   16437.  234.8  0  20    3.68  0.879   29.1    16.73  16.65 -20.20   9.95  10.40   2.18  151.9   -1.5  12.43
715896  208.099    6.794   16447.  235.0  0  20    3.61  0.529   60.0    16.38  15.99 -20.86  10.22  10.65   2.29    0.0  -10.0   9.68
715898  208.160    6.133   16248.  232.1  0  20    4.07  0.200   90.0    17.28  16.41 -20.42  10.04   9.83   0.70   80.0   30.0  19.72
713697  208.196    8.597    7178.  102.5  0  20    2.58  0.654   50.5    17.59  17.46 -17.60   8.91   9.03   1.43   75.9   12.5   4.42
715899  208.222    7.819   11634.  166.2  0  20    2.88  0.935   21.2    15.17  15.12 -20.98  10.26  10.77   2.29  189.1   -1.3  24.96
715900  208.236    7.798   11807.  168.7  0  20    2.88  0.978   12.3    15.68  15.66 -20.47  10.06  10.64   2.46  220.3   -1.1  13.00
715901  208.282    7.664   11810.  168.7  0  20    2.91  0.326   74.8    16.44  15.77 -20.36  10.02  10.08   1.19   79.8   29.8  13.56
232437  208.283   11.305   11485.  164.1  0  20    3.09  0.633   52.2    16.83  16.61 -19.46   9.66   9.64   1.18   73.2   13.8  13.00
713705  208.313    8.415   13761.  196.6  0  20    2.53  0.887   28.1    17.05  16.99 -19.48   9.66  10.10   2.15  131.3    3.9  11.59
715902  208.314    7.759   11660.  166.6  0  20    2.83  0.786   39.1    15.79  15.64 -20.47  10.06  10.41   1.95   83.3    1.6  11.31
713706  208.314    9.222   11603.  165.8  0  20    2.36  0.682   48.3    15.36  15.12 -20.98  10.26  10.74   2.40  221.0   -1.2  11.14
715903  208.321    6.481   15608.  223.0  0  20    3.70  0.821   35.6    16.56  16.44 -20.30   9.99  10.48   2.13  128.2   -1.3  14.55
715904  208.326    6.598   15686.  224.1  0  20    3.60  0.964   15.7    17.36  17.34 -19.41   9.64  10.02   1.96   55.3    0.1   9.89
713708  208.331   10.122   11766.  168.1  0  20    2.47  0.416   68.1    16.68  16.23 -19.90   9.83   9.89   1.06   71.8    2.3  17.21
713710  208.346    8.581   13063.  186.6  0  20    2.44  0.484   63.3    16.98  16.61 -19.74   9.77   9.80   1.20   85.0   18.6  10.39
715905  208.352    6.466   15713.  224.5  0  20    3.69  0.502   62.0    15.71  15.28 -21.47  10.46  10.92   2.29  128.9    1.4  14.28
715906  208.367    7.909   11485.  164.1  0  20    2.71  0.385   70.4    15.98  15.39 -20.69  10.15  10.34   1.59  123.9    7.2   8.00
230792  208.377   11.343   11564.  165.2  0   5    3.05  0.459   65.1    15.13  14.65 -21.44  10.45  10.57   1.68   66.1    0.6  23.42
713713  208.381    9.241   11640.  166.3  0  20    2.29  0.686   48.0    17.46  17.34 -18.76   9.38   9.49   1.56   76.0   25.8  10.00
238635  208.395    6.284    5932.   84.7  0   3    3.81  0.950   18.6    16.35  16.33 -18.31   9.20   9.27   1.70  130.3   12.5  10.78
232158  208.405    8.353    7202.  102.9  0   6    2.47  0.650   50.9    16.96  16.82 -18.24   9.17   9.30   1.26  159.5    7.3  11.31
715907  208.465    6.496   15796.  225.7  0  20    3.60  0.961   16.4    14.84  14.81 -21.96  10.66  11.26   2.74  264.1   -1.0  25.03
232438  208.467   11.247   11371.  162.4  0  20    2.92  0.414   68.3    15.76  15.21 -20.84  10.21  10.54   1.97  137.4    6.3  11.61
713717  208.471    9.802    7025.  100.4  0  20    2.25  0.513   61.2    17.08  16.87 -18.13   9.13   9.05   0.98   71.1  123.6   4.75
715908  208.483    6.617   16450.  235.0  0  20    3.49  0.730   44.2    17.16  16.98 -19.88   9.82   9.71   0.93   81.8   38.3  10.16
730036  208.503    9.186   11103.  158.6  0  20    2.17  0.539   59.3    17.55  17.36 -18.64   9.33   9.27   0.90   77.4   36.6   5.54
715909  208.508    7.691   16229.  231.8  0  20    2.72  0.580   56.2    16.57  16.23 -20.60  10.11  10.36   1.75   93.3   18.1  14.45
230801  208.537    9.413    7115.  101.6  0   6    2.14  0.810   36.8    15.27  15.15 -19.88   9.83   9.92   1.73   74.8   11.9  20.07
238637  208.565    7.968    7218.  103.1  0   3    2.51  0.301   76.7    16.79  16.42 -18.65   9.33   9.26   0.62   72.4   22.5  10.48
730037  208.578    8.419    7121.  101.7  0  20    2.29  0.662   49.9    15.37  15.13 -19.91   9.83  10.26   2.29  165.3   -1.4   5.67
715911  208.605    6.138   11298.  161.4  0  20    3.81  0.349   73.0    17.74  17.41 -18.63   9.32   9.20   0.92   71.9   11.8  11.88
233581  208.611    8.394    7212.  103.0  0   3    2.27  0.286   78.0    15.49  14.79 -20.27   9.98  10.34   1.53   76.6   15.7  15.12
730038  208.619    6.792   11803.  168.6  0  20    3.27  0.521   60.6    16.77  16.45 -19.69   9.75   9.58   0.88   74.8   26.5   9.84
715913  208.632    7.474   11750.  167.9  0  20    2.76  0.648   51.0    15.91  15.65 -20.48  10.06  10.09   1.43   76.8    8.8  16.50
730039  208.661    6.496   15746.  224.9  0  20    3.48  0.472   64.1    15.34  14.85 -21.91  10.64  10.88   1.88  182.3   20.7  24.43
238639  208.662    8.341    7423.  106.0  0   3    2.24  0.358   72.4    16.68  16.37 -18.76   9.38   9.06   0.67   73.3  226.0   6.04
232301  208.693   11.025   11932.  170.5  0  20    2.60  0.192   90.0    17.47  16.95 -19.21   9.56   9.44   0.66   75.3    8.9  21.88
715915  208.750    7.356   11678.  166.8  0  20    2.76  0.759   41.6    16.68  16.54 -19.58   9.70   9.71   1.20   76.3   13.0  13.85
713726  208.751    9.350   15001.  214.3  0  20    1.92  0.623   53.0    17.15  16.89 -19.76   9.78   9.69   1.17   81.7   23.0  12.61
230815  208.752   11.360    7192.  102.7  0   2    2.79  0.376   71.0    14.80  14.20 -20.86  10.22  10.50   2.04  158.2   -0.9   8.81
730040  208.759    9.068   18391.  262.7  0  20    1.93  0.890   27.7    17.58  17.52 -19.58   9.70   9.93   1.41   78.1   21.8  11.23
230816  208.797   10.022   11754.  167.9  0   0    2.00  0.881   28.9    13.93  13.83 -22.30  10.79  11.31   2.47  278.0   -1.3  22.99
730041  208.823    6.593   15727.  224.7  0  20    3.31  0.256   80.6    16.82  15.98 -20.78  10.18   9.99   0.75   86.5   29.7  17.04
715916  208.830    7.060   11527.  164.7  0  20    2.93  0.346   73.3    17.50  17.17 -18.91   9.44   9.45   0.63   76.2   17.6  18.03
730042  208.840    6.418   11981.  171.2  0  20    3.45  0.583   56.0    17.16  16.95 -19.22   9.56   9.53   1.21   78.2   16.9  12.45
715917  208.855    7.707   18032.  257.6  0  20    2.44  0.720   45.1    17.29  17.09 -19.97   9.86  10.35   2.56   22.8   -0.1   9.44
238660  208.865   10.161   11571.  165.3  0   0    1.99  0.290   77.6    16.82  16.22 -19.88   9.82   9.98   1.69   94.8   11.7   8.51
231014  208.870    6.596    7458.  106.5  0   0    3.28  0.661   50.0    14.57  14.31 -20.83  10.20  10.20   1.17   85.9   67.3   9.69
232302  208.886   10.451   11698.  167.1  0  20    2.11  0.132   90.0    17.02  16.18 -19.94   9.85   9.63   0.59   75.3   34.2  19.22
715918  208.900    5.884   12036.  171.9  0  20    3.88  0.498   62.3    15.31  14.88 -21.29  10.39  10.68   1.80  140.8   29.1  19.27
715919  208.900    6.594   15675.  223.9  0  20    3.27  0.876   29.5    15.69  15.61 -21.14  10.33  10.85   2.40  343.7   -1.0  21.56
238658  208.927    8.802   11741.  167.7  0   3    1.83  0.225   84.0    16.66  15.90 -20.22   9.96   9.70   0.78   77.6   35.3  13.79
230831  208.936    8.189    7038.  100.5  0   4    2.08  0.566   57.3    14.85  14.50 -20.51  10.08   9.91   0.96   76.8   50.4  14.95
730043  208.954    7.117    7440.  106.3  0  20    2.81  0.782   39.5    16.57  16.49 -18.64   9.33   9.40   1.26   75.6   36.9   5.44
730044  208.985    9.591   16973.  242.5  0  20    1.71  0.627   52.7    16.48  16.19 -20.73  10.16  10.41   2.04  451.4   -5.2  10.70
730045  208.985    8.046   13453.  192.2  0  20    2.13  0.486   63.1    16.88  16.49 -19.93   9.84   9.66   1.01   80.7   33.2  14.31
238642  208.986    5.927    7554.  107.9  0   3    3.80  0.285   78.0    15.05  14.28 -20.88  10.23  10.41   1.39   91.9    5.8  19.94
713743  208.986    9.173   16920.  241.7  0  20    1.70  0.911   24.9    17.35  17.30 -19.62   9.72   9.81   1.59   78.7   17.8  13.19
231562  208.987    8.193    7323.  104.6  0  20    2.04  0.504   61.8    14.39  13.97 -21.13  10.32  10.65   1.98  122.5   18.9  13.82
715920  208.998    7.976    7282.  104.0  0  20    2.16  0.629   52.5    17.18  17.04 -18.05   9.09   9.17   1.23   66.0    3.0   6.45
238661  209.012    5.911   16217.  231.7  0   3    3.81  0.554   58.2    16.87  16.51 -20.32  10.00   9.97   1.15   82.0   14.6  32.57
238644  209.013    8.846    7051.  100.7  0   3    1.74  0.495   62.5    16.70  16.49 -18.53   9.28   9.22   1.17   70.8   22.0  10.87
238645  209.079    8.236    7141.  102.0  0   3    1.94  0.236   82.7    16.59  16.15 -18.89   9.43   9.35   1.01   76.2   30.8   9.94
233565  209.098   10.102    5169.   73.8  0   3    1.76  0.500   62.1    16.85  16.64 -17.70   8.95   8.62   1.02   74.5   34.6   8.27
232439  209.100   11.393    6920.   98.9  0   3    2.60  0.474   64.0    16.88  16.65 -18.32   9.20   9.15   1.11   74.0   46.8   5.82
232440  209.101   11.341    6894.   98.5  0   3    2.55  0.575   56.6    16.81  16.64 -18.33   9.20   9.27   1.29   74.0   75.5   5.41
232441  209.121   11.165   17999.  257.1  0  20    2.40  0.943   19.9    17.56  17.53 -19.52   9.68   9.83   1.65   71.0    7.2  12.84
730046  209.131    8.353    4261.   60.9  0  20    1.83  0.832   34.5    16.31  16.25 -17.67   8.94   9.10   1.42   78.0   35.0   3.41
730047  209.134    8.786   14476.  206.8  0  20    1.64  0.820   35.7    17.35  17.25 -19.32   9.60   9.85   1.65   74.6    6.5   8.20
233583  209.138    8.609    4310.   61.6  0  10    1.70  0.741   43.3    16.94  16.85 -17.10   8.71   8.67   1.42   73.5    4.0   9.37
  8861  209.144   10.191    5151.   73.6  0   6    1.76  0.423   67.6    15.52  15.24 -19.09   9.51   9.42   1.99   72.6   13.6  13.97
232303  209.144   10.691   11760.  168.0  0  20    2.05  0.329   74.5    17.21  16.78 -19.35   9.61   9.82   1.76   73.3    7.0  10.33
713750  209.152    8.091   16335.  233.4  0  20    1.97  0.882   28.7    16.73  16.65 -20.19   9.95  10.14   1.58   69.6    5.8  20.41
232304  209.158   10.714   11738.  167.7  0  20    2.05  0.665   49.7    15.42  15.17 -20.95  10.25  10.75   2.36   86.1   -0.1  14.63
232305  209.158   10.796   11445.  163.5  0   3    2.11  0.264   79.9    17.13  16.61 -19.46   9.65   9.56   1.19   69.7   10.4  17.03
730048  209.173    6.840   15801.  225.7  0  20    2.91  0.511   61.3    17.39  17.05 -19.72   9.76   9.95   1.54   94.8   11.9  10.90
730049  209.184    5.949   16339.  233.4  0  20    3.70  0.615   53.6    16.20  15.90 -20.94  10.25  10.68   2.20  498.6   -1.0  13.72
232442  209.203   11.118   11762.  168.0  0  20    2.32  0.750   42.5    17.16  17.05 -19.08   9.50   9.61   1.13   67.2    5.5  12.09
232443  209.225   11.321   11400.  162.9  0  20    2.46  0.221   84.5    17.13  16.55 -19.51   9.68   9.54   1.16   75.8   14.6  16.85
232306  209.226   10.549   11688.  167.0  0   3    1.90  0.313   75.8    17.61  17.25 -18.86   9.42   9.30   1.02   74.9   12.1  11.03
715921  209.226    6.496   16589.  237.0  0  20    3.19  0.532   59.8    15.86  15.47 -21.40  10.43  10.87   2.25   48.8    0.3  19.65
232444  209.233   11.374    7074.  101.1  0  20    2.50  0.499   62.2    17.65  17.43 -17.59   8.91   8.76   0.87   74.5   25.1   4.80
232445  209.238   11.611   12017.  171.7  0  20    2.70  0.568   57.1    16.95  16.68 -19.49   9.67  10.04   2.20  127.2   -1.6  10.25
730050  209.249    9.930    7504.  107.2  0  20    1.55  0.826   35.1    17.43  17.37 -17.78   8.98   8.91   0.90   75.2   71.9   6.13
232446  209.255   11.611   11863.  169.5  0  20    2.69  0.728   44.4    14.54  14.32 -21.82  10.60  10.97   2.13  332.1   -0.9  22.69
232307  209.256   10.471    6900.   98.6  0  20    1.82  0.762   41.4    17.26  17.18 -17.79   8.99   9.10   1.32   75.7   97.1   4.25
238673  209.258   10.854   11890.  169.9  0  -2    2.08  0.691   47.5    16.23  16.00 -20.15   9.93  10.34   2.12  128.7   28.6   7.23
730051  209.258    7.113    4999.   71.4  0  20    2.64  0.643   51.4    17.48  17.34 -16.93   8.64   8.44   0.71   73.2   54.9   4.58
730052  209.265    7.946   16757.  239.4  0  20    1.98  0.759   41.6    16.20  16.03 -20.86  10.22  10.67   2.20  513.5    0.0  10.63
  8868  209.305   12.021    6420.   91.7  0   0    3.02  0.917   24.0    13.07  13.01 -21.80  10.59  10.96   2.03   80.7    0.4  11.87
230866  209.308   11.998    6491.   92.7  0   3    3.00  0.481   63.5    14.01  13.56 -21.27  10.38  10.62   1.80  122.3    7.1  13.42
232308  209.322   10.484   17386.  248.4  0  20    1.78  0.473   64.1    17.60  17.23 -19.74   9.77   9.52   0.83   77.6  106.5  10.48
730053  209.324    6.182    4594.   65.6  0  20    3.43  0.418   68.0    16.92  16.66 -17.43   8.84   8.89   1.08   72.0   81.5   4.54
730054  209.326    6.064   16382.  234.0  0  20    3.54  0.411   68.5    17.31  16.81 -20.03   9.88  10.23   1.87  100.5    3.5   9.96
230865  209.330   11.976    6367.   91.0  0   3    2.97  0.973   13.6    14.81  14.79 -20.01   9.87   9.95   1.53   69.5    3.1  13.44
232447  209.332   11.569   12174.  173.9  0   3    2.61  0.271   79.2    16.82  16.17 -20.03   9.88   9.63   0.56   76.2   18.1  17.91
715922  209.336    6.392   16460.  235.1  0  20    3.23  0.314   75.7    16.71  16.00 -20.86  10.22  10.18   1.13   80.0   11.4  17.78
  8871  209.354    5.949   16305.  232.9  0   3    3.64  0.592   55.3    14.90  14.50 -22.33  10.81  10.95   1.65  104.1    6.0  37.15
230869  209.373    9.951    7153.  102.2  0   1    1.45  0.763   41.3    14.69  14.52 -20.53  10.08  10.48   2.22  148.2   -1.2  14.24
  8874  209.373    6.097    4621.   66.0  0   3    3.49  0.768   40.8    12.59  12.42 -21.68  10.55  10.82   2.10  109.8   45.1  19.51
730055  209.378    8.732   16855.  240.8  0  20    1.44  0.405   68.9    16.85  16.29 -20.62  10.12  10.19   1.32   93.3   20.8  11.21
233919  209.408   10.622   16915.  241.6  0  20    1.81  0.571   56.9    17.49  17.19 -19.72   9.76  10.19   2.38  288.9   -1.6   7.08
730056  209.434    6.042   16351.  233.6  0  20    3.52  0.460   65.0    16.62  16.14 -20.70  10.15  10.12   1.18   76.9   16.5  19.34
231575  209.448    7.396    7337.  104.8  0   3    2.30  0.772   40.4    13.68  13.51 -21.59  10.51  10.82   2.54  119.7    2.0  20.73
232448  209.454   11.713   16953.  242.2  0  20    2.68  0.438   66.6    16.63  16.13 -20.79  10.19  10.48   1.95  121.8   21.0  13.78
  8878  209.456    9.873    7093.   98.4  2   3    1.34  0.609   54.0    13.52  13.20 -21.77  10.58  10.83   1.86   94.6   25.5  21.85
231576  209.468    7.413    4939.   70.6  0   3    2.27  0.334   74.2    15.08  14.58 -19.66   9.74  10.00   1.68   77.8   30.2   8.40
232449  209.471   11.102   16921.  241.7  0  20    2.14  0.488   63.0    17.20  16.79 -20.12   9.92   9.76   0.86   77.2   45.7  14.88
713762  209.478    8.736   16826.  240.4  0  20    1.34  0.911   24.9    16.40  16.34 -20.56  10.10  10.65   2.53  184.4   -1.4  12.61
713763  209.480    8.545   12791.  182.7  0  20    1.44  0.590   55.5    17.60  17.43 -18.88   9.43   9.41   1.27   71.2   35.6   8.95
231122  209.484    7.434    4633.   66.2  0   3    2.25  0.843   33.3    15.02  14.95 -19.15   9.53   9.78   1.89   72.5   18.8  12.84
  8881  209.495    7.161    7311.  104.4  0   5    2.47  0.191   90.0    14.64  13.62 -21.47  10.46  10.32   1.23   75.1    9.4  23.54
232450  209.495   11.844   11516.  164.5  0  20    2.78  0.212   85.9    17.46  16.98 -19.10   9.51   9.25   0.57   76.1   47.0   9.86
230872  209.496   10.712    7108.  101.5  0   3    1.82  0.602   54.6    15.22  14.91 -20.12   9.92   9.90   1.18   73.5   24.0  12.09
713764  209.501   11.618   11566.  165.2  0  20    2.57  0.733   44.0    17.29  17.18 -18.91   9.44   9.43   1.50   72.9   52.9  11.60
238646  209.509    7.903    7118.  101.7  0   3    1.85  0.268   79.5    16.30  15.87 -19.17   9.54   9.52   1.42   68.1    9.5  13.14
232121  209.537   10.273    7047.  100.7  0   6    1.48  0.151   90.0    16.46  15.88 -19.14   9.53   9.51   1.62   73.1   20.3  13.49
238653  209.537    7.156    7512.  107.3  0  -2    2.46  0.615   53.6    15.73  15.48 -19.68   9.74  10.18   2.26  103.7    1.0  11.22
715923  209.542    6.492    5288.   75.5  0  20    3.06  0.889   27.9    17.18  17.14 -17.25   8.77   8.97   1.54   73.2   13.6   4.83
  8886  209.554    6.518    5376.   76.8  0  -2    3.03  0.769   40.7    12.86  12.68 -21.74  10.57  11.05   2.41  113.6    1.2  11.66
730057  209.580    7.392    7594.  108.5  0  20    2.23  0.579   56.3    17.64  17.48 -17.70   8.95   8.90   0.85   73.2   27.1   6.65
238821  209.581    6.257    4600.   65.7  0  -2    3.27  0.827   35.0    16.99  16.93 -17.16   8.73   9.09   2.29  111.4   -1.7   4.02
231119  209.584    7.224    7543.  107.8  0   3    2.38  0.532   59.8    14.25  13.86 -21.30  10.39  10.55   1.83  119.9    0.0  21.65
730058  209.586    6.509    4607.   65.8  0  20    3.03  0.289   77.7    17.61  17.23 -16.86   8.62   8.49   0.79   73.4   26.9   5.66
232635  209.595    9.534   16785.  239.8  0   3    1.11  0.865   30.8    16.05  15.96 -20.94  10.25  10.42   1.69   85.5    8.3  19.72
  8891  209.603    6.070    5476.   78.2  0   4    3.44  0.152   90.0    13.77  12.61 -21.86  10.62  10.55   1.26   97.1   11.7  24.36
233568  209.606   10.340    7035.  100.5  0   3    1.48  0.599   54.8    16.45  16.29 -18.72   9.36   9.47   1.65   77.9   12.5  13.01
232636  209.608    9.061   16934.  241.9  0   3    1.11  0.790   38.7    15.40  15.25 -21.67  10.54  10.76   1.62   94.8    9.8  23.08
730059  209.619    7.680   13606.  194.4  0  20    1.97  0.790   38.7    17.22  17.11 -19.33   9.61   9.49   0.74   78.9   26.3  16.89
713768  209.632    8.810   14384.  205.5  0  20    1.18  0.455   65.3    17.06  16.64 -19.92   9.84   9.74   0.95   78.4   43.7  13.53
233922  209.634   10.789   17781.  254.0  0  20    1.80  0.469   64.3    18.47  18.23 -18.79   9.39   8.57   0.41   78.8  476.5  10.74
713769  209.640   11.797   17025.  243.2  0  20    2.68  0.776   40.1    16.77  16.61 -20.32  10.00  10.51   2.43  157.5   -0.6   8.09
232451  209.643   11.621   11788.  168.4  0  20    2.52  0.550   58.5    15.75  15.38 -20.75  10.17  10.32   1.42   83.0   18.8  14.92
730060  209.644    6.574    5469.   78.1  0  20    2.95  0.455   65.3    16.27  16.03 -18.44   9.25   9.53   1.32   69.9    8.4   7.82
713770  209.650   11.776   17337.  247.7  0  20    2.65  0.893   27.3    14.92  14.83 -22.14  10.73  11.18   2.67   50.6    0.2  27.76
730061  209.654   10.039    7248.   98.4  2  20    1.25  0.840   33.6    17.47  17.41 -17.55   8.89   9.07   1.52   70.2   15.4   4.20
  8896  209.661    7.216    4661.   66.6  0   3    2.35  0.157   90.0    14.30  13.16 -20.96  10.26  10.07   0.78   73.9   17.3  17.17
713771  209.664   11.076    7141.  102.0  0  20    2.02  0.526   60.2    16.46  16.27 -18.78   9.38   9.72   1.96   75.9    4.1   6.56
730062  209.669    8.091   16883.  241.2  0  20    1.60  0.251   81.1    17.42  16.68 -20.23   9.96   9.76   0.76   83.3   20.3  22.76
730063  209.674    6.695    5521.   78.9  0  20    2.82  0.709   46.0    15.86  15.75 -18.73   9.37   9.44   1.23   77.7   68.9   5.16
730064  209.681    6.501    5456.   77.9  0  20    3.00  0.607   54.2    17.58  17.43 -17.03   8.68   8.88   1.69  118.9   -1.6   6.46
238647  209.684    6.628    7556.  107.9  0   3    2.88  0.371   71.4    17.20  16.90 -18.27   9.18   9.30   1.38   75.2    6.7   5.54
730065  209.710    6.001   16517.  236.0  0  20    3.47  0.573   56.8    15.81  15.47 -21.40  10.43  10.74   1.80   23.0    0.1  27.48
233923  209.723    8.727   14449.  206.4  0  20    1.14  0.476   63.8    15.72  15.27 -21.31  10.39  10.74   1.80  123.5    3.5  23.04
713776  209.737   11.696   12098.  172.8  0  20    2.55  0.467   64.5    16.02  15.55 -20.64  10.13  10.41   1.93   69.4    0.8  13.57
231120  209.741    7.254    7654.  109.3  0   5    2.28  0.302   76.6    15.54  14.88 -20.32  10.00   9.57   0.69   71.2   48.6  18.16
713777  209.763   10.665   13059.  186.6  0  20    1.62  0.854   32.1    16.93  16.85 -19.50   9.67   9.79   1.71   82.4    4.2  15.43
232637  209.791    9.695   16967.  242.4  0  20    0.97  0.611   53.9    15.56  15.25 -21.67  10.54  10.91   2.06  137.0   21.2  21.39
233569  209.795   10.213    6973.   98.4  2   3    1.26  0.582   56.1    17.54  17.37 -17.59   8.91   8.96   1.89   72.0   13.0   9.63
730066  209.799    9.120   16877.  241.1  0  20    0.91  0.523   60.4    16.74  16.34 -20.57  10.10   9.95   1.11   82.6   27.5  18.16
730067  209.810    9.968   17059.  243.7  0  20    1.09  0.727   44.5    16.74  16.55 -20.39  10.03  10.18   1.21   78.4    5.5  16.40
230898  209.835   10.139    6910.   98.4  2   3    1.18  0.914   24.5    14.16  14.10 -20.86  10.22  10.40   1.61   79.4   14.4  12.83
730068  209.836    8.197   14415.  205.9  0  20    1.42  0.465   64.6    15.94  15.47 -21.10  10.31  10.58   1.83  144.0    8.5  16.35
713782  209.850   11.512   17315.  247.4  0  20    2.34  0.609   54.0    16.12  15.82 -21.15  10.33  10.74   2.12  137.8    4.9  16.36
730069  209.933    8.615   18457.  263.7  0  20    1.04  0.219   84.8    15.63  14.62 -22.49  10.87  10.97   1.34   81.1    2.5  31.86
238625  209.938    8.141    4858.   69.4  0   0    1.41  0.341   73.6    15.38  14.99 -19.22   9.56   9.76   1.52   72.5   34.6   7.48
233570  209.951   11.326    5279.   75.4  0   3    2.13  0.594   55.2    15.99  15.83 -18.56   9.30   9.25   1.03   77.7   32.6   9.09
233924  209.952   10.687   11711.  167.3  0   3    1.54  0.481   63.5    15.46  15.01 -21.11  10.32  10.50   1.53  106.2   45.8  11.73
238649  209.960    9.107   16893.  241.3  0   2    0.76  0.226   83.8    16.78  15.87 -21.05  10.29   9.93   1.19   80.8   12.2  27.17
230912  209.980   12.055   11915.  170.2  0   3    2.82  0.689   47.7    15.52  15.29 -20.86  10.22  10.17   1.18   83.1   23.0  14.71
233598  209.981    7.747    4840.   69.1  0   3    1.74  0.607   54.2    16.03  15.88 -18.32   9.20   9.21   1.11   71.1   66.4   9.60
713784  209.983   11.229   17169.  245.3  0  20    2.03  0.339   73.8    17.25  16.60 -20.35  10.01  10.28   1.62  112.0   30.2  10.11
730070  209.986    9.741   11364.  162.3  0  20    0.82  0.532   59.8    17.87  17.68 -18.37   9.22   9.10   0.87   76.4   25.8   5.87
243884  209.999    7.764    4807.   68.7  0   3    1.71  0.470   64.3    17.22  16.99 -17.20   8.75   8.95   1.20  343.8    3.2   9.28
730071  210.008    9.343    5974.   83.7  1  20    0.68  0.893   27.3    16.53  16.50 -18.12   9.12   9.20   1.33   70.6   18.5   6.91
713785  210.016   11.044   12990.  185.6  0  20    1.84  0.318   75.4    15.82  15.12 -21.22  10.36  10.21   0.85   99.7   23.7  17.42
230914  210.019   12.111   12108.  173.0  0   0    2.86  0.460   65.0    13.90  13.28 -22.91  11.03  11.28   1.93  301.0   -1.4  35.10
249086  210.022    8.170    7285.   98.4  2   3    1.34  0.303   76.6    17.27  16.90 -18.06   9.10   8.95   0.78   70.2   45.6   6.57
730072  210.038    9.146   16863.  240.9  0  20    0.68  0.742   43.2    17.00  16.82 -20.09   9.91  10.29   1.96   85.7   15.7  13.83
730073  210.056    6.567   17067.  243.8  0  20    2.84  0.919   23.7    16.15  16.09 -20.84  10.21  10.31   1.41   99.7   47.6  14.56
  8918  210.060    8.967    4360.   62.3  0   3    0.73  0.279   78.5    14.12  13.34 -20.64  10.13  10.18   1.71   77.0   10.0  13.48
230917  210.067    9.289    6090.   83.7  1   3    0.63  0.252   81.0    15.12  14.38 -20.24   9.97  10.02   1.31   72.6   11.7  11.29
243834  210.073    9.937   16998.  242.8  0   3    0.87  0.745   42.9    15.69  15.51 -21.42  10.44  10.92   2.28  165.6    4.8  13.73
730074  210.075    7.889   17390.  248.4  0  20    1.57  0.753   42.2    17.15  16.98 -19.99   9.87   9.93   1.37   75.4   12.6  17.34
243818  210.088    9.958    7108.   98.4  2   3    0.87  0.268   79.5    16.40  16.00 -18.97   9.46   9.28   0.75   72.7   37.8  10.93
730075  210.091    6.535   17140.  244.9  0  20    2.86  0.438   66.6    17.39  16.94 -20.01   9.87   9.66   0.89   77.4   22.8  18.35
713787  210.106   12.147   12075.  172.5  0  20    2.88  0.894   27.2    17.02  16.97 -19.22   9.56  10.02   2.52   70.4    1.6   8.30
730076  210.112    9.912   16700.  238.6  0  20    0.82  0.758   41.7    15.80  15.63 -21.26  10.38  10.62   1.67  142.5   29.1  16.31
243904  210.130   12.081   11798.  168.5  0   3    2.81  0.565   57.4    16.62  16.32 -19.82   9.80   9.97   1.56  115.6   38.8   9.99
713788  210.133   11.991   11819.  168.8  0  20    2.72  0.482   63.4    17.74  17.51 -18.62   9.32   9.69   2.08  267.7   -1.7   7.11
713789  210.136   10.631   12009.  171.6  0  20    1.41  0.364   71.9    17.55  17.24 -18.93   9.44   9.25   0.74   83.9   11.2  12.58
242246  210.137    8.994    4419.   63.1  0  10    0.65  0.483   63.3    17.56  17.34 -16.66   8.54   8.62   0.94   76.8    9.3   7.76
730077  210.144    6.601   17171.  245.3  0  20    2.78  0.499   62.2    16.61  16.18 -20.77  10.18  10.55   1.79  131.3   16.0  11.39
249087  210.161    7.215   11214.  160.2  0   4    2.18  0.874   29.7    15.76  15.68 -20.34  10.01  10.06   1.66   74.8   16.2  19.57
249088  210.170    8.894    5629.   83.7  1   3    0.68  0.220   84.6    17.28  16.81 -17.80   8.99   8.80   0.57   78.3    9.1   7.69
231136  210.178    9.167   14379.  205.4  0  20    0.54  0.127   90.0    17.44  16.56 -20.00   9.87   9.88   0.78   72.5   10.9  17.77
730078  210.195    8.456   18146.  259.2  0  20    1.01  0.580   56.2    16.44  16.10 -20.97  10.26  10.55   1.55  116.3   22.9  15.66
243828  210.197    9.560    5335.   76.2  0   6    0.55  0.686   48.0    17.30  17.18 -17.23   8.76   8.71   0.82   81.0    7.7  10.29
730079  210.199    7.251   11098.  158.5  0  20    2.14  0.190   90.0    16.72  15.93 -20.07   9.90   9.76   0.87   74.5   35.7  13.01
243815  210.201   10.633   11966.  170.9  0  20    1.39  0.969   14.6    16.04  16.02 -20.14   9.93   9.93   1.29   81.4  163.3  17.37
231599  210.219    6.486    4591.   65.6  0   3    2.88  0.454   65.4    15.21  14.92 -19.16   9.54   9.49   1.05   76.6   26.4  11.11
249089  210.220    7.840    5512.   78.7  0   3    1.56  0.437   66.6    15.95  15.70 -18.78   9.39   9.29   1.34   71.4   27.4   9.74
249091  210.226    7.422    7377.  105.4  0   4    1.97  0.136   90.0    16.51  15.91 -19.20   9.55   9.40   1.36   68.3   13.2  13.47
713791  210.226   11.216   13272.  189.6  0  20    1.94  0.872   30.0    17.70  17.65 -18.74   9.37   9.29   0.97   75.1   63.3   6.07
249090  210.236    9.864    6525.   83.7  1   3    0.70  0.855   32.0    16.48  16.43 -18.18   9.15   9.17   1.20   72.7   12.8   5.72
730080  210.238    6.559   17126.  244.7  0  20    2.81  0.607   54.2    16.20  15.89 -21.05  10.29  10.33   1.08   88.8   10.3  26.19
248868  210.246   12.110    7199.  102.8  0   3    2.82  0.728   44.4    17.23  17.13 -17.93   9.04   9.05   1.10   77.9   17.7   5.91
730081  210.265    6.757   14453.  206.5  0  20    2.61  0.590   55.5    17.71  17.51 -19.07   9.50   9.66   1.23   81.9   27.1   6.83
242168  210.275    9.106    5693.   83.7  1   6    0.48  0.431   67.1    17.60  17.34 -17.27   8.78   8.45   1.06   74.8   70.8  12.72
730082  210.282    8.184   17648.  252.1  0  20    1.22  0.414   68.3    16.53  15.99 -21.02  10.28  10.12   1.02   87.1   23.7  19.78
730083  210.285    6.556   11668.  166.7  0  20    2.80  0.566   57.3    16.99  16.74 -19.37   9.62   9.59   1.00    0.0  -10.0   9.83
231601  210.287    8.583    5124.   73.2  0   1    0.85  0.371   71.4    14.07  13.46 -20.87  10.22  10.54   1.98  236.4   -0.7   6.42
  8928  210.289    7.702    7170.  102.4  0   3    1.68  0.925   22.8    14.06  14.01 -21.04  10.29  10.31   1.53   74.3   20.0  20.50
230943  210.314   10.488   10495.  149.9  0   5    1.22  0.184   90.0    15.76  14.71 -21.17  10.34  10.31   0.96   83.3   31.7  17.56
242306  210.325   11.175   11483.  164.0  0  20    1.88  0.865   30.8    17.74  17.69 -18.38   9.22   9.19   0.95   72.2  100.3   4.37
230939  210.325   10.119    7118.   98.4  2   4    0.87  0.750   42.5    14.61  14.43 -20.53  10.08  10.28   1.67   86.0   24.0  15.27
730084  210.337   12.054    7469.  106.7  0  20    2.75  0.240   82.2    17.42  16.98 -18.16   9.14   9.11   1.38   70.8    6.2  10.04
  8934  210.341   10.481   10505.  150.1  0   5    1.20  0.505   61.8    14.76  14.34 -21.54  10.49  10.55   1.54   77.9    3.6  27.55
730085  210.341    8.324   18409.  263.0  0  20    1.07  0.265   79.8    16.37  15.55 -21.55  10.49  10.75   1.80  121.6    1.7  18.74
243816  210.345    9.167    6449.   83.7  1  20    0.39  0.442   66.3    15.65  15.32 -19.29   9.59   9.88   1.93  127.7   -1.4   5.79
730086  210.358    9.900    6868.   98.4  2  20    0.66  0.775   40.2    17.58  17.50 -17.47   8.86   9.11   1.86   69.0    5.5   6.84
730087  210.364    8.739    6247.   83.7  1  20    0.68  0.278   78.6    17.63  17.23 -17.38   8.82   8.82   0.73   65.8    7.0   7.12
230946  210.372    9.154    5219.   74.6  0   3    0.37  0.450   65.7    15.74  15.50 -18.86   9.42   9.53   1.34   70.9   17.0   5.31
730088  210.398    9.309    6280.   83.7  1  20    0.30  0.692   47.5    17.05  16.94 -17.67   8.94   9.05   2.02   73.4   33.8   5.85
730089  210.403    8.491   18299.  261.4  0  20    0.89  0.588   55.6    17.38  17.06 -20.02   9.88  10.19   1.97  105.0   14.9  10.77
249092  210.418    7.997    5724.   81.8  0  10    1.36  0.415   68.2    17.16  16.89 -17.67   8.94   9.03   1.58   71.2    7.7   9.32
230953  210.434    9.868    6936.   98.4  2   0    0.60  0.680   48.4    13.68  13.44 -21.53  10.48  10.95   2.46  631.4    0.5  15.98
713792  210.435   10.395    6251.   83.7  1  20    1.10  0.529   60.0    17.75  17.55 -17.06   8.70   8.75   1.06   74.1   30.0   4.24
240043  210.436    6.960   14251.  203.6  0  20    2.38  0.212   85.9    17.65  17.07 -19.47   9.66   9.45   1.09   84.0   28.2  12.95
  8938  210.442    9.490    6516.   83.7  1   3    0.30  0.483   63.3    13.36  12.92 -21.70  10.55  10.89   2.66  113.0    0.3  24.50
242247  210.453    9.223    6370.   83.7  1  20    0.27  0.657   50.3    15.78  15.63 -18.99   9.47   9.79   2.37  116.7   -1.6   6.53
230954  210.457    9.654    6692.   98.4  2   5    0.40  0.245   81.7    16.59  16.16 -18.81   9.39   9.15   0.82   71.0   20.3  12.80
713793  210.462   11.748   11854.  169.3  0  20    2.43  0.197   90.0    17.66  17.16 -18.98   9.46   9.37   0.49   75.6   20.1  15.55
230955  210.468    8.786    6331.   83.7  1   3    0.59  0.848   32.7    13.81  13.71 -20.91  10.24  10.28   1.32   95.8   -2.1  13.14
230956  210.470    9.630    6993.   98.4  2  -2    0.38  0.866   30.7    14.39  14.30 -20.67  10.14  10.66   2.45  124.8   -0.9  10.36
249093  210.476   11.787   11879.  169.7  0   3    2.47  0.362   72.1    15.51  14.88 -21.27  10.38  10.42   1.26   89.5    7.5  17.56
249359  210.479    9.379    4897.   70.0  0   3    0.22  0.339   73.8    16.74  16.41 -17.82   9.00   8.74   0.90   98.3   11.3   7.12
730090  210.479    6.938   13877.  198.2  0  20    2.40  0.677   48.7    15.63  15.39 -21.09  10.31  10.78   2.27  305.0   -0.6  17.86
230959  210.486    9.533    5904.   83.7  1  -2    0.29  0.381   70.7    14.46  13.87 -20.75  10.17  10.44   1.86  104.4    1.9   8.49
713794  210.490    9.348    6083.   83.7  1  20    0.21  0.661   50.0    16.98  16.85 -17.76   8.98   9.00   1.04   88.4   50.4   4.01
  8940  210.497    8.937    6096.   83.7  1  -5    0.44  0.627   52.7    13.07  12.75 -21.86  10.62  11.04   2.43 1662.7    1.6  18.34
249094  210.501   10.830    4197.   60.0  0   3    1.51  0.469   64.3    15.43  15.19 -18.70   9.35   9.49   1.42   75.5   77.5   4.98
231067  210.512    9.964   11461.  163.7  0  -2    0.66  0.521   60.6    15.64  15.24 -20.83  10.20  10.32   1.41  108.2    4.4  17.02
  8942  210.515    9.929    4539.   64.8  0   3    0.63  0.592   55.3    13.24  12.92 -21.14  10.33  10.27   1.07   79.6   51.0  10.63
230966  210.533    9.567    5933.   83.7  1   3    0.29  0.479   63.6    15.61  15.32 -19.30   9.59   9.62   1.31   77.7   33.4   9.28
243916  210.536    6.340   16526.  236.1  0  20    2.99  0.267   79.6    17.41  16.71 -20.15   9.93   9.20  -0.09  101.9  359.4   8.81
230968  210.540    9.547    6911.   98.4  2   5    0.27  0.176   90.0    17.33  16.79 -18.17   9.14   9.06   1.03   80.9   17.4   7.85
  8944  210.547    9.440    6499.   83.7  1   5    0.19  0.697   47.0    13.12  12.89 -21.73  10.56  10.79   1.86  119.1   13.7  19.18
  8943  210.554    8.037    5139.   73.4  0   1    1.30  0.577   56.5    12.36  11.93 -22.39  10.83  11.25   2.49  300.4   -0.5  19.75
231860  210.561    9.782    7020.   98.4  2  -6    0.47  0.881   28.9    14.53  14.45 -20.51  10.08  10.57   2.43  133.2   -1.0   9.37
249357  210.564    8.006    5439.   77.7  0  20    1.33  0.753   42.2    17.56  17.47 -16.98   8.66   9.03   2.06  112.5   -1.7   7.13
730091  210.565    7.986   16448.  235.0  0  20    1.35  0.339   73.8    16.41  15.75 -21.11  10.32  10.33   1.26   88.1   26.1  16.72
  8946  210.573    7.684    4853.   69.3  0   3    1.65  0.469   64.3    13.24  12.77 -21.43  10.44  10.67   2.18  115.9   40.3  17.44
713795  210.584    9.091    6262.   83.7  1  20    0.26  0.634   52.1    16.09  15.95 -18.66   9.34   9.37   1.17   79.7   15.6   4.16
730092  210.587    7.074   17725.  253.2  0  20    2.26  0.624   52.9    16.33  16.04 -20.98  10.26  10.40   1.39   83.5   21.6  18.76
249097  210.588    7.890    5763.   82.3  0   3    1.44  0.250   81.2    16.26  15.83 -18.74   9.37   9.25   0.87   76.7   27.0  12.37
730093  210.592    9.971    7207.   98.4  2  20    0.65  0.323   75.0    16.74  16.39 -18.58   9.30   9.22   0.76   75.3   14.8  10.38
230970  210.608   10.406   10480.  149.7  0   3    1.08  0.373   71.3    14.20  13.51 -22.37  10.82  11.11   1.86  162.3   15.3  29.64
713797  210.614   10.657   11603.  165.8  0  20    1.33  0.290   77.6    16.52  15.83 -20.27   9.98   9.91   1.05   75.3   20.0  11.78
730094  210.620    9.316    6005.   83.7  1  20    0.08  0.832   34.5    17.44  17.39 -17.23   8.76   9.19   2.35   85.4   14.0   4.07
730095  210.621    9.180    6086.   83.7  1  20    0.17  0.332   74.3    17.41  17.07 -17.54   8.89   9.11   1.21   78.4    8.6   7.71
243841  210.624   10.708    4447.   63.5  0   3    1.38  0.647   51.1    16.30  16.16 -17.85   9.01   8.80   0.74   76.5   42.5   3.15
242103  210.628   11.854   11744.  167.8  0   4    2.53  0.177   90.0    15.46  14.40 -21.73  10.56  10.57   1.26   54.7    0.9  26.74
  8948  210.637    9.079    6274.   83.7  1   3    0.26  0.395   69.7    13.95  13.38 -21.24  10.37  10.37   1.59   83.0    6.3  18.29
240003  210.648    9.119    6120.   83.7  1   4    0.22  0.226   83.8    15.77  15.23 -19.39   9.63   9.85   1.44   79.0    2.4  16.13
713798  210.651    9.334    6363.   83.7  1  20    0.05  0.840   33.6    17.60  17.55 -17.07   8.70   9.12   2.63  110.8   -1.4   3.37
730096  210.652    9.941    3939.   56.3  0  20    0.61  0.426   67.4    17.35  17.08 -16.67   8.54   8.44   0.82   72.2   51.2   3.63
730097  210.654    9.860    7113.   98.4  2  20    0.53  0.839   33.7    17.42  17.37 -17.60   8.91   9.31   2.26   71.2    5.2   5.40
243817  210.658   10.517   11490.  164.1  0   3    1.19  0.240   82.2    15.94  15.06 -21.02  10.28  10.16   1.12   76.4    8.1  19.03
730098  210.663    8.009   13374.  191.1  0  20    1.32  1.000    0.0    17.48  17.48 -18.92   9.44   9.44   1.14   75.9   59.6   6.24
241325  210.670    9.279    5900.   83.7  1  10    0.06  0.369   71.5    17.28  16.97 -17.64   8.93   8.77   0.68   71.0   90.8   8.58
730099  210.671    8.250    5220.   74.6  0  20    1.08  0.772   40.4    17.51  17.43 -16.93   8.65   8.96   3.81  606.5   -1.3   4.50
  8950  210.676    9.164    6124.   83.7  1   5    0.17  0.136   90.0    16.00  15.40 -19.22   9.56   9.36   1.16   81.0   43.0  17.22
241923  210.682    9.991    6075.   83.7  1   3    0.66  0.870   30.2    17.19  17.15 -17.46   8.86   8.83   1.09   73.4   21.7  11.63
713799  210.695   11.938   11792.  168.5  0  20    2.61  0.230   83.3    16.36  15.45 -20.68  10.14  10.28   1.70   66.2    4.3  23.19
249350  210.698    9.326    6291.   83.7  1   0    0.00  0.448   65.8    17.03  16.78 -17.83   9.00   9.28   1.59   76.1   14.1   6.24
  8952  210.703    9.341    6010.   83.7  1  -5    0.01  0.721   45.0    12.79  12.55 -22.06  10.70  11.18   2.70  140.4    0.4  18.53
730100  210.705    8.677    5614.   83.7  1  20    0.65  0.483   63.3    17.46  17.23 -17.38   8.82   8.88   1.03   72.9  146.8   4.16
  8951  210.712    8.779    6132.   83.7  1   5    0.55  0.237   82.5    15.24  14.53 -20.08   9.90   9.79   1.05   81.8   10.1  17.87
240010  210.723    8.891    6295.   83.7  1   4    0.44  0.812   36.6    15.14  15.03 -19.58   9.71   9.96   1.80   75.2    2.6   9.82
713800  210.733   11.823    5600.   80.0  0  20    2.49  0.710   45.9    17.95  17.84 -16.67   8.54   8.45   0.70   74.2  121.8   2.60
241132  210.735    6.779    7529.  107.6  0  20    2.55  0.680   48.4    15.01  14.77 -20.39  10.03  10.19   1.43   90.9   31.6   8.76
713801  210.743    9.627    7318.   98.4  2  20    0.30  0.525   60.3    17.16  16.96 -18.00   9.07   9.05   1.04   81.3   46.1   4.01
241327  210.746    9.471    6948.   98.4  2   6    0.15  0.386   70.3    16.34  16.05 -18.92   9.44   9.43   1.07   77.4   11.9  12.45
243860  210.753    9.049    5936.   83.7  1  10    0.29  0.706   46.3    17.68  17.57 -17.05   8.69   8.49   1.14  215.4    4.8   8.99
249360  210.756    9.380    6983.   98.4  2   3    0.07  0.670   49.3    17.23  17.11 -17.86   9.01   8.69   0.63   74.7  237.2   2.62
231848  210.765    8.801   11190.  159.9  0   6    0.53  0.707   46.2    16.46  16.27 -19.75   9.77   9.93   1.42   71.4    9.0  18.52
240015  210.769    8.947    7146.   98.4  2  -5    0.39  0.870   30.2    13.83  13.75 -21.22  10.36  10.83   2.36   97.7   10.5  13.79
242169  210.777    8.241    5520.   78.9  0   6    1.09  0.682   48.3    16.72  16.60 -17.88   9.02   8.81   2.01   70.7   42.5  10.74
240016  210.780    9.363    6005.   83.7  1   1    0.08  0.728   44.4    13.94  13.75 -20.87  10.22  10.64   2.57   93.8   10.1  14.96
243861  210.783    9.299    5821.   83.7  1   5    0.09  0.223   84.2    17.67  17.21 -17.40   8.83   8.72   1.02   72.7   45.1   6.55
249358  210.795    8.957    7690.   98.4  2  20    0.38  0.593   55.3    17.22  17.06 -17.90   9.03   9.25   1.69   72.7    5.0   4.40
243842  210.800   11.720    5566.   79.5  0   3    2.39  0.825   35.2    14.99  14.89 -19.61   9.72   9.78   1.20   83.8   11.8   4.71
240019  210.803    8.895    5675.   83.7  1   0    0.45  0.563   57.5    13.73  13.38 -21.24  10.37  10.74   2.14  471.7   -1.5  15.29
715690  210.804    9.523    5514.   78.8  0   6    0.22  0.631   52.4    16.59  16.45 -18.03   9.08   9.22   1.38   81.3   11.0   5.77
242248  210.808    9.751    7470.   98.4  2   6    0.43  0.771   40.5    16.49  16.41 -18.56   9.30   9.57   2.28   76.6   68.3  17.11
713802  210.813    8.939    7326.   98.4  2  20    0.41  0.525   60.3    16.92  16.73 -18.24   9.17   9.31   1.55   76.9   11.2  11.07
730101  210.814    9.429    5015.   71.6  0  20    0.15  0.238   82.4    17.14  16.70 -17.58   8.90   8.80   1.34   84.0    8.9   8.44
249101  210.824   10.061    4269.   61.0  0   3    0.74  0.465   64.6    16.28  16.04 -17.88   9.02   8.99   1.00   82.4   75.7   3.14
730102  210.825    5.917   14217.  203.1  0  20    3.42  0.811   36.7    17.07  16.96 -19.58   9.70  10.17   2.16  117.6   -0.7   7.94
730103  210.827    8.823   18333.  261.9  0  20    0.52  0.841   33.5    16.52  16.42 -20.68  10.14  10.31   1.35   84.4   38.0  17.37
249102  210.829    7.505    7205.  102.9  0   3    1.83  0.204   87.6    16.25  15.71 -19.35   9.61   9.36   0.79   72.6   41.0  11.59
730104  210.838    8.221   18004.  257.2  0  20    1.12  0.512   61.2    17.26  16.85 -20.20   9.95  10.33   2.10  173.4   -1.5   9.50
730105  210.843    8.913    7153.   98.4  2  20    0.44  0.811   36.7    17.32  17.26 -17.71   8.95   9.14   1.86   75.1    8.7   6.38
  8965  210.846    9.448    4899.   70.0  0   5    0.19  0.950   18.6    13.42  13.39 -20.84  10.21  10.51   2.66   67.1    1.3  18.83
249103  210.851   11.154    4243.   60.6  0   3    1.83  0.536   59.5    16.18  15.99 -17.93   9.04   8.98   0.96   72.1   70.0   3.26
  8967  210.863    9.467    5901.   83.7  1   4    0.21  0.225   84.0    14.22  13.31 -21.31  10.40  10.33   1.37   84.5    8.0  21.22
241328  210.868    8.967    5639.   83.7  1   5    0.40  0.236   82.7    16.24  15.79 -18.82   9.40   9.29   1.05   64.9    4.0  10.87
240025  210.879    9.221    6298.   83.7  1   3    0.21  0.800   37.8    17.45  17.38 -17.23   8.76   8.73   1.38   88.1   39.5  11.24
  8966  210.882    6.770    7634.  109.1  0   5    2.57  0.519   60.7    14.90  14.50 -20.69  10.15  10.16   1.99   71.6    5.3  22.89
249143  210.899   10.883    5671.   81.0  0   3    1.57  0.503   61.9    16.16  15.95 -18.59   9.31   9.27   0.98   70.2   33.1   9.21
730106  210.903    8.445   18302.  261.5  0  20    0.91  0.639   51.7    16.01  15.73 -21.36  10.41  10.89   2.24  554.6    1.8  16.45
713803  210.906    8.786   11792.  168.5  0  20    0.58  0.250   81.2    16.59  15.83 -20.31   9.99  10.08   1.01   87.5   41.4  11.06
242104  210.909   11.573    6262.   89.5  0   6    2.25  0.167   90.0    16.30  15.75 -19.01   9.47   9.33   0.97   75.5   25.4  11.48
  8972  210.913   11.378   11637.  166.2  0   3    2.06  0.459   65.1    14.33  13.77 -22.33  10.81  10.83   1.90  264.5   -0.7  33.58
  8971  210.921    9.573    7014.   98.4  2   0    0.33  0.436   66.7    13.43  12.86 -22.10  10.71  11.13   2.26   62.8    0.1  17.30
713804  210.922    9.534    7015.   98.4  2  20    0.30  0.558   57.9    17.46  17.28 -17.68   8.95   9.26   1.45  221.2   -3.1   7.76
713805  210.936   11.204   12080.  172.6  0  20    1.89  0.538   59.4    17.75  17.56 -18.62   9.32   9.52   1.78   71.7    6.2   5.47
240029  210.947    9.523    7327.   98.4  2  -2    0.31  0.536   59.5    13.75  13.37 -21.60  10.51  10.96   2.30   97.5    0.1  15.85
243862  210.965    8.706    6213.   83.7  1   5    0.68  0.950   18.6    16.17  16.16 -18.46   9.26   9.45   1.37   70.8    3.5  11.07
713806  210.968    8.651   16511.  235.9  0  20    0.73  0.940   20.4    17.23  17.20 -19.67   9.74   9.80   1.32   89.0   54.5   6.54
243920  210.992    5.882   16580.  236.9  0  20    3.46  0.818   36.0    15.71  15.59 -21.29  10.39  10.71   1.86   94.1    4.3  25.45
242249  210.995    8.266    7218.   98.4  2  20    1.10  0.225   84.0    15.79  15.10 -19.86   9.82   9.84   1.34   78.2   10.0  10.45
242250  210.996    9.636    7213.   98.4  2  20    0.42  0.406   68.9    16.05  15.69 -19.27   9.58   9.90   1.96   88.8   -1.2   8.72
249105  210.998    9.273    6073.   83.7  1   3    0.30  0.294   77.3    16.91  16.53 -18.08   9.11   9.10   1.06   80.9   17.6   6.02
713807  210.999   11.607   17642.  252.0  0  20    2.30  0.931   21.9    16.18  16.14 -20.87  10.22  10.37   1.70   83.4   16.8  25.24
713808  211.000   10.642   11624.  166.1  0  20    1.34  0.344   73.4    16.89  16.40 -19.70   9.75   9.69   1.19   80.7   48.1   8.13
730107  211.015    6.787   11080.  158.3  0  20    2.56  0.695   47.2    17.18  17.05 -18.94   9.45   9.59   1.72   77.3    7.6  13.55
713809  211.015    9.797   17020.  243.1  0  20    0.56  0.200   90.0    17.33  16.42 -20.51  10.08  10.01   1.73   79.4    7.5  26.88
  8983  211.015   12.004    7493.  107.0  0   5    2.69  0.190   90.0    15.40  14.38 -20.76  10.18  10.23   1.56   73.2    2.9  24.21
713810  211.027   11.203    5467.   78.1  0  20    1.90  0.475   63.9    17.35  17.12 -17.34   8.81   8.89   1.25   74.8   28.1   5.48
  8979  211.032    6.486    7697.  110.0  0   4    2.86  0.220   84.6    15.00  14.07 -21.14  10.33  10.42   1.27   82.3    4.5  19.44
249106  211.043    8.008   11065.  158.1  0   3    1.36  0.627   52.7    15.47  15.18 -20.81  10.20  10.44   1.56   90.7   15.3  11.30
730108  211.051    7.558   15932.  227.6  0  20    1.81  0.459   65.1    17.76  17.44 -19.34   9.61   9.42   0.94   76.6   19.0  11.34
730109  211.054    8.517    5096.   72.8  0  20    0.88  0.530   59.9    16.05  15.86 -18.45   9.25   9.48   1.71   75.4   27.1   5.29
249144  211.054   10.759    5876.   83.9  0   3    1.47  0.667   49.5    17.33  17.20 -17.42   8.84   8.66   0.68   74.1  194.8   3.30
243897  211.063    8.763    5672.   83.7  1   6    0.67  0.625   52.8    16.35  16.21 -18.41   9.23   9.36   1.35   71.0    7.5   8.93
240037  211.067   11.999    7805.  111.5  0   3    2.69  0.398   69.4    15.01  14.45 -20.79  10.19  10.53   2.04   76.3    0.8  12.32
243922  211.068    6.043   16480.  235.4  0  20    3.31  0.442   66.3    16.99  16.49 -20.37  10.02  10.22   1.47   69.5    1.6  16.37
713811  211.084    9.804   16636.  237.7  0  20    0.61  0.763   41.3    17.53  17.40 -19.48   9.66  10.07   1.76  101.8    4.4  12.58
730110  211.091    9.654    6289.   83.7  1  20    0.50  0.328   74.6    17.42  17.08 -17.54   8.89   8.98   1.94   74.2    1.4   7.67
242251  211.092    9.508    7557.   98.4  2   5    0.43  0.733   44.0    15.88  15.75 -19.22   9.56   9.49   1.20   77.8   19.3  14.76
  8989  211.096   11.735    6284.   89.8  0   0    2.44  0.398   69.4    14.20  13.63 -21.13  10.32  10.75   2.13  104.8    1.0  13.78
730111  211.103    8.346   18260.  260.9  0  20    1.06  0.568   57.1    17.67  17.38 -19.70   9.75   9.73   1.19   79.6   37.1  11.89
713812  211.109   10.523   10320.  147.4  0  20    1.26  0.479   63.6    15.59  15.14 -20.70  10.15  10.24   1.35   92.0   36.6  14.94
730112  211.122    9.597    7273.   98.4  2  20    0.49  0.465   64.6    16.93  16.69 -18.28   9.18   9.15   1.09   74.6   11.5   9.87
243843  211.137   11.190    5358.   76.5  0   6    1.91  0.864   30.9    16.27  16.22 -18.20   9.15   9.26   1.93   75.7   10.4  12.57
730113  211.139    9.714   11182.  159.7  0  20    0.58  0.412   68.4    16.41  15.90 -20.12   9.92  10.21   1.73  121.0   24.5  13.09
249107  211.148    8.992   11413.  163.0  0   4    0.56  0.195   90.0    17.74  17.23 -18.83   9.40   9.14   0.52   69.5   12.5  14.61
240050  211.156   10.978   18323.  261.8  0   3    1.71  0.688   47.8    14.79  14.49 -22.60  10.91  11.36   2.39  411.2   -5.7  39.98
240051  211.158   11.646    4886.   69.8  0   4    2.36  0.796   38.2    14.14  14.00 -20.22   9.96   9.93   1.12   72.6   34.3   9.83
243844  211.158   11.717    6169.   88.1  0   3    2.43  0.401   69.2    17.42  17.14 -17.59   8.91   8.67   0.61   71.8   54.0   6.56
242316  211.170   12.144    5434.   77.6  0   5    2.85  0.362   72.1    16.83  16.52 -17.93   9.04   8.89   0.98   95.3   11.4   8.72
713813  211.190    9.845   16721.  238.9  0  20    0.71  0.262   80.1    16.12  15.29 -21.60  10.51  10.75   1.92   87.2    0.1  16.17
240054  211.195    8.335    7109.   98.4  2   4    1.11  0.827   35.0    15.07  14.95 -20.01   9.88   9.98   1.58   75.5    7.6  17.66
  8995  211.197    8.801    1494.   21.3  0   4    0.72  0.323   75.0    13.97  13.62 -18.02   9.08   9.08   1.68   66.5   16.2   7.77
243821  211.198    9.756    7396.   98.4  2   5    0.65  0.256   80.6    16.76  16.34 -18.63   9.32   9.32   1.03   74.9   19.9  12.24
713814  211.204   11.698    4929.   70.4  0  20    2.42  0.588   55.6    16.76  16.59 -17.65   8.93   8.79   0.90   70.7  138.4   3.06
713815  211.206   11.913    7306.  104.4  0  20    2.63  0.479   63.6    15.70  15.32 -19.77   9.78  10.07   2.02  178.5   -1.8   8.40
713816  211.206   11.395    4402.   62.9  0  20    2.12  0.813   36.5    13.78  13.65 -20.34  10.01  10.46   2.28  122.8    0.2   8.35
730114  211.209    5.983   11544.  164.9  0  20    3.38  0.671   49.2    16.81  16.62 -19.46   9.66   9.67   1.14   78.2   24.2   9.21
249349  211.230    8.920    7194.   98.4  2   3    0.66  0.868   30.5    17.56  17.52 -17.45   8.85   9.00   1.18   74.0   10.5   9.03
243923  211.245    6.309   16220.  231.7  0  20    3.07  0.428   67.3    16.15  15.63 -21.19  10.35  10.36   1.33   86.6   16.1  19.19
  9004  211.245   11.871    7407.  105.8  0  -2    2.60  0.725   44.7    12.98  12.72 -22.40  10.83  11.20   2.27  280.6   -1.0  25.08
713817  211.256   10.546    5582.   79.7  0  20    1.33  0.426   67.4    17.61  17.34 -17.16   8.74   8.95   1.56   67.9   17.8   9.41
  9008  211.258   11.011    5608.   80.1  0   5    1.77  0.876   29.5    14.82  14.74 -19.78   9.78  10.04   1.93   68.2   15.2  19.35
730115  211.265    9.601    7334.   98.4  2  20    0.62  0.717   45.4    17.06  16.96 -18.00   9.07   9.11   1.31   80.2    8.4  11.17
  9007  211.275    9.339    4879.   69.7  0   6    0.57  0.836   34.1    15.59  15.53 -18.68   9.35   9.43   2.35   82.5    6.2  14.51
243925  211.289   10.425    5588.   79.8  0  20    1.24  0.484   63.3    16.17  15.95 -18.56   9.30   9.41   1.56   71.6   11.7   5.06
713819  211.293   11.771    5496.   78.5  0  20    2.51  0.330   74.5    15.84  15.49 -18.98   9.46   9.60   1.51   68.5    6.8   8.01
243926  211.294    8.083    6179.   88.3  0   3    1.38  0.803   37.5    17.45  17.39 -17.34   8.81   8.95   1.35   74.2    2.6   8.11
730116  211.304    9.118   16650.  237.9  0  20    0.63  0.409   68.6    17.48  17.03 -19.85   9.81   9.59   0.80   75.8   18.3  21.56
243927  211.307    7.287   11029.  157.6  0  20    2.13  0.663   49.8    15.15  14.90 -21.09  10.31  10.71   2.13  197.4   -0.9  13.90
713820  211.308   11.878    7496.  107.1  0  20    2.62  0.275   78.9    15.81  15.17 -19.98   9.86  10.04   1.69   50.9    0.8   8.69
240068  211.319   10.431    5667.   83.7  1  -2    1.26  0.675   48.9    13.65  13.41 -21.20  10.35  10.72   2.16  143.3   -0.9  11.80
240067  211.324    9.637    7205.   98.4  2   5    0.69  0.733   44.0    15.14  14.95 -20.01   9.88  10.02   2.00   81.5   11.4  16.21
243826  211.335   10.411    5730.   83.7  1   3    1.25  0.738   43.5    17.08  16.98 -17.63   8.92   8.61   0.66   75.1  406.6   6.11
713821  211.349    9.490    7343.   98.4  2  20    0.66  0.341   73.6    17.65  17.31 -17.65   8.93   9.14   1.39   77.7   19.2   5.98
243928  211.352    7.611    5379.   76.8  0  20    1.84  0.541   59.1    16.89  16.70 -17.73   8.96   8.99   1.00   71.2   25.4   4.24
713822  211.372   11.585    4928.   70.4  0  20    2.35  0.914   24.5    16.48  16.45 -17.78   8.99   9.10   1.61   73.1   35.4   5.07
730117  211.380    9.694    7213.   98.4  2  20    0.76  0.400   69.3    17.47  17.19 -17.78   8.98   8.87   0.77   69.5    8.4  11.31
243929  211.392    6.423    9367.  133.8  0   3    2.99  0.868   30.5    16.72  16.66 -18.97   9.46   9.49   1.75   72.2   14.1  13.31
730118  211.392    7.314   11009.  157.3  0  20    2.13  0.346   73.3    17.21  16.85 -19.14   9.53   9.36   1.01   74.6   25.8  11.39
713823  211.394    9.273   16649.  237.8  0  20    0.69  0.740   43.4    17.24  17.06 -19.82   9.80  10.16   1.80   92.9   17.2  15.96
243845  211.402   11.563    7099.  101.4  0   4    2.34  0.254   80.8    16.26  15.79 -19.24   9.57   9.47   0.82   71.3  114.7  11.68
243930  211.404    8.011   15144.  216.3  0   3    1.49  0.261   80.1    17.47  16.87 -19.81   9.80   9.89   1.05   94.6   20.8  13.63
249363  211.410   11.869   18341.  262.0  0   3    2.63  0.686   48.0    16.96  16.73 -20.36  10.02  10.44   2.15   46.2   -0.1  14.13
242321  211.427   12.074    4881.   69.7  0   5    2.84  0.244   81.8    16.80  16.36 -17.86   9.01   8.74   0.84   73.7   35.3   7.19
240082  211.429    9.512   16662.  238.0  0   5    0.74  0.794   38.3    15.27  15.11 -21.77  10.58  10.81   2.53   94.1    4.2  36.81
713824  211.436    9.865   16675.  238.2  0  20    0.90  0.777   40.0    17.71  17.60 -19.29   9.59  10.05   1.98  554.5   -1.5   7.88
713825  211.444    9.698   11693.  167.0  0  20    0.82  0.675   48.9    15.78  15.53 -20.58  10.10  10.55   2.29  259.6   -1.2  11.22
243931  211.445    7.698    4761.   68.0  0  20    1.79  0.620   53.2    16.79  16.64 -17.52   8.88   9.01   1.25   58.2    4.0   7.33
249159  211.450    9.536    7369.   98.4  2   7    0.77  0.642   51.5    17.61  17.48 -17.49   8.87   8.88   1.23   77.6   31.6   9.12
243932  211.467    6.404   17154.  245.1  0  20    3.02  0.289   77.7    17.76  17.20 -19.75   9.77   9.45   0.83   74.7   28.1  17.82
243933  211.481    6.438    7637.  109.1  0   6    2.99  0.608   54.1    17.70  17.55 -17.64   8.93   8.84   1.14   72.6   10.3   8.24
730119  211.481    7.234   11056.  157.9  0  20    2.23  0.755   42.0    16.05  15.88 -20.11   9.92  10.23   1.65   76.6    3.2  14.01
  9015  211.485    9.026    7261.   98.4  2   3    0.83  0.692   47.5    14.26  14.03 -20.93  10.25  10.57   2.45  161.1   -1.1  24.07
713827  211.493    9.905   16659.  238.0  0  20    0.97  0.458   65.1    17.39  16.96 -19.92   9.84  10.16   1.86  120.1    7.2  11.22
713828  211.499    8.312    7272.   98.4  2  20    1.29  0.204   87.6    17.24  16.75 -18.21   9.16   9.05   1.03   75.8   20.7   7.00
243823  211.514   10.542   10223.  146.0  0   4    1.45  0.437   66.6    16.10  15.60 -20.22   9.96   9.77   1.01   76.0   19.0  17.74
240088  211.527   11.789    5031.   71.9  0   6    2.59  0.544   58.9    14.89  14.59 -19.69   9.75   9.73   1.34   71.5   24.5  15.08
242252  211.539    9.572    7651.   98.4  2   3    0.86  0.548   58.6    16.03  15.80 -19.17   9.54   9.56   1.35   74.3   10.0  12.10
713831  211.545    8.210   18102.  258.6  0  20    1.40  0.288   77.8    17.33  16.58 -20.49  10.07  10.26   1.79  138.5   15.3  10.00
243934  211.547    7.862   15997.  228.5  0  20    1.69  0.725   44.7    16.82  16.62 -20.18   9.94   9.97   1.14   77.9   12.4  19.77
241206  211.552    9.361    7638.   98.4  2   3    0.84  0.668   49.4    15.07  14.82 -20.14   9.93  10.32   2.51  158.9   -1.4   9.90
713832  211.552    9.454    7228.   98.4  2  20    0.85  0.580   56.2    17.41  17.24 -17.73   8.96   8.98   1.34   78.2   36.4   4.84
730121  211.561    6.878   16789.  239.8  0  20    2.60  0.602   54.6    16.81  16.50 -20.40  10.03  10.14   1.28   83.1   23.3  14.33
243935  211.561    6.194    9427.  134.7  0   3    3.25  0.272   79.2    16.95  16.52 -19.13   9.52   9.62   1.37   99.3   32.7  10.81
713833  211.565   11.192    7125.  101.8  0  20    2.05  0.781   39.6    16.05  15.95 -19.09   9.51   9.92   2.04   91.5   -1.1   5.96
243936  211.577    6.469   16718.  238.8  0  20    2.99  0.463   64.8    15.99  15.52 -21.38  10.42  10.72   2.07  223.4   -2.0  11.58
713834  211.578   11.783   11969.  171.0  0  20    2.60  0.666   49.6    17.66  17.54 -18.63   9.32   9.37   1.31   72.2   31.5   7.71
242405  211.605    9.154   11701.  167.2  0   3    0.91  0.515   61.0    15.59  15.18 -20.93  10.24  10.36   1.61   98.7   22.2  20.20
242009  211.611    9.359    7472.   98.4  2  10    0.90  0.429   67.2    16.81  16.55 -18.41   9.24   9.27   2.73   23.7   -0.2  20.29
730122  211.614    7.701   18448.  263.5  0  20    1.86  0.461   64.9    16.95  16.47 -20.63  10.13  10.12   1.38   89.5   30.8  14.44
243937  211.629    6.053   16554.  236.5  0  20    3.40  0.500   62.1    17.42  17.07 -19.80   9.79   9.95   1.40   74.3   13.2  17.79
  9020  211.633    6.029    1281.   18.3  0   3    3.43  0.192   90.0    12.94  12.43 -18.88   9.43   9.76   2.79   59.6    1.0   8.79
713835  211.658    8.222   17560.  250.9  0  20    1.46  0.770   40.6    16.92  16.76 -20.24   9.97  10.50   2.30  141.4   -1.5  15.25
713836  211.664   10.301   12649.  180.7  0  20    1.36  0.321   75.2    16.68  16.02 -20.26   9.98  10.24   1.59   84.7   23.7   9.67
243824  211.673    9.387   11419.  163.1  0   4    0.96  0.131   90.0    16.61  15.58 -20.48  10.07  10.03   0.76   82.6   10.5  18.95
243863  211.694   10.388    7021.  100.3  0   3    1.44  0.647   51.1    16.71  16.58 -18.43   9.24   9.14   1.21   75.0    9.6   9.30
243938  211.705    6.632   16755.  239.4  0  20    2.88  0.435   66.8    17.52  17.10 -19.79   9.79   9.68   1.03   86.8   27.1   8.94
  9023  211.713    9.321    7468.   98.4  2   5    1.00  0.449   65.8    15.26  14.80 -20.17   9.94   9.78   1.36   85.6   39.8  18.44
713837  211.726   11.144    7732.  110.5  0  20    2.08  0.424   67.6    15.63  15.16 -20.06   9.90   9.87   1.10   76.9   37.9   8.25
713838  211.727    8.278   17868.  255.3  0  20    1.46  0.430   67.1    17.22  16.70 -20.34  10.01  10.30   1.82  148.3   13.7  16.04
713839  211.733   10.414   11584.  165.5  0  20    1.49  0.766   41.0    15.14  14.98 -21.12  10.32  10.80   2.29  161.7   -1.3  14.28
730123  211.737   10.345   18299.  261.4  0  20    1.44  0.835   34.2    15.41  15.28 -21.81  10.59  10.95   2.01  660.4   -0.7  27.02
243939  211.739    6.225    7639.  109.1  0   3    3.27  0.858   31.6    16.45  16.40 -18.79   9.39   9.38   1.21   73.9   75.0   5.34
249364  211.744    8.239   17777.  254.0  0   3    1.50  0.678   48.6    15.60  15.35 -21.68  10.54  11.17   3.54  181.6   -0.1  36.22
240102  211.751   10.462    9960.  142.3  0   4    1.53  0.719   45.2    14.21  13.99 -21.77  10.58  10.73   1.70   65.7    1.5  23.83
713840  211.765    8.214   17865.  255.2  0  20    1.53  0.858   31.6    16.50  16.40 -20.63  10.12  10.66   2.40  229.3   -1.4  13.51
  9027  211.767   10.643    7127.  101.8  0   3    1.68  0.318   75.4    15.23  14.53 -20.51  10.07   9.95   1.31   78.5   18.4  20.43
243940  211.767    6.604    7855.  112.2  0   4    2.92  0.365   71.8    17.56  17.25 -18.00   9.07   8.87   0.70   80.0   56.2   4.96
243852  211.768   10.712    1438.   20.5  0   3    1.74  0.509   61.5    16.88  16.67 -14.89   7.83   7.76   0.71   72.4  330.1   2.28
243941  211.768    8.042   18199.  260.0  0  20    1.67  0.693   47.4    16.40  16.17 -20.90  10.23  10.46   1.70   95.1    9.4  15.45
713841  211.774    8.365   17968.  256.7  0  20    1.43  0.756   41.9    17.13  16.95 -20.09   9.91   9.96   1.50   90.9    8.9  18.34
713842  211.800    9.680    7331.   98.4  2  20    1.14  0.481   63.5    17.66  17.43 -17.54   8.89   8.81   1.26   75.6   30.8   4.01
730124  211.801    8.155   18305.  261.5  0  20    1.60  0.518   60.8    15.95  15.54 -21.54  10.49  10.77   1.82  111.5   19.7  17.09
242243  211.802   10.227   18225.  260.4  0  20    1.41  0.438   66.6    15.14  14.51 -22.57  10.90  11.16   1.66  130.2    7.5  25.85
242244  211.809   10.180   13072.  186.7  0  20    1.38  0.457   65.2    15.86  15.38 -20.98  10.26  10.58   1.96  128.8    1.3  13.16
713843  211.810    9.047   18156.  259.4  0  20    1.13  0.824   35.3    17.50  17.40 -19.67   9.74   9.87   1.51   87.7   35.7   8.60
243942  211.814    8.020   18131.  259.0  0  20    1.71  0.928   22.3    16.62  16.58 -20.49  10.07  10.62   2.43  139.6   -1.0  13.21
243943  211.841    7.300    7568.  108.1  0  20    2.32  0.540   59.2    17.39  17.20 -17.97   9.06   9.27   1.49   75.7   11.2   4.85
730125  211.842    7.239   18373.  262.5  0  20    2.38  0.815   36.3    17.41  17.30 -19.80   9.79   9.70   1.21   75.7   29.7  20.26
713844  211.854   10.665   18069.  258.1  0  20    1.75  0.333   74.2    15.99  15.31 -21.75  10.57  10.91   2.04  214.8   -1.4  14.29
243848  211.861   11.431    7705.  110.1  0   4    2.39  0.818   36.0    16.58  16.52 -18.69   9.35   9.34   1.61   67.4   12.3  14.28
713845  211.866    8.684   17864.  255.2  0  20    1.32  0.568   57.1    16.81  16.46 -20.58  10.10  10.03   1.11   83.2   33.5  16.18
243944  211.868    7.711    7205.  102.9  0  20    1.99  0.323   75.0    17.46  17.11 -17.95   9.05   8.83   1.09   71.2  229.6   5.82
249354  211.872    9.773    7203.   98.4  2   3    1.24  0.248   81.4    17.46  17.03 -17.94   9.05   8.98   1.44   73.7   10.6   8.30
713846  211.872    8.764   11841.  169.2  0  20    1.29  0.844   33.2    17.62  17.57 -18.57   9.30   9.55   1.11   76.5   26.2  15.09
249361  211.885   11.439   18291.  261.3  0   3    2.41  0.573   56.8    17.57  17.27 -19.81   9.80   9.69   1.06   82.9   39.4  12.95
241389  211.890    7.178    7458.  106.5  0   0    2.45  0.905   25.7    14.76  14.70 -20.44  10.05  10.53   2.25  334.0   -0.7  14.34
713847  211.909   10.737   18164.  259.5  0  20    1.84  0.568   57.1    15.84  15.49 -21.58  10.51  10.65   1.70  224.3   84.2  27.85
  9030  211.909    9.675    7330.   98.4  2   4    1.24  0.177   90.0    14.69  13.63 -21.34  10.41  10.52   1.78   75.9    3.1  21.00
713848  211.913    9.119    8519.  121.7  0  20    1.22  0.289   77.7    17.75  17.36 -18.06   9.10   9.17   1.22   81.9   14.3   6.03
713849  211.921    9.810   11478.  164.0  0  20    1.30  0.584   55.9    16.04  15.71 -20.36  10.02  10.45   2.04  103.9   -1.0   9.22
249362  211.922   10.722   18322.  261.7  0   1    1.84  0.263   80.0    16.39  15.57 -21.52  10.48  10.70   1.38   80.9    3.3  18.65
243946  211.924    8.145   16042.  229.2  0  20    1.69  0.472   64.1    16.76  16.30 -20.50  10.07   9.96   1.20   74.5    9.3  18.73
241391  211.936    7.216    7541.  107.7  0  -2    2.44  0.865   30.8    14.24  14.15 -21.01  10.28  10.77   2.29   73.2    0.2  15.83
243825  211.954    9.822   11464.  163.8  0   4    1.33  0.710   45.9    16.22  16.01 -20.06   9.90  10.02   1.05   85.5   44.7  18.44
242406  211.970    9.641   16572.  236.7  0  20    1.29  0.668   49.4    15.30  15.02 -21.85  10.61  11.10   2.46  695.4   -2.2  22.15
241392  211.981    7.041    7268.  103.8  0   3    2.62  0.924   23.0    14.87  14.82 -20.26   9.98  10.23   1.97  225.9   -1.4  14.89
730127  211.982   11.897    7464.  106.6  0  20    2.86  0.335   74.1    16.90  16.57 -18.57   9.30   9.31   0.97   71.3   15.2  11.01
713850  211.983    9.831   18137.  259.1  0  20    1.36  0.889   27.9    15.69  15.61 -21.45  10.45  11.04   2.55  328.3    0.3  21.35
713851  211.986    8.210   17770.  253.9  0  20    1.69  0.614   53.7    16.56  16.26 -20.77  10.18  10.47   2.02  392.3   -1.9   5.81
713852  211.990    8.182   18135.  259.1  0  20    1.72  0.821   35.6    14.45  14.29 -22.78  10.98  11.55   2.65  320.7   -0.8  46.85
713853  211.993   11.546    7716.  110.2  0  20    2.56  0.322   75.1    14.87  14.17 -21.04  10.29  10.61   2.04   71.6    0.2  10.80
713854  212.004    9.338    7517.   98.4  2  20    1.29  0.628   52.6    17.69  17.55 -17.42   8.84   9.05   1.28   83.4   53.1   3.75
243949  212.008    6.735    9397.  134.2  0   3    2.90  0.509   61.5    15.96  15.58 -20.06   9.90   9.72   0.83   76.5   25.4  14.62
243950  212.008    7.646   11015.  157.4  0  20    2.12  0.837   34.0    16.73  16.64 -19.34   9.61  10.01   2.16   79.9    0.2  15.26
241136  212.017    7.327    7630.  109.0  0   1    2.39  0.919   23.7    14.88  14.83 -20.36  10.02  10.33   1.97  115.7   14.3   7.86
713855  212.018    9.207    7484.   98.4  2  20    1.31  0.819   35.8    17.16  17.10 -17.87   9.02   9.48   1.67   78.9    3.1   6.72
243951  212.023    7.976   17725.  253.2  0  20    1.88  0.893   27.3    16.99  16.92 -20.10   9.91  10.50   2.65  214.2   -1.4  10.36
243952  212.038    6.727    9363.  133.8  0   4    2.92  0.172   90.0    16.49  15.70 -19.93   9.84   9.85   0.91   74.6   21.4  14.33
243953  212.039    5.945   16655.  237.9  0  20    3.64  0.831   34.6    17.14  17.03 -19.86   9.81   9.90   1.42   79.8   34.3   9.53
243954  212.040    7.031    7228.  103.3  0   3    2.65  0.588   55.6    16.86  16.70 -18.37   9.22   9.28   1.22   79.0   74.5   4.87
713856  212.045    8.883    7737.  110.5  0  20    1.40  0.230   83.3    17.75  17.29 -17.92   9.04   8.96   0.63   78.5   17.5   7.95
713857  212.053    8.337   18158.  259.4  0  20    1.67  0.273   79.1    17.40  16.62 -20.45  10.05  10.24   1.92   91.2   -1.0  10.84
243955  212.064    6.104   16811.  240.2  0   3    3.50  0.868   30.5    16.69  16.61 -20.30   9.99  10.01   1.15   76.7   66.5  10.36
249112  212.084   11.608    5230.   74.7  0  10    2.65  0.543   59.0    17.46  17.27 -17.10   8.71   8.50   0.77   70.7   18.5   4.28
713858  212.109   10.008   12664.  180.9  0  20    1.55  0.528   60.1    17.64  17.45 -18.84   9.41   9.15   1.10   80.2  174.3  13.44
243956  212.115    6.432    7891.  112.7  0   5    3.22  0.534   59.6    16.06  15.78 -19.48   9.66   9.49   1.19   72.7   20.9  15.89
713859  212.119    8.701   16738.  239.1  0  20    1.54  0.287   77.9    17.42  16.74 -20.15   9.93  10.27   1.79  111.3    6.5  11.52
  9037  212.121    7.057    6200.   88.6  0   5    2.67  0.572   56.8    13.89  13.54 -21.19  10.35  10.34   1.40   84.8   56.4  20.83
730129  212.126   10.511   18291.  261.3  0  20    1.84  0.927   22.5    17.61  17.57 -19.51   9.68   9.65   1.40   86.6   16.4  21.51
243957  212.126    6.136    7607.  108.7  0  20    3.49  0.699   46.9    15.71  15.52 -19.66   9.73   9.77   1.36   75.4   37.9   9.39
713860  212.126    8.038   17889.  255.6  0  20    1.91  0.710   45.9    17.60  17.43 -19.61   9.72   9.74   1.51   74.8    7.0  21.91
  9038  212.128    8.931    7360.  105.1  0  -2    1.47  0.658   50.2    12.69  12.36 -22.75  10.97  11.39   2.46   88.1    0.4  25.62
  9041  212.137   11.816    5988.   85.5  0   1    2.86  0.640   51.6    13.58  13.31 -21.35  10.41  10.71   1.90  117.5   55.8  16.18
240121  212.141    9.038    7641.  109.2  0   3    1.45  0.523   60.4    14.44  14.05 -21.14  10.33  10.70   2.18  182.0   -0.6   9.48
713861  212.143    9.196    7262.  103.7  0  20    1.43  0.511   61.3    15.28  14.86 -20.22   9.96  10.27   2.02  187.0   -1.4   5.79
240125  212.148   11.951    6068.   86.7  0   4    2.98  0.331   74.4    15.43  14.92 -19.77   9.78   9.69   1.08   72.7   11.7  12.90
713862  212.160    8.064   17693.  252.8  0  20    1.92  0.683   48.2    17.20  16.97 -20.04   9.89  10.14   1.74  117.5   36.5   9.95
240126  212.190    8.862    7390.  105.6  0   3    1.54  0.434   66.9    14.72  14.21 -20.91  10.23  10.48   1.83  142.1   -1.6   8.61
243958  212.193    6.369   16647.  237.8  0  20    3.31  0.248   81.4    16.49  15.63 -21.25  10.37  10.48   1.34  162.3   19.0  19.00
713863  212.194   11.888    7128.  101.8  0  20    2.95  0.472   64.1    15.27  14.80 -20.23   9.97  10.32   2.08  183.4   -0.9   4.09
243857  212.206   10.796    5088.   72.7  0   3    2.08  0.432   67.0    15.65  15.39 -18.92   9.44   9.34   0.89   73.9   56.3   5.99
730130  212.219   11.178   18296.  261.4  0  20    2.38  0.412   68.4    16.17  15.62 -21.46  10.46  10.64   1.73  131.1    5.3  21.82
713864  212.227    8.916   17792.  254.2  0  20    1.56  0.887   28.1    16.72  16.65 -20.38  10.02  10.16   1.25  169.7    0.0  12.37
243849  212.228   11.942    6064.   86.6  0   3    3.01  0.907   25.5    17.01  16.98 -17.70   8.95   9.04   1.25   68.6   10.5   7.49
713865  212.228    8.350   16059.  229.4  0  20    1.80  0.658   50.2    16.67  16.42 -20.39  10.03   9.94   1.10   81.7   27.7  12.55
713866  212.247   10.721   11378.  162.5  0  20    2.06  0.744   43.0    17.55  17.46 -18.60   9.31   9.31   1.23   73.1   88.2   5.83
730131  212.255   10.969   18397.  262.8  0  20    2.24  0.238   82.4    16.36  15.48 -21.62  10.52  10.74   1.93  104.1    4.5  28.90
243959  212.258    7.140    6223.   88.9  0  20    2.68  0.528   60.1    16.65  16.46 -18.29   9.19   9.19   1.00   72.3   12.8   7.64
243960  212.276    7.198   18145.  259.2  0  20    2.64  0.774   40.3    15.51  15.33 -21.74  10.57  10.95   1.99   44.2    0.1  21.99
243961  212.285    6.180   11145.  159.2  0  20    3.52  0.508   61.5    15.67  15.26 -20.75  10.17  10.55   2.10  216.8   -1.1   9.02
243963  212.325    6.809   11000.  157.1  0  20    2.99  0.820   35.7    15.44  15.32 -20.66  10.14  10.62   2.29  400.3   -0.6  11.85
240131  212.341    8.907    7304.  104.3  0   5    1.67  0.885   28.4    14.46  14.39 -20.70  10.15  10.55   2.31   59.3    0.4  20.85
713867  212.344   11.087   16554.  236.5  0  20    2.39  0.336   74.0    17.06  16.40 -20.47  10.06   9.91   1.33   90.2   48.3  22.38
713868  212.356    8.145    7603.  108.6  0  20    2.02  0.392   69.9    17.32  17.03 -18.15   9.13   9.41   1.87   77.1   25.1   6.96
713869  212.372   11.608   11733.  167.6  0  20    2.81  0.663   49.8    16.85  16.65 -19.47   9.66   9.97   1.86  191.7   -2.1  14.30
249114  212.385    8.674    8033.  114.8  0   3    1.79  0.328   74.6    15.86  15.28 -20.02   9.88   9.86   1.02   83.7   67.2   8.39
249115  212.402   10.724   11365.  162.4  0   6    2.18  0.731   44.1    17.12  17.00 -19.06   9.49   9.50   1.38   65.0    4.2  14.40
713870  212.410    8.607    7274.  103.9  0  20    1.84  0.627   52.7    15.18  14.89 -20.19   9.95  10.38   2.19  260.4   -0.8   5.77
713871  212.411    8.655    7462.  106.6  0  20    1.82  0.674   48.9    17.42  17.30 -17.84   9.01   9.32   1.83   73.3    9.8   7.08
249116  212.412    9.561   11662.  166.6  0   3    1.70  0.487   63.1    16.87  16.53 -19.57   9.70   9.60   1.21   86.1   12.6  13.34
241408  212.433    8.069    7515.  107.4  0   3    2.13  0.512   61.2    13.58  13.13 -22.02  10.68  10.90   1.82  149.1   33.2  19.51
243850  212.434   11.116    6609.   94.4  0   4    2.47  0.245   81.7    17.22  16.78 -18.09   9.11   9.04   0.80   94.6    5.2   9.36
713872  212.439    9.498   11578.  165.4  0  20    1.72  0.550   58.5    16.15  15.78 -20.31  10.00  10.01   1.36   92.3   16.4  18.31
243964  212.439    6.717    6068.   86.7  0   3    3.13  0.465   64.6    17.10  16.86 -17.83   9.00   8.87   1.44   74.4    7.9   7.04
730132  212.440    9.895    7550.  107.9  0  20    1.81  0.758   41.7    17.21  17.12 -18.04   9.09   8.91   1.04   80.4  105.3  15.34
240135  212.445   11.585   11713.  167.3  0   1    2.83  0.689   47.7    13.70  13.40 -22.72  10.96  11.45   2.73  519.4    0.0  35.00
730133  212.447   10.663   18259.  260.8  0  20    2.18  0.498   62.3    16.16  15.73 -21.35  10.41  10.88   2.16  421.2   -0.8  13.40
713873  212.447    8.410   16741.  239.2  0  20    1.96  0.563   57.5    15.94  15.59 -21.30  10.39  10.30   0.96   93.7   56.2  16.74
  9054  212.453    9.858    7493.  107.0  0   3    1.81  0.571   56.9    14.53  14.18 -20.97  10.26  10.52   1.79  103.5   13.0  16.33
240138  212.459   10.961   18160.  259.4  0   3    2.38  0.331   74.4    14.67  13.79 -23.28  11.18  11.17   1.34  132.3    3.0  42.64
713875  212.503   10.927   18045.  257.8  0  20    2.39  0.588   55.6    17.13  16.81 -20.25   9.97  10.12   1.55  105.4   12.6   9.12
243966  212.503    7.568   18173.  259.6  0  20    2.51  0.711   45.9    17.00  16.79 -20.28   9.98   9.89   1.44   78.2   23.7  19.99
715928  212.538    7.601   18018.  257.4  0  20    2.51  0.524   60.4    16.20  15.80 -21.25  10.37  10.40   1.25   85.2   22.0  19.74
240142  212.542   11.934    8648.  123.5  0   3    3.17  0.350   73.0    15.06  14.42 -21.04  10.29  10.25   1.25   88.9   15.7  17.85
713876  212.561   11.472    8498.  121.4  0  20    2.82  0.629   52.5    15.54  15.25 -20.17   9.94  10.02   1.31   79.8   28.5  11.27
243968  212.570    7.197    7935.  113.4  0   3    2.82  0.690   47.6    16.69  16.57 -18.70   9.35   9.78   2.03  111.9   -1.2   4.54
243969  212.572    6.146   16915.  241.6  0  20    3.68  0.721   45.0    15.98  15.78 -21.14  10.33  10.86   2.22    0.0  -10.0  18.51
249154  212.599   11.831   11797.  168.5  0   4    3.12  0.258   80.4    17.09  16.53 -19.61   9.71   9.53   1.05   74.6   18.2  17.98
730134  212.601   10.476    7812.  111.6  0  20    2.20  0.673   49.0    17.24  17.12 -18.12   9.12   9.15   1.31   77.5    8.7  11.06
713877  212.635   11.452   11800.  168.6  0  20    2.85  1.000    0.0    16.96  16.96 -19.18   9.54   9.80   1.47   73.3   43.6   8.89
243972  212.648    6.414   17133.  244.8  0   3    3.50  0.812   36.6    16.73  16.60 -20.34  10.01  10.01   1.15   76.5   21.2  19.89
713878  212.658   10.152    7538.  107.7  0  20    2.10  0.744   43.0    15.73  15.58 -19.58   9.71   9.89   1.52   76.2   12.8   7.47
240146  212.682    8.997    7313.  104.5  0   2    1.98  0.616   53.5    13.81  13.51 -21.58  10.51  10.66   2.12   93.4    2.3  20.96
713879  212.690   10.665   17992.  257.0  0  20    2.37  0.152   90.0    16.49  15.33 -21.72  10.56  10.75   1.99   75.5    0.7  22.16
713880  212.722    8.068   17812.  254.5  0  20    2.36  0.723   44.8    16.60  16.40 -20.63  10.12  10.34   1.69   71.2    3.6  17.74
241207  212.741    6.372    6178.   88.3  0   3    3.58  0.532   59.8    15.09  14.73 -20.00   9.87  10.22   1.83   75.4   14.0  12.86
243975  212.741    5.948   13282.  189.7  0  20    3.94  0.399   69.4    16.18  15.61 -20.78  10.18  10.19   1.23   83.2    7.2  15.77
713881  212.744   11.333   11800.  168.6  0  20    2.84  0.527   60.2    15.43  15.04 -21.10  10.31  10.63   2.29   62.9    1.6  19.94
713882  212.752   11.377   11860.  169.4  0  20    2.88  0.683   48.2    17.76  17.64 -18.51   9.27   9.38   1.43   69.1    4.3  15.49
249119  212.764   10.556    4972.   71.0  0   3    2.37  0.586   55.8    17.64  17.47 -16.78   8.59   8.54   1.28   71.6   12.8   4.06
715929  212.792    7.973   17795.  254.2  0  20    2.47  0.458   65.1    16.48  16.00 -21.03  10.28  10.12   0.86   83.3   39.2  17.65
713883  212.792   10.885   17965.  256.6  0  20    2.58  0.847   32.9    17.09  16.98 -20.06   9.90  10.03   2.02   71.7    7.0  19.98
240153  212.806   11.373    7489.  107.0  0   3    2.91  0.260   80.2    15.83  15.18 -19.97   9.86   9.69   0.83   70.6   35.7  13.10
713884  212.810    9.249   17902.  255.7  0  20    2.08  0.979   12.0    16.77  16.75 -20.29   9.99  10.32   2.05  222.9   -2.4   5.48
243978  212.811    5.963   16922.  241.7  0  20    3.96  0.627   52.7    16.53  16.24 -20.67  10.14  10.25   1.42   88.8   16.4  15.63
249120  212.818    9.227    7546.  107.8  0   6    2.09  0.684   48.1    17.34  17.23 -17.94   9.05   9.00   1.83   75.7  149.5  14.82
713885  212.823   11.321    8690.  124.1  0  20    2.89  0.364   71.9    17.66  17.34 -18.12   9.12   8.70   0.60   75.4   73.0   6.01
713886  212.830    9.491   17931.  256.2  0  20    2.11  0.250   81.2    15.44  14.48 -22.56  10.90  11.14   2.14   67.8    1.2  37.75
713887  212.831   11.518   11822.  168.9  0  20    3.03  0.885   28.4    15.78  15.70 -20.44  10.05  10.40   1.90   85.2    7.7  14.43
713888  212.857   11.204    7209.  103.0  0  20    2.83  0.528   60.1    17.51  17.32 -17.75   8.97   9.01   1.14   70.4   54.4   4.63
713889  212.859   10.142   10180.  145.4  0  20    2.28  0.249   81.3    17.48  17.05 -18.76   9.38   9.20   1.70   73.9   17.9  13.35
249121  212.878    8.398   11040.  157.7  0   3    2.35  0.423   67.6    17.73  17.46 -18.53   9.28   9.05   0.96   75.1   58.8   9.25
713890  212.893    8.591    7594.  108.5  0  20    2.29  0.672   49.1    16.71  16.59 -18.59   9.31   9.64   1.83   72.2    4.5   8.43
240157  212.901    8.810    7090.  101.3  0   0    2.23  0.480   63.6    14.22  13.77 -21.26  10.38  10.82   2.30   22.8    0.0  14.82
715930  212.918    7.802   17629.  251.8  0  20    2.67  0.829   34.8    16.91  16.79 -20.21   9.96  10.30   1.83   78.5    4.4  14.63
243891  212.936    7.891   17168.  245.3  0   3    2.64  0.583   56.0    16.76  16.43 -20.52  10.08  10.08   1.03   83.9   14.2  22.88
713891  212.944   10.861   17924.  256.1  0  20    2.69  0.433   66.9    16.92  16.40 -20.64  10.13  10.50   1.82  116.7    4.9  14.05
241924  212.964    8.501    7751.  110.7  0   5    2.39  0.219   84.8    17.01  16.54 -18.68   9.35   9.41   1.84   73.9   15.4  12.82
249122  212.967    9.752    7912.  113.0  0   4    2.27  0.828   34.9    15.82  15.72 -19.54   9.69   9.78   1.49   77.0   10.5  18.29
713892  212.972   11.209    8633.  123.3  0  20    2.92  0.704   46.5    17.48  17.37 -18.08   9.10   9.35   2.11   68.1    5.3   6.13
713893  212.990   10.808    7720.  110.3  0  20    2.70  0.569   57.1    15.56  15.24 -19.98   9.86   9.97   1.34   73.4   14.9  12.79
713894  212.998    9.764    8026.  114.7  0  20    2.31  0.767   40.9    16.20  16.09 -19.21   9.56   9.86   1.75   83.3   15.0   6.28
713895  213.000   11.686   18027.  257.5  0  20    3.27  0.959   16.8    16.86  16.83 -20.22   9.96  10.14   1.40   75.7   27.1  11.31
713896  213.006   11.848    8483.  121.2  0  20    3.39  0.594   55.2    15.69  15.38 -20.04   9.89   9.86   1.22   78.8   12.6  10.31
713897  213.006   12.009   18033.  257.6  0  20    3.51  0.281   78.4    17.52  16.83 -20.23   9.96   9.83   0.74   84.8   25.5  15.66
240161  213.011   10.375   10041.  143.4  0   5    2.51  0.510   61.4    15.11  14.70 -21.09  10.31  10.44   2.11   76.7    2.5  25.77
715931  213.012    7.499   16204.  231.5  0  20    2.93  0.418   68.0    17.12  16.59 -20.23   9.96  10.21   1.38  119.9   55.3   9.76
713898  213.029    8.471    7761.  110.9  0  20    2.46  0.930   22.0    17.06  17.04 -18.18   9.14   9.52   1.89   76.9   11.9   8.48
713899  213.035   10.498   10036.  143.4  0  20    2.58  0.691   47.5    17.67  17.56 -18.23   9.16   9.27   1.49   85.1   13.3   2.96
242106  213.042    6.527   11051.  157.9  0   6    3.64  0.150   90.0    15.71  14.54 -21.45  10.45  10.34   0.82   85.6    9.0  23.97
713900  213.048   11.368   17801.  254.3  0  20    3.08  0.333   74.2    16.98  16.31 -20.72  10.16  10.35   1.68  117.4   18.8  14.15
713901  213.051   11.574   16387.  234.1  0  20    3.22  0.632   52.3    17.65  17.44 -19.41   9.64  10.10   2.04  200.8   -0.8   7.06
  9084  213.053    8.662    7491.  107.0  0   3    2.42  0.905   25.7    13.78  13.72 -21.43  10.44  10.82   2.31  265.5    1.7  26.37
713902  213.054   10.987   16356.  233.7  0  20    2.85  0.384   70.5    16.67  16.08 -20.76  10.18  10.43   1.74  106.1   33.4  15.84
243986  213.056   11.988   16283.  232.6  0  20    3.53  0.660   50.1    15.89  15.64 -21.20  10.35  10.78   2.29  196.6   -1.4  13.51
243987  213.074    6.046   17210.  245.9  0  20    4.04  0.778   39.9    16.03  15.87 -21.08  10.30  10.82   2.38  212.7   -1.3  15.52
713903  213.074   10.748   17867.  255.2  0  20    2.73  0.520   60.7    15.94  15.54 -21.50  10.47  10.89   2.07  296.0   -1.7  17.15
243988  213.077    5.985   13980.  199.7  0  20    4.09  0.291   77.5    16.71  15.95 -20.55  10.09  10.01   1.01   90.0   28.9  12.04
243989  213.080   12.020   11547.  165.0  0  20    3.56  0.579   56.3    16.96  16.72 -19.37   9.62   9.95   1.96  199.4   -1.1   6.46
713904  213.081   10.764   17662.  252.3  0  20    2.75  0.378   70.9    16.68  16.08 -20.93  10.24  10.40   1.40   92.3   18.6  13.82
241198  213.088    8.508    7233.  103.3  0   1    2.50  0.491   62.8    13.93  13.50 -21.58  10.50  10.89   2.17   55.8    0.1  19.46
713905  213.120    8.336   12261.  175.2  0  20    2.59  0.485   63.2    16.65  16.26 -19.96   9.86   9.79   1.09   82.9   15.4  10.50
713906  213.122    9.877   16231.  231.9  0  20    2.45  0.200   90.0    17.07  16.08 -20.74  10.17  10.32   1.06   89.4   11.3  14.75
  9089  213.124   11.240    8764.  125.2  0   3    3.06  0.382   70.6    13.56  12.83 -22.66  10.93  11.16   1.92  307.8   -0.5  22.48
240167  213.125    8.648    7485.  106.9  0   0    2.49  0.803   37.5    13.77  13.63 -21.51  10.48  10.95   2.82  278.8   -0.8  15.85
243991  213.125    6.189   17307.  247.2  0  20    3.95  0.489   62.9    17.19  16.75 -20.21   9.96  10.25   1.98   46.7    0.1  10.26
713907  213.133    8.562    6938.   99.1  0  20    2.52  0.428   67.3    17.53  17.27 -17.71   8.96   9.25   1.83   72.9    3.2   7.52
715933  213.147    7.979   17679.  252.6  0  20    2.77  0.738   43.5    16.84  16.65 -20.36  10.02  10.51   2.22   73.2   -0.2  14.50
715934  213.149    7.880   17453.  249.3  0  20    2.82  0.621   53.1    16.89  16.59 -20.39  10.03  10.06   1.26   84.8   24.9  12.52
715935  213.152    7.827   17310.  247.3  0  20    2.85  0.452   65.6    15.09  14.49 -22.47  10.86  11.11   1.64  116.6    4.0  26.26
249125  213.152    9.739    7904.  112.9  0   6    2.45  0.473   64.1    17.37  17.14 -18.12   9.12   9.11   0.48   77.5   26.4  10.75
243993  213.156    5.912   17387.  248.4  0  20    4.20  0.473   64.1    15.78  15.32 -21.66  10.53  10.64   1.64   87.9    3.5  27.46
  9093  213.158   12.020   11625.  166.1  0   5    3.62  0.329   74.5    15.46  14.77 -21.33  10.40  10.28   1.12   76.4    5.9  28.66
713908  213.171    8.653    7615.  108.8  0  20    2.53  0.767   40.9    15.67  15.52 -19.66   9.74  10.15   2.03   52.9    0.5  10.08
713909  213.176    8.156   18056.  257.9  0  20    2.71  0.200   90.0    16.38  15.38 -21.67  10.54  10.46   0.99   99.3   30.1  25.49
713910  213.182    8.371    8854.  126.5  0  20    2.63  0.788   38.9    16.97  16.90 -18.61   9.32   9.69   2.08   52.8    0.5   7.31
715936  213.185    7.377   17538.  250.5  0  20    3.14  0.408   68.7    15.54  14.96 -22.04  10.69  10.89   1.50  129.2    6.5  22.18
249126  213.189    9.552    7526.  107.5  0   3    2.47  0.565   57.4    16.74  16.56 -18.59   9.31   9.22   1.04   77.4   23.2   8.93
713911  213.190   11.557   17264.  246.6  0  20    3.31  0.578   56.4    16.57  16.24 -20.72  10.16  10.33   1.12   81.4   28.6   6.12
713912  213.210    9.622   16987.  242.7  0  20    2.49  0.663   49.8    16.98  16.73 -20.20   9.95  10.11   1.43   92.2   28.2  10.52
713913  213.218   10.597   10046.  143.5  0  20    2.79  0.377   71.0    17.13  16.81 -18.97   9.46   9.73   1.60   79.1   29.4   5.64
240174  213.244    9.921    7335.  104.8  0   0    2.58  0.757   41.8    14.27  14.09 -21.01  10.27  10.53   1.99   95.4   58.9  16.91
713914  213.251    8.501    7565.  108.1  0  20    2.65  0.728   44.4    16.90  16.81 -18.36   9.22   9.15   1.35   73.8   21.1   7.17
713915  213.260   10.259   16235.  231.9  0  20    2.69  0.446   66.0    17.38  16.96 -19.87   9.82   9.70   1.12   78.0   12.6  14.77
240176  213.273    8.632    7491.  107.0  0  -2    2.63  0.350   73.0    14.96  14.32 -20.83  10.20  10.39   1.64   82.0    6.3   9.90
713916  213.279    8.185   18129.  259.0  0  20    2.79  0.235   82.8    17.57  16.79 -20.27   9.98   9.88   0.77   93.6   44.7  10.50
713917  213.295   10.945    7822.  111.7  0  20    3.02  0.709   46.0    14.91  14.69 -20.55  10.09  10.55   2.41  215.2   -1.1   9.34
243997  213.311    6.368   10968.  156.7  0  20    3.93  0.956   17.4    15.95  15.93 -20.05   9.89   9.99   1.52   78.0   18.2  12.20
713918  213.311   10.031    9014.  128.8  0  20    2.67  0.903   26.0    16.30  16.26 -19.29   9.59   9.78   1.45   75.4   29.5   5.13
713919  213.324   10.840   16846.  240.7  0  20    2.99  0.571   56.9    15.47  15.11 -21.80  10.59  10.88   2.19  111.9    1.0  28.75
242108  213.329   11.296   17898.  255.7  0   5    3.25  0.221   84.5    16.32  15.39 -21.65  10.53  10.37   0.59   81.9   18.4  36.49
240181  213.333    8.850    7499.  107.1  0   0    2.64  0.909   25.2    13.40  13.33 -21.82  10.60  11.11   2.73  317.6   -1.1  24.54
713920  213.343   11.757   17625.  251.8  0  20    3.56  0.764   41.2    17.47  17.32 -19.68   9.74   9.77   1.18   85.2   35.0   9.50
242023  213.345    8.963    7400.  105.7  0   3    2.64  0.470   64.3    16.77  16.53 -18.59   9.31   9.22   1.07   76.0   32.3   5.77
244003  213.352    6.385   11026.  157.5  0  20    3.95  0.709   46.0    14.50  14.27 -21.72  10.56  11.03   2.32   22.8    0.0  18.68
715937  213.355    7.918   17777.  254.0  0  20    2.98  0.612   53.8    16.98  16.67 -20.35  10.01  10.52   2.33  238.5    0.1   6.94
713921  213.366    8.949    7485.  106.9  0  20    2.66  0.440   66.4    17.02  16.77 -18.38   9.22   9.23   1.14   74.7   36.5   6.86
713922  213.390   11.763   17737.  253.4  0  20    3.59  0.389   70.1    17.46  16.93 -20.09   9.91  10.09   1.41  112.8   74.4  10.27
244005  213.405    6.168   17260.  246.6  0   3    4.14  0.532   59.8    15.33  14.89 -22.07  10.70  10.75   1.23  117.4   12.1  25.61
713923  213.415   10.191    8154.  116.5  0  20    2.81  0.226   83.8    17.45  16.99 -18.34   9.21   9.36   1.70   64.2    5.1   9.92
249127  213.417    8.592   10976.  156.8  0   3    2.78  0.843   33.3    15.86  15.76 -20.22   9.96   9.98   1.31   76.4   19.3  14.79
715938  213.418    7.850   17715.  253.1  0  20    3.07  0.493   62.6    16.26  15.82 -21.19  10.35  10.79   2.27 1071.3    3.7  13.23
  9103  213.425    8.221    7620.  108.9  0   3    2.91  0.266   79.7    15.30  14.48 -20.70  10.15  10.17   1.66   72.2    2.7  15.67
713924  213.450   11.056   17837.  254.8  0  20    3.21  0.509   61.5    15.90  15.49 -21.54  10.49  10.67   1.58  102.6   38.5  18.60
713925  213.456   11.015   17786.  254.1  0  20    3.19  0.663   49.8    17.32  17.08 -19.95   9.85   9.84   0.99   77.4   18.0  15.67
713926  213.458   10.539    7719.  110.3  0  20    2.97  0.837   34.0    15.72  15.62 -19.59   9.71  10.16   2.23  108.1   -1.4  11.23
244008  213.467   11.870   16242.  232.0  0  20    3.72  0.665   49.7    14.78  14.46 -22.37  10.82  11.25   2.16  170.8    1.2  24.46
715940  213.475    7.608   13059.  186.6  0  20    3.24  0.499   62.2    16.96  16.61 -19.74   9.77   9.71   1.75   74.3   26.8  16.01
715942  213.481    7.732   17924.  256.1  0  20    3.18  0.783   39.4    16.92  16.77 -20.27   9.98  10.49   2.51  414.1   -1.8  11.89
713927  213.485    9.754    8772.  125.3  0  20    2.78  0.987    9.4    17.13  17.13 -18.36   9.22   9.59   1.77   77.8   20.0   6.22
244010  213.485   11.987   16442.  234.9  0  20    3.81  0.771   40.5    14.87  14.67 -22.18  10.75  11.27   3.35  467.5   -1.3  26.15
713928  213.486    8.096   17531.  250.4  0  20    3.02  0.233   83.0    17.58  16.83 -20.16   9.94   9.84   0.83   76.7   17.7  20.03
240190  213.500    9.769    8814.  125.9  0   1    2.80  0.693   47.4    17.42  17.31 -18.19   9.15   9.05   1.32   71.3   42.0  10.46
713929  213.502   11.742   16453.  235.0  0  20    3.66  0.860   31.4    17.41  17.33 -19.52   9.68   9.79   1.37   78.1   53.0  12.53
713930  213.511    8.053   17443.  249.2  0  20    3.06  0.462   64.8    17.02  16.55 -20.43  10.05  10.17   1.45    0.0  -10.0  11.79
249148  213.521    8.127    7594.  108.5  0   3    3.04  0.344   73.4    16.97  16.64 -18.54   9.29   9.33   1.15   71.6    6.2   9.91
730135  213.523   11.438    7924.  113.2  0  20    3.49  0.198   90.0    17.73  17.23 -18.04   9.09   8.84   0.65   72.9    8.7  10.89
713931  213.541    9.280   17842.  254.9  0  20    2.80  0.464   64.7    17.67  17.28 -19.75   9.77   9.55   0.88   87.2   82.9   9.24
713932  213.552   11.499    8859.  126.6  0  20    3.55  0.664   49.7    16.69  16.54 -18.97   9.46   9.51   1.27   70.0   10.8  11.85
713933  213.562    9.987    7529.  107.6  0  20    2.90  0.231   83.2    17.04  16.59 -18.57   9.30   9.21   0.90   72.9   33.2   7.47
240193  213.567   10.583    9852.  140.7  0   3    3.09  0.581   56.2    14.20  13.84 -21.90  10.63  11.04   2.18  119.6    4.3  19.98
713934  213.576   10.677    7506.  107.2  0  20    3.14  0.590   55.5    16.29  16.10 -19.05   9.49   9.52   1.23   74.6    9.9   7.51
  9111  213.587    7.516    7713.  110.2  0   1    3.38  0.706   46.3    13.62  13.39 -21.82  10.60  10.87   1.97  112.5   35.3  28.09
241082  213.597   10.579    8736.  124.8  0   6    3.11  0.193   90.0    16.31  15.58 -19.90   9.83   9.73   0.75   73.6   47.3  15.11
244013  213.600    6.103   17829.  254.7  0   5    4.32  0.837   34.0    15.84  15.73 -21.30  10.39  10.32   1.21   86.3   34.0  30.18
713935  213.600    8.038   17197.  245.7  0  20    3.14  0.726   44.6    16.06  15.86 -21.09  10.31  10.48   1.64   81.5    9.9  24.39
713936  213.613   10.741   17846.  254.9  0  20    3.20  0.567   57.2    16.18  15.83 -21.20  10.35  10.76   2.28   97.0    1.8  16.78
244015  213.627    6.166    6302.   90.0  0  20    4.29  0.835   34.2    15.82  15.75 -19.02   9.48   9.76   1.89  182.3   -1.6   7.57
713937  213.635   10.587    8910.  127.3  0  20    3.15  0.640   51.6    17.56  17.43 -18.10   9.11   9.22   1.24   85.9    6.5  12.90
713938  213.649   11.681   16340.  233.4  0  20    3.73  0.383   70.5    16.65  16.06 -20.78  10.19  10.07   1.21   77.7    8.2  18.94
713939  213.651   10.574    8653.  123.6  0  20    3.16  0.824   35.3    17.61  17.55 -17.91   9.04   9.53   2.23   75.1    9.6  13.15
713940  213.654   10.773    7690.  109.9  0  20    3.25  0.772   40.4    16.86  16.79 -18.42   9.24   9.65   1.73   74.4    7.3   9.29
715951  213.665    7.480   16010.  228.7  0  20    3.47  0.409   68.6    16.41  15.86 -20.93  10.25  10.42   1.68  267.2   -2.2   9.18
730136  213.667    8.069    7663.  109.5  0  20    3.19  0.531   59.9    17.54  17.34 -17.86   9.01   9.14   1.41   74.6   18.2   8.29
715952  213.696    7.976   17322.  247.5  0  20    3.26  0.203   88.0    17.52  16.67 -20.30   9.99  10.03   1.46   79.8   13.2  17.42
244018  213.705    6.430   17727.  253.2  0  20    4.16  0.169   90.0    17.39  16.35 -20.67  10.14  10.23   1.06   96.2   11.1  10.95
244019  213.712   11.841    7414.  105.9  0   3    3.88  0.524   60.4    17.64  17.44 -17.68   8.94   8.85   0.89   74.7   23.0   7.67
713941  213.737    8.596    7604.  108.6  0  20    3.09  0.613   53.7    16.50  16.34 -18.84   9.41   9.64   1.47   77.7   13.2   8.27
244022  213.768    6.224    7486.  106.9  0   3    4.35  0.796   38.2    15.90  15.80 -19.35   9.61   9.64   1.21   75.1   42.4  10.42
713942  213.782   11.084   16739.  239.1  0  20    3.50  0.782   39.5    15.53  15.38 -21.51  10.48  10.94   2.25  227.8   -1.6  15.84
713943  213.784   10.598    7456.  106.5  0  20    3.29  0.336   74.0    17.16  16.82 -18.32   9.20   9.52   1.48   77.1   -1.3   6.50
713944  213.790    8.098   17115.  244.5  0  20    3.29  0.742   43.2    16.23  16.05 -20.89  10.23  10.67   2.00   83.4    6.5  22.59
730137  213.790    9.377   18378.  262.5  0  20    3.05  0.569   57.1    16.15  15.80 -21.29  10.39  10.87   2.70  400.3   -0.6  15.20
249128  213.804    8.782    9066.  129.5  0   3    3.11  0.600   54.7    15.68  15.37 -20.20   9.95   9.97   1.75   73.1   16.8  17.14
249129  213.808    8.844   17685.  252.6  0   3    3.11  0.635   52.0    16.22  15.94 -21.07  10.30  10.28   1.26   89.4   28.2  18.03
713945  213.814   11.312   11334.  161.9  0   3    3.65  0.325   74.8    17.11  16.68 -19.36   9.62   9.38   0.72   73.9   25.2  14.74
715954  213.815    7.617    7707.  110.1  0   3    3.53  0.430   67.1    17.39  17.13 -18.08   9.10   8.96   0.79   73.2   36.5   6.33
240211  213.816   11.288   11242.  160.6  0   3    3.64  0.990    8.3    15.64  15.63 -20.40  10.03  10.09   1.61   71.9   28.6  23.30
713946  213.827   10.382   17669.  252.4  0  20    3.26  0.384   70.5    17.70  17.24 -19.77   9.78   8.69   1.39   77.5   23.5  11.50
713947  213.829   11.496    8807.  125.8  0  20    3.76  0.341   73.6    17.54  17.21 -18.29   9.19   9.07   1.03   72.2   40.1   7.82
241199  213.850    8.011    7719.  110.3  0   3    3.38  0.284   78.1    15.29  14.52 -20.70  10.15  10.05   1.41   77.0   12.6  18.52
713948  213.866   10.344   17708.  253.0  0  20    3.28  0.900   26.4    15.62  15.56 -21.46  10.46  10.75   1.78   88.6   13.5  22.47
244025  213.888   11.889   16266.  232.4  0  20    4.05  0.633   52.2    17.16  16.90 -19.93   9.85   9.60   0.72   78.7   78.3  11.81
713949  213.897    8.784   17423.  248.9  0  20    3.20  0.941   20.2    17.94  17.91 -19.07   9.50   9.40   1.05   91.6  136.0   5.53
713950  213.897   11.894   16350.  233.6  0  20    4.06  0.338   73.9    15.90  15.23 -21.61  10.52  10.79   1.51  137.2   16.0  22.44
244026  213.910   11.941   16349.  233.6  0   3    4.09  0.385   70.4    15.55  14.96 -21.88  10.62  10.22   0.59   91.4   50.7  17.57
713951  213.921    8.888    9080.  129.7  0  20    3.21  0.627   52.7    14.74  14.45 -21.11  10.32  10.75   2.43 1058.6    1.4  17.42
243889  213.926    7.782    7700.  110.0  0   3    3.55  0.772   40.4    16.70  16.62 -18.58   9.31   9.38   1.28   73.4   28.8   6.35
713952  213.939    9.603   17245.  246.4  0  20    3.21  0.397   69.5    17.25  16.69 -20.27   9.98  10.28   1.83   72.8    0.3  10.51
240215  213.941   10.439    7915.  113.1  0   2    3.38  0.485   63.2    14.21  13.76 -21.50  10.47  10.82   2.07  116.8    1.8  17.78
713953  213.946    8.910    8876.  126.8  0  20    3.23  0.630   52.4    14.33  14.05 -21.47  10.46  10.90   2.30  271.6    1.4   8.85
713954  213.948    9.776   17412.  248.7  0  20    3.23  0.508   61.5    16.70  16.28 -20.69  10.15  10.36   1.64  134.2    6.8  12.01
713955  213.958   10.254    7589.  108.4  0  20    3.34  0.872   30.0    16.80  16.76 -18.41   9.24   9.32   1.53   60.2    1.8  10.50
249130  213.960   10.961    5148.   73.5  0   3    3.60  0.611   53.9    16.86  16.71 -17.63   8.92   8.99   1.33   70.5   26.4   5.90
244028  213.964    8.718   17846.  254.9  0  20    3.28  0.536   59.5    15.61  15.20 -21.83  10.60  11.03   2.52   51.0    0.2  19.58
243887  213.978    7.764   13305.  190.1  0   3    3.60  0.617   53.4    17.05  16.81 -19.58   9.71   9.73   1.21   74.1    6.7  17.05
244029  213.992    6.656    7548.  107.8  0  20    4.22  0.623   53.0    15.22  14.93 -20.23   9.96  10.25   1.78  130.2   14.1   7.77
244030  213.994    8.842    8901.  127.2  0  20    3.29  0.882   28.7    17.00  16.96 -18.56   9.30   9.45   1.46   69.7   15.2  13.71
244031  214.005    6.396   14016.  200.2  0  20    4.40  0.350   73.0    17.55  17.13 -19.38   9.62   9.49   1.16   94.9    8.2  14.25
713956  214.011    9.111   17724.  253.2  0  20    3.28  0.532   59.8    16.53  16.14 -20.88  10.22  10.63   1.96  227.9   -0.7  12.35
243888  214.016    7.757   13359.  190.8  0  20    3.64  0.837   34.0    16.85  16.75 -19.65   9.73   9.91   1.35   77.4    6.0  15.40
713957  214.017    8.594   12334.  176.2  0  20    3.36  0.812   36.6    16.52  16.40 -19.83   9.80   9.86   1.25   80.7   27.2   9.17
713958  214.023   11.613   16490.  235.6  0  20    3.99  0.877   29.4    16.34  16.26 -20.60  10.11  10.34   2.06   79.4    7.6  16.99
713959  214.035   11.484    7801.  111.4  0  20    3.92  0.739   43.4    17.52  17.43 -17.81   8.99   9.37   2.07  118.6   -1.6   5.08
242253  214.037   10.596    8191.  117.0  0  20    3.52  0.540   59.2    15.13  14.75 -20.59  10.11  10.43   1.88  136.2   -1.5  11.50
713960  214.037   10.334    8120.  116.0  0  20    3.44  0.510   61.4    15.31  14.90 -20.42  10.04  10.39   2.08  131.7   -1.1   7.64
713961  214.045    8.044   17719.  253.1  0  20    3.55  0.717   45.4    14.85  14.59 -22.43  10.84  11.30   2.29  338.1    7.6  33.90
713962  214.059    9.553   17358.  248.0  0  20    3.32  0.703   46.5    17.50  17.31 -19.66   9.74   9.89   1.44   93.6   42.9   7.89
713963  214.066    8.145   17229.  246.1  0  20    3.53  0.668   49.4    17.26  17.02 -19.94   9.85  10.34   2.41  139.5   -1.3   8.81
242254  214.072   10.749    7218.  103.1  0  20    3.61  0.570   57.0    16.29  16.09 -18.97   9.46   9.87   2.08  107.6   -1.2   8.21
249131  214.075   10.895   10081.  144.0  0   3    3.67  0.444   66.1    17.53  17.28 -18.51   9.28   9.11   1.13   60.6    6.8  14.38
730138  214.076    8.476    7604.  108.6  0  20    3.44  0.937   20.9    17.76  17.74 -17.44   8.85   9.04   0.92   82.9    8.1  13.26
244034  214.081    7.229    8890.  127.0  0  20    3.95  0.336   74.0    17.27  16.93 -18.59   9.31   9.38   1.49   76.4   13.2  10.69
244035  214.081    7.258    8913.  127.3  0   3    3.94  0.449   65.8    17.76  17.51 -18.01   9.08   8.88   0.78   76.4   62.3   8.46
240222  214.083    8.293    7599.  108.6  0   5    3.50  0.613   53.7    13.49  13.14 -22.04  10.69  11.14   2.84  125.9    1.3  22.85
244036  214.092    6.310    6419.   91.7  0   3    4.52  0.891   27.6    16.90  16.86 -17.95   9.05   9.22   1.49   76.5   11.8   6.47
715955  214.094    7.890   17734.  253.3  0  20    3.65  0.821   35.6    16.54  16.42 -20.60  10.11  10.10   1.26   85.7   29.6  16.97
715956  214.095    7.925   17779.  254.0  0  20    3.64  0.810   36.8    17.74  17.64 -19.38   9.62   9.70   1.39   77.5   35.1   7.66
713964  214.097    9.273   11169.  159.6  0  20    3.35  0.385   70.4    15.79  15.20 -20.82  10.20  10.20   1.11   78.9   14.9  15.95
730139  214.108   10.798    7948.  113.5  0  20    3.66  0.569   57.1    17.08  16.91 -18.37   9.22   9.38   1.32   71.9   19.5  11.14
244037  214.116    6.163   17237.  246.2  0  20    4.64  0.468   64.4    16.92  16.46 -20.50  10.07  10.11   1.16   85.1   13.3  15.23
730140  214.118    8.047   18059.  258.0  0  20    3.61  0.821   35.6    16.88  16.76 -20.30   9.99  10.25   1.63   97.9   15.4  10.86
713965  214.127    9.229   17247.  246.4  0  20    3.38  0.626   52.7    14.88  14.51 -22.45  10.85  11.31   2.22  327.3   -1.9  28.36
242256  214.129   10.632    6926.   98.9  0  20    3.62  0.725   44.7    14.96  14.77 -20.21   9.96  10.39   2.19  167.6   -1.4   9.38
244038  214.137    6.589   17197.  245.7  0  20    4.37  0.589   55.6    16.06  15.74 -21.21  10.36  10.63   1.76  129.3    5.6  18.22
715957  214.138    7.903   17465.  249.5  0  20    3.69  0.531   59.9    16.23  15.84 -21.14  10.33  10.71   2.01   83.9    0.2  14.71
713966  214.139    9.262   17232.  246.2  0  20    3.39  0.440   66.4    16.50  15.99 -20.97  10.26  10.67   2.11  305.9   -1.1   9.45
713967  214.144    8.228   16685.  238.4  0  20    3.58  0.870   30.2    17.36  17.29 -19.60   9.71  10.19   2.56  145.0   -1.5  12.76
  9134  214.147    9.985   11416.  163.1  0   5    3.46  0.679   48.5    14.74  14.50 -21.56  10.50  10.66   1.81   73.5    3.5  34.68
242258  214.149   10.896    7576.  108.2  0  20    3.74  0.581   56.2    15.88  15.62 -19.55   9.69  10.04   2.07  187.1   -1.5  10.32
