# AGC     RA          Dec      Vhel  eV  RC3Type  (morphogical code; 20 = no entry)
715890  207.954590   7.442778 15932  56  20
715891  207.987915   6.230834 17161  51  20
713685  208.001663   8.881945 11291  25  20
713686  208.007492   9.814722 16751  24  20
713687  208.013336   8.472500 13545  23  20
715892  208.014160   7.620833  3915  67  20
713688  208.032089   9.804722 16884  33  20
713690  208.059174   8.923611  4837  27  20
232436  208.062912  11.501945 11824  23   3
238633  208.076248   6.919722  6760   0   5
715894  208.084167   7.302500 11222  27  20
231532  208.085007   7.799445  6922  66   3
715895  208.091675   6.706111 16177  43  20
715896  208.099167   6.794167 16187  50  20
715898  208.160416   6.133333 15988  24  20
713697  208.195404   8.597500  6918  27  20
238634  208.208328   7.256945  6574   0   4
715899  208.221664   7.818611 11374  53  20
715900  208.236252   7.798333 11547  49  20
715901  208.281677   7.663611 11550  31  20
232437  208.283325  11.304722 11225  54  20
713705  208.312500   8.414722 13501  49  20
715902  208.313751   7.759167 11400  47  20
713706  208.314178   9.222500 11343  55  20
715903  208.321259   6.480556 15348  46  20
715904  208.325836   6.597778 15426  46  20
713708  208.330841  10.121667 11506  45  20
713710  208.345825   8.580556 12803  27  20
715905  208.351669   6.465556 15453  60  20
715906  208.366669   7.909444 11225  52  20
230792  208.376663  11.343333 11304  43   5
713713  208.381241   9.241111 11380  27  20
238635  208.394989   6.283611  5672   0   3
232158  208.404572   8.352777  6942   0   6
715907  208.464584   6.495833 15536  56  20
232438  208.467072  11.247222 11111  28  20
713717  208.471252   9.802500  6765  24  20
238636  208.475418   9.504444  4872   0   3
715908  208.482910   6.617222 16190  22  20
730036  208.503326   9.186389 10843  22  20
715909  208.507919   7.690556 15969  29  20
230801  208.536667   9.412778  6855   0   6
238637  208.565414   7.967500  6958  27   3
730037  208.578323   8.418889  6861  46  20
238638  208.596252   8.932500 12659   0   6
715911  208.604584   6.137778 11038  29  20
233581  208.611252   8.393888  6952   0   3
730038  208.619583   6.791667 11543  24  20
715913  208.631668   7.474167 11490  32  20
730039  208.660828   6.496111 15486  30  20
238639  208.662079   8.341111  7163  10   3
238640  208.667084   9.252222  6788   0   3
232301  208.692917  11.024722 11672  33  20
715915  208.749588   7.356389 11418  24  20
713726  208.751251   9.350278 14741  23  20
230815  208.752930  11.360278  6932  63   2
730040  208.758743   9.068334 18131  24  20
230816  208.796661  10.021944 11494  31   0
730041  208.822510   6.592778 15467  26  20
715916  208.830002   7.060278 11267  26  20
730042  208.840408   6.417500 11721  26  20
715917  208.855423   7.707222 17772  48  20
238660  208.865417  10.160833 11311  30   0
231014  208.869583   6.596389  7198   0   0
232302  208.885834  10.450556 11438  25  20
715918  208.899582   5.884444 11776  25  20
715919  208.899994   6.593611 15415  49  20
238658  208.927094   8.801666 11481  23   3
230831  208.935822   8.189167  6778  10   4
730043  208.953751   7.116944  7180  23  20
730044  208.984573   9.590555 16713  44  20
730045  208.985001   8.045555 13193  24  20
238642  208.985840   5.926667  7294  55   3
231562  208.986252   8.193334  7063  44  20
713743  208.986252   9.173056 16660  29  20
238643  208.992920   8.993333  1220   0  10
715920  208.997498   7.976111  7022  58  20
238661  209.011658   5.910833 15957  17   3
238644  209.012497   8.845555  6791  26   3
238645  209.078339   8.235556  6881  27   3
233565  209.097504  10.101666  4909   0   3
232439  209.099579  11.393056  6660  27   3
232440  209.100830  11.341389  6634   2   3
232441  209.121246  11.165000 17739  49  20
730046  209.130829   8.353056  4001  27  20
730047  209.133759   8.786111 14216  48  20
233583  209.137909   8.609167  4050   0  10
  8861  209.144165  10.190833  4891   0   6
232303  209.144577  10.691389 11500  56  20
713750  209.152084   8.091111 16075  57  20
232304  209.157501  10.713889 11478  53  20
232305  209.157913  10.795834 11185  35   3
730048  209.173340   6.840278 15541  52  20
730049  209.183746   5.949444 16079  52  20
232442  209.202911  11.117778 11502  61  20
232443  209.224579  11.321111 11140  31  20
232306  209.226257  10.548611 11428  30   3
715921  209.226257   6.495555 16329  53  20
232444  209.232498  11.374444  6814  30  20
232445  209.238342  11.610833 11757  48  20
730050  209.249161   9.930278  7244  25  20
232446  209.255005  11.611389 11603  47  20
230861  209.255829  10.867500  6868  34   6
232307  209.256256  10.471389  6640   4  20
238650  209.257080   6.126111  -111   0  20
238673  209.257492  10.854445 11630   2  -2
730051  209.258331   7.113056  4739  28  20
730052  209.264587   7.945556 16497  45  20
  8868  209.304993  12.020555  6160  24   0
230866  209.307922  11.997500  6231  23   3
232308  209.322083  10.483889 17126  12  20
730053  209.324173   6.182222  4334   2  20
730054  209.326675   6.063611 16122  51  20
230865  209.329575  11.976111  6107  40   3
232447  209.331665  11.568889 11914  25   3
715922  209.336258   6.391944 16200  56  20
  8871  209.353333   5.948611 16045  64   3
230869  209.372513   9.950833  6893  28   1
  8874  209.373337   6.096944  4361  31   3
730055  209.378326   8.732223 16595  25  20
233919  209.407913  10.622222 16655  51  20
730056  209.434158   6.041945 16091  26  20
232008  209.440414   7.835556  4394   0   3
231575  209.448334   7.396111  7077  54   3
232448  209.454163  11.713056 16693  32  20
  8878  209.455841   9.872778  6833  10   3
231576  209.467499   7.413333  4679  16   3
232449  209.471664  11.101666 16661  24  20
713762  209.478333   8.735833 16566  48  20
713763  209.480408   8.544723 12531  27  20
238651  209.480408   6.524722  -115   0  20
231122  209.484177   7.433889  4373   0   3
  8881  209.494995   7.161389  7051  38   5
232450  209.494995  11.843611 11256  23  20
230872  209.495422  10.711945  6848  29   3
713764  209.501251  11.618333 11306  24  20
238646  209.508331   7.903056  6858   0   3
232121  209.536255  10.273334  6787  33   6
238653  209.536667   7.155833  7252  48  -2
715923  209.542084   6.491667  5028  27  20
232226  209.542496   9.794723  6950  67   3
  8886  209.553757   6.518055  5116  22  -2
233921  209.559174   8.273334  6213  16   3
  8885  209.562073   6.258333  4312  23  -2
238652  209.570831   7.146667  7317   0  20
730057  209.579590   7.392500  7334  23  20
238821  209.581253   6.256667  4340  45  -2
231119  209.583755   7.224444  7283  46   3
730058  209.586258   6.508889  4347  33  20
231581  209.591248   8.254444  6329  45  -6
  8890  209.592926   6.338611  4299  27   0
232635  209.595001   9.534166 16525  67   3
  8891  209.602921   6.070278  5216  15   4
233568  209.606247  10.339723  6775   3   3
232636  209.607498   9.060555 16674  67   3
730059  209.618347   7.680000 13346  25  20
713768  209.632080   8.809722 14124  24  20
233922  209.634583  10.788611 17521  12  20
713769  209.640411  11.797500 16765  50  20
232451  209.642502  11.621388 11528  31  20
730060  209.644165   6.573889  5209  55  20
713770  209.649994  11.775556 17077  51  20
730061  209.654160  10.038611  6988  28  20
  8896  209.660843   7.215833  4401  20   3
713771  209.663742  11.076389  6881  32  20
730062  209.669159   8.091111 16623  29  20
730063  209.673737   6.695000  5261  25  20
730064  209.680420   6.500834  5196  49  20
238647  209.684586   6.627778  7296   0   3
730065  209.710007   6.000834 16257  49  20
233923  209.722916   8.727500 14189  42  20
713776  209.737091  11.696111 11838  54  20
231120  209.740417   7.254167  7394  36   5
230892  209.744171   8.724167 12140  60  20
713777  209.762512  10.664722 12799  50  20
232637  209.791245   9.695000 16707  67  20
233569  209.794998  10.213056  6713   0   3
730066  209.799164   9.119722 16617  23  20
730067  209.809586   9.968056 16799  43  20
230898  209.834595  10.139167  6650  28   3
730068  209.836243   8.196667 14155  28  20
713782  209.850418  11.512222 17055  48  20
730069  209.932922   8.615278 18197  47  20
238625  209.937912   8.141111  4598   0   0
233570  209.950424  11.326111  5019  25   3
233924  209.952072  10.687222 11451  28   3
238649  209.960419   9.107223 16633   0   2
230912  209.979584  12.055278 11655  24   3
233598  209.981247   7.747222  4580  28   3
713784  209.982925  11.229445 16909  14  20
730070  209.985840   9.740833 11104  29  20
243884  210.000824   7.764444  4547   0   3
730071  210.007492   9.343056  5714  26  20
243858  210.013336   9.300555  6061   0  10
713785  210.016251  11.043889 12730  27  20
230914  210.018341  12.111389 11848  33   0
243859  210.020828   9.311666  6099   0  10
249086  210.021667   8.170000  7025   0   3
730072  210.037918   9.146111 16603  25  20
242402  210.045837   9.907222 16558  67   3
730073  210.055832   6.566945 16807  26  20
242403  210.057083   9.918056 16742  32   0
  8918  210.060410   8.966945  4100  10   3
230917  210.066666   9.288889  5830  15   3
243834  210.072495   9.936944 16738  47   3
730074  210.074997   7.888611 17130  53  20
243818  210.088333   9.958333  6848   0   3
730075  210.090836   6.535000 16880  24  20
713787  210.106247  12.146667 11815  48  20
730076  210.111664   9.911944 16440  30  20
230924  210.129166   8.899445  5312  32  -2
230925  210.129166   8.650278  4593   8   5
243904  210.130417  12.081111 11538  29   3
713788  210.133331  11.991111 11559  44  20
713789  210.135834  10.630834 11749  29  20
243905  210.136261  12.089444 11538   0  -6
242246  210.137085   8.994445  4159  20  10
730077  210.144165   6.601111 16911  35  20
249087  210.160828   7.215278 10954   0   4
249088  210.169586   8.893888  5369   0   3
231136  210.178329   9.166945 14119  31  20
730078  210.194580   8.455833 17886  34  20
243828  210.197083   9.560278  5075   0   6
730079  210.198761   7.251389 10838  21  20
243815  210.201248  10.632778 11706  67  20
231599  210.218338   6.486389  4331  15   3
249089  210.219162   7.840278  5252   0   3
249091  210.225830   7.421667  7117   0   4
713791  210.226257  11.215834 13012  23  20
249090  210.236252   9.864445  6265   0   3
730080  210.237488   6.558889 16866  46  20
249137  210.237915   8.559167  4702   0  20
248868  210.245834  12.110278  6939  34   3
730081  210.264587   6.756667 14193 212  20
242168  210.274170   9.105556  5433   0   6
730082  210.281662   8.183611 17388  25  20
730083  210.284592   6.556111 11408  57  20
231601  210.287094   8.583333  4864  26   1
  8928  210.289581   7.701944  6910  39   3
  8927  210.293762   7.481945  7113   0   4
230943  210.313339  10.488334 10235  66   5
242306  210.324585  11.174723 11223  25  20
230939  210.325409  10.118889  6858   6   4
730084  210.336670  12.053889  7209  36  20
  8934  210.340836  10.480556 10245  14   5
730085  210.341248   8.323611 18149  48  20
243816  210.345001   9.167500  6189  25  20
730086  210.357910   9.900000  6608  71  20
730087  210.363754   8.739445  5987   7  20
230946  210.371246   9.153611  4959  78   3
730088  210.397919   9.308888  6020  25  20
730089  210.403336   8.490833 18039  55  20
249092  210.417908   7.997500  5464   0  10
230953  210.433746   9.868333  6676  24   0
713792  210.434998  10.395278  5991  25  20
240043  210.435837   6.959722 13991  26  20
  8938  210.442078   9.490000  6256   5   3
242247  210.453323   9.223333  6110  38  20
230954  210.456665   9.653611  6432   0   5
713793  210.462494  11.748055 11594  25  20
230955  210.467499   8.785833  6071   6   3
230956  210.469574   9.630278  6733  33  -2
249093  210.476242  11.787222 11619  50   3
249359  210.478745   9.378889  4637  60   3
730090  210.479156   6.938056 13617  49  20
230959  210.485825   9.533055  5644  24  -2
713794  210.489990   9.348333  5823  26  20
231066  210.495834   9.952222 11140  27   3
  8940  210.496674   8.937222  5836 100  -5
249094  210.500000  10.830277  3937   3   3
231067  210.511658   9.963889 11201  84  -2
  8942  210.514587   9.929444  4279  12   3
230964  210.527924   9.059722  5803  78   5
230966  210.533340   9.566667  5673  67   3
243835  210.533752  11.117500  6036   0   7
243916  210.535828   6.340278 16266 244  20
230968  210.539581   9.547500  6651  23   5
  8944  210.547089   9.439722  6239   6   5
249095  210.554169   8.086945  5232   0  10
  8943  210.554581   8.036667  4879  21   1
231860  210.560837   9.782222  6760  21  -6
249357  210.563751   8.006111  5179  57  20
730091  210.565002   7.986111 16188  27  20
249096  210.573334   9.564722  6750   0   6
  8946  210.573334   7.683611  4593  36   3
713795  210.583755   9.091389  6002  35  20
730092  210.587082   7.074444 17465  25  20
249097  210.587906   7.890000  5503   0   3
730093  210.591660   9.970834  6947  29  20
243837  210.596252  11.514167  5795   0   6
231836  210.601242   9.499444  6122  35  -2
230970  210.607910  10.405556 10220  26   3
249098  210.607910   9.919167 16607   0   6
713797  210.613739  10.656944 11343  25  20
730094  210.619583   9.315556  5745  35  20
730095  210.621262   9.179722  5826  45  20
243841  210.624161  10.708055  4187  33   3
242103  210.627930  11.854445 11484  47   4
  8948  210.637085   9.079166  6014   4   3
240003  210.647919   9.119445  5860  32   4
713798  210.651260   9.334167  6103  45  20
730096  210.651672   9.941112  3679   2  20
730097  210.653748   9.860000  6853  49  20
243817  210.657501  10.517222 11230  68   3
730098  210.663330   8.009167 13114  22  20
241325  210.669998   9.279445  5640   0  10
240005  210.670837   9.346666  6241  19   3
730099  210.670837   8.249722  4960  63  20
  8950  210.676239   9.163889  5864  22   5
241923  210.681259   9.991389  5815  10   3
713799  210.695419  11.938056 11532  54  20
249350  210.697922   9.325556  6031  22   0
  8952  210.702499   9.341111  5750  28  -5
730100  210.704590   8.676666  5354   1  20
  8951  210.712082   8.779445  5872  23   5
240010  210.722488   8.891389  6035  50   4
240011  210.729156   9.349444  5750  22   1
  8956  210.732086   9.420278  5995  25  -2
713800  210.732925  11.823055  5340  29  20
241132  210.735001   6.778889  7269  29  20
249099  210.737503   7.092500  7042   0   6
249100  210.740829  10.620277 11302   0   6
713801  210.743332   9.626667  7058  26  20
241327  210.745834   9.471111  6688  31   6
243860  210.752502   9.049444  5676   0  10
249360  210.755844   9.379723  6723  30   3
243819  210.761658   8.767222  6774   0   6
231848  210.764587   8.801389 10930  65   6
240015  210.768326   8.947222  6886  29  -5
242169  210.776672   8.241389  5260   0   6
240016  210.779175   9.363055  5745 100   1
243861  210.782913   9.298889  5561   0   5
249358  210.795013   8.957222  7430  47  20
243842  210.800415  11.720000  5306  29   3
240019  210.802917   8.895278  5415  27   0
715690  210.803741   9.522778  5254  32   6
242248  210.807083   9.750834  7210  20   6
713802  210.813324   8.938889  7066  60  20
730101  210.813751   9.428889  4755  62  20
249101  210.823746  10.061111  4009   0   3
730102  210.825012   5.917222 13957  47  20
730103  210.827499   8.822500 18073  26  20
243820  210.827927   8.788611  7094   0   6
249102  210.828751   7.505278  6945   0   3
730104  210.838333   8.221389 17744  46  20
730105  210.842911   8.912500  6893  28  20
  8965  210.846664   9.447500  4639  10   5
249103  210.850845  11.154166  3983  31   3
243833  210.862091   9.287500  7093   0   3
  8967  210.862503   9.466945  5641   5   4
241328  210.867096   8.966945  5379   0   5
240025  210.879990   9.220834  6038  28   3
  8966  210.882492   6.770000  7374   2   5
249143  210.898743  10.882778  5411  28   3
730106  210.902496   8.445278 18042  52  20
713803  210.905823   8.785556 11532  25  20
242104  210.908752  11.573334  6002  25   6
  8973  210.910828  11.388056 11581  42   3
  8972  210.912918  11.377778 11377  63   3
713804  210.921661   9.533889  6755  58  20
  8971  210.921661   9.573055  6754  27   0
713805  210.936249  11.203889 11820  53  20
249164  210.937912   9.567223   -83   0  20
240029  210.947083   9.523334  7067  28  -2
240030  210.949585   9.610278  6941  27  -5
243862  210.965424   8.705833  5953   0   5
713806  210.967499   8.650833 16251  24  20
243920  210.991669   5.882222 16320  52  20
242249  210.995422   8.265555  6958  67  20
242250  210.996246   9.635555  6953  51  20
249105  210.997910   9.273334  5813  32   3
713807  210.998749  11.607223 17382  64  20
713808  211.000000  10.641945 11364  24  20
  8983  211.014587  12.004444  7233  49   5
730107  211.014587   6.787222 10820  32  20
713809  211.014999   9.796945 16760  63  20
713810  211.026657  11.202778  5207  28  20
  8979  211.032089   6.485833  7437   0   4
249106  211.042496   8.008333 10805  28   3
730108  211.050842   7.558055 15672  27  20
249144  211.053329  10.758611  5616  30   3
730109  211.053741   8.516945  4836  37  20
243897  211.062912   8.762777  5412  58   6
240037  211.067505  11.998611  7545  29   3
243922  211.067505   6.043056 16220  51  20
713811  211.083755   9.804167 16376  51  20
241370  211.086670  12.016111  7455  27  -2
730110  211.090836   9.654445  6029  39  20
242251  211.091660   9.508056  7297  67   5
  8989  211.095413  11.735278  6024  29   0
730111  211.103333   8.346389 18000  27  20
713812  211.109161  10.522500 10060  27  20
730112  211.122086   9.597222  7013  30  20
243843  211.136673  11.189722  5098   0   6
730113  211.139587   9.713611 10922  31  20
249107  211.147919   8.991667 11153   0   4
240050  211.156250  10.978056 18063  52   3
243844  211.158325  11.717500  5909   0   3
240051  211.158325  11.645833  4626  36   4
242316  211.169586  12.143888  5174  32   5
242404  211.187088   9.831944 16364  23  20
713813  211.189590   9.844722 16461  46  20
240054  211.194580   8.334723  6849  40   4
  8995  211.197083   8.800555  1234  15   4
243821  211.197906   9.756389  7136  29   5
713814  211.203751  11.698334  4669  29  20
713815  211.205841  11.912500  7046  44  20
713816  211.206253  11.395278  4142  54  20
730114  211.209167   5.983333 11284  25  20
240058  211.212921  11.403334  4159  25   1
  9000  211.213745  10.808333 11360  36   3
  9001  211.223328  10.801111 11419  36   5
243829  211.229172   9.694445  7365   0   6
249349  211.229584   8.920278  6934  34   3
243923  211.244995   6.308611 15960  29  20
  9004  211.245422  11.871111  7147  34  -2
713817  211.255829  10.545834  5322  98  20
  9008  211.257507  11.011389  5348  25   5
730115  211.265411   9.600833  7074  65  20
  9007  211.274994   9.338889  4619  10   6
243925  211.288330  10.424723  5328  17  20
713819  211.293335  11.771111  5236  31  20
243926  211.294174   8.082778  5919  77   3
730116  211.304169   9.117500 16390  29  20
243927  211.307495   7.286667 10769  52  20
713820  211.307495  11.878333  7236  43  20
240068  211.318741  10.431111  5407  26  -2
240067  211.324173   9.636945  6945  34   5
243827  211.334579  10.414722  1348  60   3
243826  211.334579  10.410833  5470 298   3
713821  211.348740   9.489722  7083  25  20
243928  211.351654   7.610556  5119  28  20
713822  211.372498  11.585278  4668  26  20
730117  211.380005   9.693611  6953  29  20
240078  211.390411  11.847500  7022   0   5
730118  211.392090   7.313889 10749  24  20
243929  211.392090   6.422500  9107  30   3
713823  211.394165   9.273334 16389  30  20
240077  211.400421   8.915000  7044  10   7
243845  211.402924  11.562778  6839  26   4
243930  211.404160   8.011389 14884  27   3
249363  211.410004  11.868611 18081  46   3
242321  211.426666  12.074166  4621  34   5
240082  211.428757   9.512222 16402 999   5
713824  211.436249   9.864722 16415  49  20
243931  211.444580   7.698056  4501  52  20
713825  211.444580   9.697500 11433  54  20
249159  211.449997   9.536389  7109  28   7
243932  211.467499   6.403611 16894  24  20
243933  211.480835   6.438056  7377  64   6
730119  211.481247   7.233611 10796  40  20
  9015  211.485001   9.026111  7001  10   3
249320  211.491669   6.139444    43   0  20
713827  211.492905   9.904722 16399  50  20
713828  211.498749   8.311944  7012  28  20
243823  211.513336  10.542500  9963  21   4
240088  211.527084  11.789166  4771  36   6
242252  211.539581   9.571667  7391  67   3
  9017  211.543747   9.353056  7178  29   3
713831  211.544998   8.209723 17842  27  20
243934  211.547089   7.861945 15737  25  20
241206  211.551666   9.361111  7378  29   3
713832  211.552505   9.453611  6968  25  20
730121  211.560410   6.878334 16529  25  20
243935  211.560837   6.194445  9167  25   3
713833  211.565430  11.192223  6865  48  20
243846  211.571655  11.785833  6705   0   3
243936  211.576660   6.468611 16458  47  20
713834  211.578323  11.783055 11709  21  20
242405  211.605011   9.153889 11441  67   3
242009  211.612091   9.358889  7212   0  10
730122  211.613739   7.701389 18188  23  20
243937  211.628754   6.053333 16294  25  20
  9020  211.632507   6.029167  1021  33   3
249108  211.657501   6.149445  7180   0   6
713835  211.658340   8.222500 17300  45  20
713836  211.664169  10.300834 12389  32  20
243824  211.673325   9.387222 11159  32   4
243847  211.690002  10.426111  6754   0  20
243863  211.694580  10.387777  6761   0   3
243938  211.705002   6.632222 16495  26  20
  9023  211.712921   9.320833  7208  10   5
713837  211.726257  11.144444  7472  25  20
713838  211.727081   8.277500 17608  62  20
240100  211.730423   8.229445 13790  60  20
713839  211.732925  10.414166 11324  49  20
730123  211.736664  10.345278 18039  49  20
243939  211.739166   6.225278  7379  26   3
241387  211.740829   8.236389 17545  60   3
249364  211.743332   8.239166 17517  59   3
240102  211.750824  10.462500  9700  32   4
240101  211.753342   6.237500  7410  60  20
713840  211.765427   8.213889 17605  48  20
  9027  211.766663  10.643056  6867   0   3
243940  211.767502   6.604445  7595  26   4
243941  211.768326   8.042222 17939  47  20
243852  211.768753  10.712500  1178 291   3
713841  211.773743   8.364722 17708  51  20
249109  211.776672   8.989445  5880   0   7
713842  211.800003   9.679722  7071  25  20
730124  211.801254   8.154722 18045  33  20
242243  211.802094  10.226944 17965  39  20
242244  211.808746  10.180000 12812  25  20
713843  211.810410   9.046945 17896  25  20
243942  211.814163   8.019722 17871  49  20
249110  211.821259   6.569722  9169   0   3
243943  211.840836   7.300000  7308  64  20
730125  211.841675   7.238889 18113  26  20
713844  211.854172  10.665000 17809  51  20
249111  211.860001   7.098889  7099   0   3
243848  211.861252  11.431389  7445   0   4
713845  211.866241   8.683611 17604  21  20
243944  211.868332   7.710556  6945   2  20
249354  211.871674   9.772500  6943  32   3
713846  211.872086   8.763611 11581  27  20
249361  211.884995  11.438611 18031  27   3
241389  211.889160   7.178056  7198  61   0
243866  211.892914   7.164444  7200   0   4
713847  211.908752  10.736944 17904 263  20
  9030  211.909164   9.674723  7070  54   4
713848  211.913330   9.118889  8259  29  20
713849  211.921249   9.809722 11218  51  20
249362  211.922485  10.722500 18062  45   1
243946  211.923752   8.145000 15782  52  20
241391  211.935837   7.215833  7281  55  -2
243825  211.954163   9.821667 11204  22   4
242406  211.969589   9.641111 16312  28  20
241392  211.980408   7.041389  7008  56   3
730127  211.981674  11.896944  7204  31  20
713850  211.982910   9.831111 17877  52  20
713851  211.986252   8.209723 17510  44  20
713852  211.990005   8.182500 17875  61  20
713853  211.993332  11.546389  7456  51  20
713854  212.003754   9.338333  7257  24  20
243949  212.007492   6.734722  9137  23   3
243950  212.008331   7.645555 10755  48  20
241136  212.016251   7.327500  7370 200   1
713855  212.017487   9.207222  7224  48  20
243951  212.022919   7.976111 17465  52  20
243952  212.037918   6.727500  9103  26   4
243953  212.038757   5.944722 16395  22  20
243954  212.040405   7.030833  6968   4   3
713856  212.045410   8.882778  7477  29  20
713857  212.053329   8.336945 17898  47  20
243955  212.064178   6.104445 16551  23   3
249112  212.084167  11.608334  4970  30  10
713858  212.109161  10.007778 12404  10  20
243956  212.115417   6.432222  7631  28   5
713859  212.118744   8.701389 16478  53  20
  9037  212.121246   7.057500  5940  15   5
730129  212.125839  10.511111 18031  28  20
243957  212.126251   6.135556  7347  26  20
713860  212.126251   8.038055 17629  62  20
  9038  212.128326   8.931389  7100  22  -2
  9041  212.137085  11.816112  5728  34   1
240121  212.140411   9.038055  7381  32   3
240123  212.140839   9.199722  7120  34   3
713861  212.142502   9.196389  7002  43  20
249113  212.145416   8.244722  7158   0   3
240125  212.147491  11.950833  5808  30   4
713862  212.160004   8.063611 17433  26  20
240126  212.189590   8.861944  7130  43   3
243958  212.193329   6.369444 16387  41  20
713863  212.194580  11.888333  6868  55  20
243857  212.205841  10.795834  4828  28   3
730130  212.219162  11.177778 18036  51  20
713864  212.227081   8.916111 17532  23  20
243849  212.227509  11.942223  5804   0   3
713865  212.227921   8.349722 15799  23  20
713866  212.247498  10.720555 11118  30  20
730131  212.254593  10.968889 18137  53  20
243959  212.257919   7.140000  5963  27  20
243960  212.276245   7.197500 17885  50  20
243961  212.285416   6.180278 10885  49  20
243963  212.324997   6.808611 10740  51  20
240131  212.341248   8.906667  7044  38   5
713867  212.344162  11.087222 16294  23  20
713868  212.356247   8.145278  7343  24  20
713869  212.372086  11.608055 11473  44  20
249114  212.384583   8.674167  7773  36   3
249115  212.401672  10.724444 11105  62   6
713870  212.410416   8.606944  7014  46  20
713871  212.411255   8.655000  7202  67  20
249116  212.411667   9.561111 11402  26   3
241408  212.432495   8.069167  7255  40   3
243850  212.433746  11.116111  6349  74   4
243964  212.439163   6.716944  5808  65   3
713872  212.439163   9.498333 11318  24  20
730132  212.439575   9.895000  7290  30  20
240135  212.445007  11.584723 11453  30   1
730133  212.447510  10.663333 17999  52  20
713873  212.447510   8.410277 16481  25  20
  9054  212.452499   9.858055  7233  29   3
240138  212.459167  10.961111 17900  56   3
713875  212.502930  10.926666 17785  53  20
243966  212.503342   7.568333 17913  24  20
240140  212.516663  10.165277  7629  32   1
715928  212.537918   7.601389 17758  26  20
240142  212.541245  11.934167  8388  39   3
249117  212.548752  11.515278  8238   0   5
713876  212.560410  11.472500  8238  25  20
243968  212.570007   7.196667  7675  46   3
243969  212.571671   6.146111 16655  50  20
249154  212.599167  11.831388 11537  24   4
730134  212.600830  10.475833  7552  37  20
713877  212.635010  11.451944 11540  22  20
249118  212.635010   8.594722  6838   0   7
243972  212.647919   6.414166 16873  27   3
713878  212.657913  10.151667  7278  27  20
240146  212.682083   8.996667  7053  30   2
713879  212.690002  10.664722 17732  45  20
713880  212.721664   8.067500 17552  46  20
  9072  212.738754   6.364722  5886  31   3
243975  212.740829   5.947778 13022  45  20
241207  212.740829   6.371666  5918  27   3
713881  212.743744  11.332778 11540  45  20
713882  212.752090  11.377500 11600  59  20
249119  212.763748  10.556389  4712   0   3
713883  212.791672  10.885278 17705  54  20
715929  212.791672   7.972778 17535  25  20
240153  212.805420  11.372778  7229  28   3
713884  212.809998   9.249444 17642  43  20
243978  212.810822   5.963056 16662  27  20
249120  212.817917   9.226944  7286   0   6
713885  212.823334  11.321111  8430  24  20
713886  212.830002   9.490556 17671  51  20
713887  212.830841  11.518056 11562  25  20
713888  212.856659  11.204445  6949  25  20
713889  212.859161  10.142500  9920  27  20
249121  212.877914   8.398056 10780  26   3
240155  212.890839   8.356667  7436  39   4
713890  212.893341   8.591111  7334  48  20
240157  212.900833   8.809722  6830  28   0
715930  212.918335   7.802222 17369  45  20
243891  212.935410   7.891111 16908  30   3
713891  212.943756  10.861111 17664  49  20
241924  212.964157   8.500556  7491   0   5
249122  212.966660   9.752500  7652  31   4
713892  212.971680  11.209167  8373  51  20
713893  212.989578  10.808333  7460  28  20
713894  212.998337   9.763611  7766  31  20
713895  213.000000  11.686389 17767  22  20
713896  213.006256  11.847777  8223  28  20
713897  213.006256  12.008889 17773  22  20
240161  213.010834  10.375278  9781  87   5
715931  213.011673   7.499166 15944  26  20
713898  213.028748   8.470555  7501  72  20
713899  213.035416  10.498055  9776  26  20
242106  213.040421   6.527222 10791  61   6
713900  213.047501  11.368333 17541  28  20
713901  213.050842  11.574445 16127  46  20
  9084  213.052917   8.661667  7231  50   3
713902  213.053757  10.986944 16096  25  20
243986  213.055832  11.988334 16023  48  20
713903  213.074585  10.747500 17607  53  20
243987  213.074585   6.046389 16950  55  20
243988  213.077499   5.985000 13720  25  20
243989  213.080002  12.020278 11287  46  20
713904  213.080414  10.763889 17402  29  20
241198  213.087494   8.508333  6973  49   1
249123  213.094589   8.426389  7248   0   2
713905  213.119995   8.335556 12001  23  20
713906  213.121658   9.876945 15971  28  20
240167  213.124161   8.647778  7225  29   0
  9089  213.124161  11.240000  8504  29   3
243991  213.125000   6.189167 17047  45  20
713907  213.132919   8.561944  6678  68  20
249124  213.138321   6.451389 17032   0   3
715933  213.146667   7.979445 17419  50  20
715934  213.149170   7.879722 17193  26  20
715935  213.151657   7.827500 17050  49  20
249125  213.151657   9.739445  7644   0   6
243993  213.156250   5.911667 17127  46  20
  9093  213.158340  12.019722 11365  10   5
713908  213.170410   8.652500  7355  46  20
713909  213.176254   8.156389 17796  26  20
713910  213.182083   8.371111  8594  28  20
715936  213.184998   7.377222 17278  50  20
249126  213.188751   9.552222  7266  25   3
713911  213.190002  11.556945 17004  46  20
713912  213.209579   9.621667 16727  23  20
713913  213.218338  10.597500  9786  21  20
240174  213.243759   9.921111  7075  36   0
713914  213.250427   8.501389  7305  26  20
713915  213.259583  10.259167 15975  29  20
240176  213.272079   8.631945  7231  31  -2
713916  213.279160   8.184722 17869  26  20
240179  213.284576   8.618889  7393  17   3
713917  213.295410  10.945000  7562  48  20
713918  213.311249  10.030556  8754  31  20
243997  213.311249   6.368333 10708  25  20
713919  213.324158  10.840000 16586  48  20
242108  213.327911  11.295834 17638  24   5
240181  213.332504   8.850278  7239  28   0
713920  213.343338  11.756667 17365  25  20
242023  213.344574   8.962778  7140  25   3
244003  213.351654   6.384722 10766  54  20
715937  213.355423   7.917500 17517  55  20
240183  213.363327   8.980833  7200   8   4
713921  213.365417   8.949445  7225  23  20
713922  213.390411  11.762777 17477  22  20
244005  213.405426   6.168334 17000  55   3
  9102  213.411255   7.658611  7343  30   3
241210  213.413742   7.656389  7384  51   3
713923  213.415009  10.191112  7894  70  20
249127  213.416245   8.591945 10716  23   3
715938  213.418335   7.849722 17455  53  20
  9103  213.425003   8.221111  7360  20   3
241967  213.439987   8.218333  7383  20   3
241262  213.443329   8.220555  7040  20   3
713924  213.449997  11.055555 17577  30  20
713925  213.455826  11.014722 17526  27  20
713926  213.457916  10.539166  7459  44  20
244008  213.467499  11.870277 15982  53  20
243890  213.469574   7.825278  7966   0   4
715940  213.475006   7.607778 12799  24  20
715942  213.480835   7.732222 17664  46  20
713927  213.484589   9.753889  8512  27  20
244010  213.485001  11.986944 16182  51  20
713928  213.485413   8.096389 17271  26  20
240190  213.501251   9.768611  8554  24   1
713929  213.502075  11.741944 16193  24  20
713930  213.510422   8.053056 17183  57  20
249148  213.520416   8.127222  7334  57   3
730135  213.522919  11.438056  7664  35  20
713931  213.540833   9.280278 17582  23  20
713932  213.552094  11.499166  8599  30  20
713933  213.562088   9.986944  7269  24  20
240193  213.567078  10.582778  9592  53   3
713934  213.575836  10.677500  7246  56  20
  9111  213.587082   7.515833  7453   6   1
241082  213.596664  10.579445  8476  22   6
244013  213.599579   6.103055 17569  24   5
713935  213.600418   8.038333 16937  51  20
713936  213.613327  10.741111 17586  45  20
244015  213.627090   6.165555  6042  46  20
713937  213.635422  10.586667  8650  66  20
713938  213.648743  11.681111 16080  49  20
713939  213.650833  10.574445  8393  75  20
713940  213.653748  10.772778  7430  63  20
715951  213.665421   7.479722 15750  42  20
730136  213.667084   8.069167  7403  32  20
243830  213.681244  10.074722  1218   0   6
715952  213.696259   7.976111 17062  25  20
244018  213.705002   6.429722 17467  58  20
244019  213.712082  11.840834  7154  32   3
713941  213.737076   8.595834  7344  28  20
244022  213.767914   6.223611  7226  27   3
713942  213.782501  11.083889 16479  51  20
713943  213.784164  10.597777  7196  45  20
713944  213.789581   8.098056 16855  55  20
730137  213.790405   9.377222 18118  46  20
249128  213.804169   8.781944  8806  29   3
249129  213.808334   8.843611 17425  24   3
713945  213.813324  11.311944 11074  22   3
715954  213.815002   7.616667  7447  22   3
240211  213.815826  11.287500 10982  38   3
713946  213.827087  10.381945 17409  26  20
713947  213.828751  11.495556  8547  25  20
241199  213.850006   8.011111  7459  21   3
713948  213.866241  10.343611 17448  62  20
244025  213.888336  11.888889 16006  12  20
713949  213.897079   8.783889 17163  11  20
713950  213.897507  11.893888 16090  30  20
244026  213.910004  11.940833 16089  25   3
713951  213.921249   8.888333  8820  52  20
243889  213.925842   7.782500  7440  23   3
713952  213.939178   9.603056 16985  45  20
240215  213.941238  10.438889  7655  57   2
713953  213.945831   8.910000  8616  61  20
713954  213.948334   9.775556 17152  51  20
713955  213.957916  10.253889  7329  52  20
249130  213.959991  10.961389  4888  30   3
244028  213.963745   8.718333 17586  52  20
243887  213.978333   7.764444 13045  51   3
244029  213.991669   6.656111  7288  32  20
244030  213.993744   8.841666  8641  29  20
244031  214.004593   6.396389 13756  28  20
713956  214.011261   9.111111 17464  49  20
243888  214.016251   7.757222 13099  57  20
713957  214.016663   8.593611 12074  29  20
713958  214.023331  11.613334 16230  49  20
713959  214.035004  11.484167  7541  50  20
242253  214.036667  10.595555  7931  29  20
713960  214.036667  10.334444  7860  51  20
713961  214.044998   8.043889 17459  67  20
713962  214.058746   9.553333 17098  26  20
713963  214.065414   8.145278 16969  45  20
242254  214.072495  10.748889  6958  49  20
249131  214.075409  10.894722  9821   0   3
730138  214.075821   8.476111  7344 546  20
244035  214.081253   7.258333  8653  28   3
244034  214.081253   7.228889  8630  28  20
240222  214.082916   8.293333  7339  27   5
244036  214.091660   6.309722  6159  33   3
715955  214.094162   7.889722 17474  25  20
715956  214.095001   7.925278 17519  23  20
713964  214.097504   9.272778 10909  26  20
730139  214.108322  10.797778  7688  32  20
244037  214.116257   6.163055 16977  29  20
730140  214.118332   8.047222 17799  73  20
242255  214.121246  10.886666  7060  27  -2
713965  214.127075   9.228889 16987  58  20
242256  214.128754  10.632500  6666  21  20
242257  214.136246  10.846945  7555  30  20
244038  214.137497   6.589167 16937  50  20
715957  214.137497   7.902778 17205  46  20
713966  214.139175   9.262500 16972  53  20
713967  214.143753   8.227777 16425  45  20
  9134  214.147079   9.985000 11156   9   5
242258  214.148758  10.895555  7316  29  20
