# AGC ra dec z zerr petroR90_r petroR50_r expAB_r petroMag_u petroMag_g petroMag_r petroMag_i petroMag_z lnLExp_r lnLDeV_r isoA_r isoPhi_r sigma sigmaErr ew ewErr chisq nu zWarning objID sepagc
# sepagc is separation between AGC position and DR7 position in arcsec
238632 207.95208740  7.68804455 0.022606 0.8424E-04  10.55   4.88 0.350 18.513449 17.588768 17.178139 17.108774 17.474535 -.473264E+02 -.408812E+03    38.69   53.05     1.592391     0.024414    47.39144135    0.67328900   45.42203903     6     0 587736525907034357    3.17
232436 208.06277466 11.50184441 0.039484 0.7675E-04   8.04   2.76 0.365 18.443369 17.339298 17.039473 16.859684 16.861328 -.482580E+03 -.120381E+03    28.74  148.84     1.663724     0.014648    46.78335571    0.56655997   35.13311386     6 65536 588017703479410761    0.60
238633 208.07608032  6.91979504 0.022715 0.1217E-03  10.20   5.52 0.547 19.782179 17.977100 17.598461 17.796194 17.562469 -.657649E+02 -.276580E+03    30.59   22.88     1.596099     0.073242    14.71295547    0.56513399    8.26022434     6  4096 588017725484237130    0.65
231532 208.08493042  7.79947424 0.023107 0.8900E-04   9.79   4.21 0.786 16.308296 15.204999 14.689106 14.428826 14.251778 -.249028E+04 -.128262E+05    41.96  155.15     1.872947     0.014648    19.81956673    0.21902400   61.63658905     7     0 588017726557978704    0.29
238634 208.20851135  7.25671434 0.000000 0.0000E+00  14.70   7.20 0.880 18.498325 17.138096 16.945097 16.800804 17.128527 -.442637E+02 -.141599E+03    32.60  147.92     0.000000     0.000000     0.00000000    0.00000000    0.00000000     0    -9 587736525370294579    0.00
230792 208.37715149 11.34372807 0.037738 0.1688E-03  14.62   6.54 0.459 17.384708 15.810919 15.210108 14.890964 14.795425 -.200257E+04 -.668946E+04    62.27   38.64     1.448097     0.302734     0.61459798    0.11118700   42.69930267    14     0 588017703479541773    2.23
238635 208.39500427  6.28353500 0.019259 0.2445E-03  13.12   6.62 0.950 18.221907 16.815533 16.431078 16.332794 16.256796 -.544471E+02 -.748780E+03    36.02  165.93     2.851887     0.169888    12.54689503    0.47455800  624.54040527    15     0 587736524296683789    0.28
232158 208.40534973  8.35327244 0.023682 0.2731E-02  11.34   6.45 0.650 18.490761 17.523462 17.040066 17.346525 17.342327 -.252654E+01 -.335830E+02    30.01   85.45     3.490624     0.504504     7.34906483    0.89749599  121.27496338    18  4112 587736541478453439    3.30
238636 208.47555542  9.50460720 0.000000 0.0000E+00   8.19   4.12 0.723 19.160261 18.806608 18.964993 19.053112 19.461134 -.298047E+01 -.115868E+02    17.65  155.05     0.000000     0.000000     0.00000000    0.00000000    0.00000000     0    -9 588017991765262773    0.00
230801 208.53656006  9.41273785 0.023101 0.1979E-03  20.36   9.92 0.810 17.267582 15.801128 15.359387 15.218554 15.333606 -.462451E+03 -.284134E+04    59.71   97.09     1.637769     0.043945    11.86541939    0.27983600   99.23169708    14     0 588017991765262510    0.41
238637 208.56539917  7.96747160 0.023227 0.8852E-04  10.48   4.46 0.301 17.894068 17.260717 16.871584 16.744967 16.685324 -.456298E+02 -.952459E+03    37.66  152.76     1.585198     0.024414    22.53027153    0.37077001   37.46596527     7     0 587736526444167304    0.12
238638 208.59614563  8.93238735 0.000000 0.0000E+00   6.81   2.87 0.574 20.653084 19.460409 19.038626 18.429493 18.582901 -.135639E+00 -.363182E+01    14.10  145.98     0.000000     0.000000     0.00000000    0.00000000    0.00000000     0    -9 587736542015390109    0.00
233581 208.61122131  8.39386559 0.023206 0.1199E-03  15.14   5.97 0.286 17.781866 16.476597 15.572651 15.290345 15.113115 -.120144E+04 -.445618E+04    56.60  161.46     1.676929     0.024414    15.67875290    0.21212199   44.75153732     7     0 587736541478519037    0.14
238639 208.66226196  8.34115887 0.023909 0.3686E-04   5.87   2.38 0.358 17.788212 16.912371 16.769981 16.697924 16.585112 -.330345E+03 -.747205E+03    24.97  102.84     1.603534     0.004883   225.95277405    1.75240099   45.78854370     6    16 587736541478584332    0.67
238640 208.66740417  9.25239658 0.000000 0.0000E+00  10.90   4.79 0.514 19.205915 17.964970 17.598560 17.535835 17.523849 -.161528E+01 -.914610E+02    26.77  160.12     0.000000     0.000000     0.00000000    0.00000000    0.00000000     0    -9 587736542552260976    0.00
231014 208.86975098  6.59644604 0.024082 0.8981E-04   9.38   2.97 0.661 16.114195 15.055079 14.650290 14.460969 14.341561 -.159730E+05 -.133804E+04    52.71   25.53     1.881240     0.004883    67.30965424    0.51435798   57.94434357     6     0 588017724947759115    0.63
230831 208.93632507  8.18928909 0.022636 0.8113E-04  15.34   6.62 0.566 16.272785 15.224900 14.935325 14.760030 14.883066 -.293651E+04 -.479059E+04    61.35  151.27     1.682000     0.004883    50.35040665    0.43438199   88.24138641     6    32 588017990154846296    1.85
238642 208.98576355  5.92659998 0.024414 0.1916E-03  19.06   6.77 0.285 17.278391 15.911888 15.138810 14.743350 14.464279 -.474816E+04 -.180496E+04    96.88   91.93     2.011523     0.043945     5.80425501    0.12844400   11.40856647     6     0 587736523760074920    0.36
238643 208.99320984  8.99429703 0.000000 0.0000E+00   1.99   1.04 0.168 23.189604 24.868042 22.135382 21.635082 20.386917 -.239493E-07 -.253217E-06     4.52   58.99     0.000000     0.000000     0.00000000    0.00000000    0.00000000     0    -9 588017991228588256    0.00
238644 209.01283264  8.84593487 0.022675 0.8745E-04  11.13   5.69 0.495 18.223412 17.120796 16.788069 16.859484 17.409285 -.956962E+02 -.583603E+03    37.35   42.01     1.550257     0.024414    22.04458809    0.41057301   48.13008118     6     0 587736542015586455    1.81
238645 209.07852173  8.23571205 0.022999 0.9229E-04  10.05   3.71 0.236 18.153812 17.086370 16.678885 16.463409 16.295769 -.151311E+03 -.877261E+03    47.63  160.43     1.668867     0.014648    30.80952072    0.36653501  125.43131256     6     0 588017990154911937    0.86
233565 209.09756470 10.10381603 0.016532 0.1116E-03  11.55   5.84 0.500 18.218185 17.028185 16.937866 16.686121 16.826809 -.563639E+02 -.290417E+03    34.84  157.01     1.631089     0.034180    34.60085297    0.66368800   20.79626083     7 65536 587736543626199063    7.74
232440 209.10069275 11.34131908 0.022026 0.8174E-04   5.66   2.18 0.575 18.410624 17.337460 16.897163 16.720186 16.582548 -.519505E+03 -.360225E+03    21.06  170.71     1.619138     0.014648    75.53280640    0.78294897   14.41540146     6 65568 588017703479804034    0.55
233583 209.13781738  8.60922813 0.013500 0.3117E-03  15.69   7.46 0.741 18.601603 17.328421 17.023109 16.861830 17.085546 -.410347E+02 -.303122E+03    33.86   15.62     1.608635     0.249023     4.04254723    0.53930598   22.26287460    17  4624 588017990691782903    0.39
  8861 209.14401245 10.19120979 0.016309 0.9732E-04  19.58   9.95 0.423 17.919708 15.948339 15.607350 15.624581 16.231676 -.174268E+03 -.497771E+03 -9999.00 -999.00     1.589111     0.034180    13.58287811    0.26957101   28.37726402     6     0 587736543626199210    1.4 6
232305 209.15774536 10.79570961 0.037300 0.1110E-03  10.74   4.67 0.264 18.922459 17.631027 17.210871 16.965000 17.104544 -.318768E+02 -.427828E+03    41.44  108.51     1.526402     0.073242    10.42290878    0.43068299    5.90059423     6     0 587736477050667189    0.74
232306 209.22625732 10.54856110 0.038140 0.9843E-04   6.81   2.56 0.313 19.099474 18.039204 17.694424 17.502131 17.295542 -.101880E+02 -.203112E+03    25.24   14.09     1.638981     0.053711    12.12846947    0.34777001   13.73193073     8     0 588017702406193272    0.18
230861 209.25575256 10.86735725 0.000000 0.0000E+00  19.24   8.97 0.422 17.242819 15.549537 15.079643 14.852095 14.892117 -.583977E+03 -.450220E+04    82.85   80.35     0.000000     0.000000     0.00000000    0.00000000    0.00000000     0    -9 588017702943064277    0.00
230866 209.30786133 11.99750137 0.020621 0.1816E-03  14.93   5.00 0.481 16.362713 14.801204 14.097090 13.719408 13.445731 -.259466E+05 -.521923E+04    77.18  166.92     2.676548     0.049663     7.10717678    0.13125600   22.62246895    18     0 587736478661279833    0.21
230865 209.32984924 11.97600269 0.020402 0.1433E-03  15.24   6.78 0.973 16.506517 15.275962 14.890440 14.675385 14.638543 -.313075E+03 -.104065E+05    48.14  118.96     1.521207     0.073242     3.05750394    0.14070401   32.84335709     6     0 587736478661279939    1.04
232447 209.33171082 11.56896496 0.039804 0.8229E-04  10.62   4.50 0.271 18.107571 17.232634 16.904076 16.701328 16.526775 -.143525E+03 -.100152E+04    42.07  138.60     1.667648     0.043945    18.05318069    0.39046499    5.28367186     6     0 587736478124474529    0.32
  8871 209.35363770  5.94917345 0.053557 0.1704E-03  16.45   7.17 0.592 17.050354 15.572395 14.982053 14.651495 14.478987 -.218166E+04 -.969141E+04    70.02  117.22     2.279140     0.083008     6.04094791    0.17813800    1.72677004     6     0 587736523760206056    2.30
  8874 209.37345886  6.09699535 0.014577 0.1021E-03  30.48  16.08 0.768 14.998888 13.298947 12.672054 12.459450 12.301178 -.510401E+05 -.346769E+05   114.91   57.63     2.403991     0.014648    45.11455154    0.34404099  249.29644775    33     0 588017724411084892    0.47
231575 209.44845581  7.39627504 0.023581 0.1629E-03  20.40   9.90 0.772 16.518080 14.419007 13.761477 13.468512 13.372297 -.341089E+05 -.180892E+05    78.77  177.15     2.620524     0.189374     2.02151799    0.08564300  129.70602417    33     0 588017726021697646    0.73
  8878 209.45596313  9.87337780 0.022755 0.9148E-04  22.89   9.40 0.609 15.817925 14.270071 13.606012 13.258108 13.084935 -.288801E+05 -.173276E+05    81.99  160.67     2.071634     0.014649    25.54358292    0.23273700   83.98281097    19     0 588017992302526501    2.20
231576 209.46759033  7.41350460 0.015611 0.9194E-04  12.28   4.81 0.334 17.355919 15.906782 15.164870 14.813228 14.625302 -.761777E+03 -.714708E+04    62.56   48.86     1.703825     0.014648    30.15243530    0.31199101   41.20553589     7     0 588017726021697687    0.70
231122 209.48423767  7.43358040 0.014712 0.9871E-04  20.01  10.00 0.843 17.123745 15.670398 15.103683 15.097992 15.597279 -.292041E+04 -.641002E+04    61.47  155.13     1.586051     0.024414    18.79905891    0.27876401   27.21877098     7     0 588017726021697715    1.13
  8881 209.49488831  7.16172981 0.023472 0.1201E-03  23.25   9.70 0.191 16.919670 15.296844 14.724477 14.379774 14.329500 -.161179E+04 -.668158E+04   117.24  161.21     1.643817     0.024414     9.43377018    0.15079500   36.58004379     7     0 587736525370884222    1.29
230872 209.49624634 10.71202850 0.022806 0.7851E-04  12.28   6.16 0.602 16.834949 15.713577 15.305760 15.076159 14.933517 -.170534E+04 -.691907E+04    46.15   83.14     1.608001     0.014648    23.95055580    0.32057700   14.48201466     6     0 587736477050798261    2.93
238646 209.50866699  7.90295696 0.023216 0.2345E-03  13.33   6.26 0.268 18.265223 16.844854 16.387848 16.193617 16.237095 -.485731E+02 -.937904E+03    60.38   77.96     1.491330     0.048828     9.51463699    0.28731599   32.68894577     7     0 587736526444626083    1.25
232563 209.51458740 12.15076542 0.000000 0.0000E+00   9.57   3.71 0.221 17.953743 17.178709 16.721842 16.234209 16.421026 -.164726E+04 -.102087E+04    41.02   82.75     0.000000     0.000000     0.00000000    0.00000000    0.00000000     0    -9 588017704553742360    0.00
232226 209.54232788  9.79490566 0.000000 0.0000E+00   7.84   2.99 0.311 17.848818 16.561853 15.936940 15.622207 15.361473 -.110091E+04 -.303410E+04    38.73   42.57     0.000000     0.000000     0.00000000    0.00000000    0.00000000     0    -9 588017992302592111    0.00
  8886 209.55357361  6.51818323 0.017048 0.1780E-03  15.66   5.49 0.769 15.583540 13.768255 12.947471 12.528046 12.247646 -.442738E+05 -.985966E+04   154.44   61.73     2.486830     0.175781     1.17321897    0.07086300   20.23310089    22     0 588017724948021351    0.80
233921 209.55972290  8.27358055 0.000000 0.0000E+00  15.22   6.94 0.356 17.507296 16.122408 15.672724 15.340006 14.962642 -.961600E+03 -.170486E+04    51.47   59.13     0.000000     0.000000     0.00000000    0.00000000    0.00000000     0    -9 587736541478977544    0.00
231119 209.58396912  7.22508764 0.024730 0.2007E-03  20.72  10.94 0.532 16.579403 14.930415 14.331347 14.011253 14.086032 -.924379E+04 -.137539E+05    76.69  177.20     2.624785     6.310764     0.00000000    0.00000000   17.90417862    47     0 587736525370884319    2.44
  8890 209.59306335  6.33909559 0.000000 0.0000E+00  20.25   7.39 0.631 15.930853 14.213545 13.437474 13.024493 12.827909 -.235014E+05 -.193348E+05   102.12   46.06     0.000000     0.000000     0.00000000    0.00000000    0.00000000     0    -9 587736524297207832    0.00
232635 209.59513855  9.53429699 0.055368 0.1578E-03   8.48   3.99 0.865 17.976580 16.641405 16.134081 15.819879 15.666446 -.656319E+03 -.288701E+04    27.61  175.50     1.871642     0.048828     8.34584904    0.19718200   35.31833649     7     0 587736543089524928    0.68
  8891 209.60325623  6.07125950 0.017450 0.1140E-03  32.11  13.66 0.152 16.202097 14.544513 13.850441 13.487702 13.256685 -.367442E+04 -.164285E+05   169.37   21.13     2.126058     0.034180    11.68757153    0.17662400   20.30980873     7     0 588017724411215908    3.73
233568 209.60612488 10.33983040 0.022444 0.6666E-04  13.35   6.42 0.599 18.397987 17.005798 16.531590 16.421070 16.405655 -.946467E+02 -.101513E+04    45.00   74.91     1.704749     0.073242    12.51052284    0.46351799    4.88757801     6     0 587736476513993036    0.58
232636 209.60765076  9.06044579 0.055511 0.1553E-03   9.84   5.10 0.790 17.319109 16.059958 15.488412 15.166475 15.034277 -.236511E+04 -.613335E+04    37.78  163.90     2.076362     0.043945     9.76097202    0.17669800   18.75471497     7     0 588017991228850270    0.67
  8896 209.66090393  7.21650600 0.014687 0.1146E-03  26.59  10.15 0.157 16.230434 14.950820 14.380401 14.093820 13.940226 -.134685E+04 -.878467E+04   133.83   70.11     1.618525     0.014648    17.31250954    0.21052600   74.52552032     7     0 587736525370949664    2.43
238647 209.68441772  6.62769938 0.024467 0.1880E-03   5.29   3.02 0.371 19.004942 17.821789 17.287048 17.040632 16.969196 -.498526E+03 -.609838E+03    57.81   46.76     1.645352     0.063477     6.70500803    0.22707900   14.49615765     6     0 587736524834078854    0.66
231120 209.74111938  7.25403261 0.024642 0.7659E-04  17.13   7.56 0.302 16.968369 15.795041 15.624654 15.559403 15.911363 -.744662E+03 -.382262E+04    70.97  135.08     1.557980     0.014648    48.61304092    0.46361101  212.94606018     6     0 588017726021828738    2.55
233569 209.79492188 10.21284485 0.022353 0.1222E-03  10.09   4.64 0.582 19.731640 18.042519 17.625277 17.600899 18.049953 -.159802E+01 -.143103E+03    26.44   10.65     1.575931     0.068359    13.01259041    0.48655400    8.34872913     6     0 588017992839528812    0.81
230898 209.83460999 10.13932419 0.022150 0.8007E-04  13.44   5.99 0.914 15.976336 14.745037 14.241928 13.983738 13.876143 -.721853E+04 -.130262E+05    54.31   74.80     1.738635     0.014648    14.37353897    0.16638300   73.08371735     7     0 587736543626526740    0.57
238625 209.93786621  8.14116764 0.015399 0.1060E-03  11.12   3.93 0.341 17.407642 16.112961 15.467205 15.150288 14.930242 -.180789E+04 -.206148E+04    51.25  156.32     1.586184     0.009766    34.56145477    0.31086501  150.97619629     6     0 588017990155305008    0.01
233570 209.95053101 11.32602501 0.016803 0.8580E-04  12.43   5.51 0.594 17.315367 16.407988 16.073271 15.899588 16.054155 -.502268E+03 -.189434E+04    42.99  144.16     1.701333     0.024414    32.61560440    0.48110899   26.41987801     6     0 588017703480197321    0.49
233924 209.95201111 10.68717861 0.038330 0.1008E-03   7.23   2.75 0.481 17.544888 16.190130 15.542297 15.165752 14.892719 -.138900E+04 -.289540E+04    35.41  133.06     2.325011     0.014648    45.76353455    0.42742601  249.02818298     6     0 587736477050994783    0.27
238649 209.96038818  9.10730076 0.055564 0.8666E-04  11.61   4.62 0.226 18.933708 17.201546 16.867655 16.532864 16.493183 -.100509E+03 -.552486E+03    53.10   26.78     1.767889     0.043945    12.18812180    0.29471499   29.30048180     7     0 587736542552850591    0.30
230912 209.97952271 12.05534935 0.038879 0.7919E-04   8.91   4.03 0.689 17.062658 15.964815 15.606477 15.366582 15.365060 -.579704E+03 -.569990E+04    33.68   64.70     1.819193     0.034180    22.98676491    0.41434199    8.29058647     7     0 588017704553939173    0.34
243884 209.99938965  7.76396751 0.015131 0.1130E-02  13.94   7.33 0.470 18.782362 17.884668 17.303560 17.433903 16.947073 -.491390E+03 -.138242E+03    31.73  174.05     7.525573     5.691949     3.20507312    1.19132400   86.52614594    17    16 588017726558830607    5.40
230914 210.01850891 12.11150742 0.039588 0.1862E-03  20.93   7.88 0.460 16.539059 14.763991 13.989220 13.586456 13.356993 -.219270E+05 -.769341E+04   107.39  114.86     6.589813     1.525181    -1.37513602    0.28563601   14.27146053    21     0 588017704553939028    0.73
243859 210.02085876  9.31148624 0.000000 0.0000E+00   7.82   3.98 0.710 19.929062 19.260384 18.923817 21.912266 29.152201 -.229513E+01 -.216285E+02    18.91  144.96     0.000000     0.000000     0.00000000    0.00000000    0.00000000     0    -9 588017991765918162    0.00
249086 210.02171326  8.17022800 0.023411 0.8565E-04   6.88   3.41 0.303 18.528444 17.674923 17.356716 17.235191 17.075066 -.100997E+03 -.598040E+03    27.45    6.05     1.536625     0.014648    45.64216232    0.56838799   44.62110901     7     0 588017990155305201    0.84
242402 210.04550171  9.90742493 0.000000 0.0000E+00   9.35   4.67 0.590 17.675383 16.322250 15.758001 15.468818 15.461084 -.340161E+04 -.463802E+04    32.00   98.80     0.000000     0.000000     0.00000000    0.00000000    0.00000000     0    -9 588017992302788788    0.00
  8918 210.06040955  8.96705246 0.013637 0.1090E-03  22.32   9.10 0.279 16.674572 14.863090 14.206682 13.776352 13.579172 -.492247E+04 -.740932E+04    90.70   31.49     1.684824     0.024414    10.02757454    0.17116600  164.39126587     6     0 588017991229046981    0.39
230917 210.06726074  9.28927898 0.019317 0.1074E-03  13.91   6.34 0.252 17.236767 15.845086 15.206277 14.853183 14.611916 -.974740E+03 -.780534E+04    63.84   56.66     1.590348     0.024414    11.73089123    0.18202899   40.75399780     6     0 588017991765917815    2.54
243818 210.08837891  9.95836163 0.022907 0.7268E-04  11.45   5.34 0.268 17.663086 16.791704 16.486225 16.330999 16.560400 -.808243E+02 -.732901E+03    41.94   73.89     1.592300     0.014648    37.77783966    0.44477600   53.29410553     6 65536 587736543626592360    0.19
230925 210.12939453  8.64981461 0.000000 0.0000E+00  18.33   7.22 0.158 17.192163 16.206755 15.915133 15.738004 15.817709 -.992493E+03 -.260903E+04    50.18  161.30     0.000000     0.000000     0.00000000    0.00000000    0.00000000     0    -9 587736542016045176    0.00
243904 210.13029480 12.08107567 0.038730 0.1057E-03   6.11   1.93 0.565 18.611153 17.292688 16.709520 16.377281 16.140545 -.339566E+04 -.224458E+04    35.07   43.81     2.529705     0.024704    38.83404160    0.42668399  203.28945923    32     0 588017704554004512    0.45
242246 210.13711548  8.99492455 0.014035 0.2826E-03  12.67   6.11 0.483 18.855959 18.115026 17.646683 17.558069 17.116405 -.365192E+01 -.603974E+02    30.66   29.13     1.681712     0.156250     9.28371716    0.68523997   16.21131516     7     0 588017991229112676    1.73
249087 210.16102600  7.21519184 0.036564 0.8571E-04  12.60   5.89 0.874 17.651579 16.232155 15.846457 15.689073 15.585898 -.982667E+03 -.187572E+04    36.34  145.62     1.637983     0.024414    16.17758369    0.23405300   46.70887375     7     0 587736525371146336    0.77
249088 210.16958618  8.89386368 0.017768 0.2251E-03   9.47   3.95 0.220 18.420393 17.680403 17.365017 17.100569 17.126312 -.356746E+01 -.340989E+03    37.83   49.72     1.713807     0.063477     9.12282944    0.32189000  158.01831055    17     0 588017991229112501    0.09
243828 210.19665527  9.56034946 0.016729 0.2809E-03  13.93   6.15 0.686 18.373304 17.690994 17.381868 17.301081 17.355658 -.695975E+00 -.632111E+02    28.79  117.72     1.773848     0.161133     7.69785500    0.57880801    4.87693501     6  4096 587736543089787300    1.54
231599 210.21867371  6.48636818 0.014524 0.9433E-04  17.47   6.09 0.454 16.674051 15.673240 15.297699 15.098768 15.085467 -.185479E+04 -.414731E+04    78.91  156.54     1.677099     0.014648    26.43727303    0.28445399  144.40109253     6     0 588017724948349080    1.20
249089 210.22018433  7.84004736 0.017567 0.9957E-04  12.76   5.17 0.437 17.670904 16.359026 16.036932 15.781856 15.862301 -.365169E+03 -.251889E+04    51.82  108.00     1.562711     0.014648    27.35569000    0.34223500   99.50984955     7     0 588017726558896349    3.74
249091 210.22587585  7.42217064 0.023813 0.9573E-04  13.18   5.53 0.136 18.550871 16.996038 16.596649 16.373631 16.469591 -.144372E+03 -.145738E+04    59.33  152.47     1.494208     0.034180    13.18096924    0.26194799   14.31384754     6     0 587736525908082889    1.82
249090 210.23623657  9.86445236 0.021023 0.9844E-04   7.05   3.71 0.855 17.881952 16.917042 16.564993 16.382133 16.204643 -.218367E+03 -.188610E+04    23.26   15.72     1.590479     0.034180    12.75038815    0.27177101   17.85909462     6     0 588017992302854319    0.06
248868 210.24592590 12.11042690 0.023169 0.1131E-03   5.93   2.67 0.728 18.571545 17.673029 17.315449 17.148563 17.108110 -.333642E+02 -.383070E+03    20.50  156.54     1.705115     0.034180    17.70972443    0.38281599    7.63615990     7     0 588017704554004702    0.63
242168 210.27490234  9.10717583 0.018248 0.9872E-04  15.67   7.03 0.431 19.043936 17.792130 17.687263 17.838427 20.123743 -.750743E+02 -.134065E+03    30.13  153.30     1.637399     0.024414    70.78249359    1.13116300   45.96492004     7     0 587736542552981569    6.39
231601 210.28718567  8.58368874 0.016100 0.1829E-03   9.04   2.80 0.371 16.738689 14.987141 14.151973 13.727233 13.422192 -.156053E+05 -.206540E+04    65.41   46.15     5.174404     1.667532    -0.71543401    0.26778701   17.11205673    20     0 588017990692306978    1.32
  8928 210.28945923  7.70227575 0.023066 0.8856E-04  20.64  10.40 0.925 15.791041 14.486676 14.140459 13.951108 14.006186 -.399737E+04 -.142989E+05    73.97  141.47     1.627232     0.014648    19.98420525    0.23263600  107.31382751     7     0 588017726558961797    1.27
  8927 210.29371643  7.48213005 0.000000 0.0000E+00  23.76  10.71 0.361 17.952320 15.379131 14.812549 14.522886 14.712573 -.247517E+04 -.675431E+04   102.86  170.70     0.000000     0.000000     0.00000000    0.00000000    0.00000000     0    -9 587736525908082793    0.00
230939 210.32540894 10.11881638 0.022822 0.9516E-04  16.00   7.15 0.750 16.598034 15.250498 14.696407 14.425982 14.297164 -.436334E+04 -.105040E+05    63.35   15.97     1.883312     0.014648    24.03623199    0.25224799   17.45799255     6     0 588017992839790659    0.26
  8934 210.34086609 10.48093319 0.034245 0.1702E-03  18.93   9.13 0.505 16.828468 15.369168 14.842225 14.610663 14.573472 -.952015E+03 -.614754E+04    64.90   66.37     1.706060     0.087891     3.62782311    0.17168200   10.32677841     6     0 588017702406652124    1.36
230946 210.37184143  9.15371513 0.016500 0.1025E-03   7.35   3.22 0.450 17.460373 16.337183 15.828859 15.582169 15.427041 -.285596E+03 -.536774E+04    32.79   70.48     1.552673     0.014648    16.98001671    0.21149200   72.94087219     7     0 587736542553047150    2.15
249092 210.41783142  7.99799824 0.018095 0.1271E-03  11.75   4.68 0.415 19.136768 17.741774 17.243872 16.980810 16.997318 -.205930E+02 -.278445E+03    40.25   30.85     1.559360     0.073242     7.70369911    0.31591299  107.58313751    16     0 588017990155501793    1.81
  8938 210.44200134  9.49028015 0.020807 0.1596E-03  30.18   9.35 0.483 16.571215 14.236857 13.449081 13.195614 13.307564 -.522272E+05 -.121981E+05   136.91   40.80     2.474634     0.522461     0.33602399    0.06815400   21.29047966    17     0 587736543089917989    1.05
230954 210.45690918  9.65378761 0.021449 0.8061E-04  13.41   5.74 0.245 17.955780 16.933985 16.678381 16.551889 16.761280 -.333787E+02 -.429299E+03    54.30  116.84     1.554471     0.024414    20.25511551    0.34535399   34.20845795     6     0 587736543089918126    1.07
230955 210.46771240  8.78592682 0.020329 0.1635E-03  16.19   7.01 0.848 15.372700 14.283989 13.892983 13.711738 13.675317 -.437661E+04 -.205860E+05    60.64    3.61     2.097826     1.206054    -2.11341691    0.78613800    1.67412698     8     0 587736542016176238    0.83
249093 210.47615051 11.78749943 0.038821 0.1683E-03  10.67   4.34 0.362 17.471165 16.182981 15.592165 15.236343 14.992897 -.751399E+03 -.335085E+04    49.28  169.05     1.958230     0.043945     7.49788904    0.17540200   20.88484573     7     0 587736478661804165    1.05
  8940 210.49688721  8.93769264 0.019725 0.1849E-03  22.59   7.24 0.627 15.927996 13.967578 13.150693 12.743046 12.493935 -.415253E+05 -.513343E+04   138.54  134.32    36.399544    35.786362     1.64988601    0.20286800   56.12414169    58     0 588017991229243562    1.86
249094 210.50051880 10.83060074 0.013125 0.7377E-05   8.57   3.74 0.469 17.205023 16.037334 15.510722 15.243327 15.118017 -.601536E+03 -.596534E+04    30.72  104.90     1.652306     0.004883    77.53641510    0.72267997  167.51986694     6     0 588017702943588384    2.17
231067 210.51165771  9.96422291 0.037420 0.1615E-03  10.72   3.13 0.521 17.560257 16.292578 15.726864 15.402435 15.221041 -.497304E+04 -.477422E+03    47.08  110.76     2.367818     0.068359     4.43479109    0.11654300   16.48942184     6     0 587736543626789072    1.20
  8942 210.51467896  9.92932224 0.014235 0.1067E-03  16.91   6.08 0.592 14.754736 13.704232 13.326945 13.157901 13.090501 -.113055E+05 -.195938E+05    83.56  153.32     1.742571     0.004883    51.00394058    0.57393199   86.95471954     7     0 587736543626788902    0.55
230964 210.52803040  9.05995655 0.000000 0.0000E+00  17.58   7.97 0.890 17.299057 15.993419 15.487232 15.242122 15.343053 -.103368E+04 -.214744E+04    51.43  110.30     0.000000     0.000000     0.00000000    0.00000000    0.00000000     0    -9 587736542553112615    0.00
230966 210.53330994  9.56690788 0.018896 0.1728E-04  11.43   5.46 0.479 17.342117 16.143557 15.695817 15.492083 15.447870 -.349434E+03 -.271092E+04    46.08   21.17     1.700567     0.014648    33.36102676    0.34129199   23.78052521     6     0 587736543089918174    0.88
243835 210.53381348 11.11739540 0.000000 0.0000E+00   5.48   3.69 0.688 21.419014 20.579723 19.418196 20.017641 18.953358 -.398679E+01 -.298043E+02    28.37   80.78     0.000000     0.000000     0.00000000    0.00000000    0.00000000     0    -9 588017703480459770    0.00
  8944 210.54714966  9.44010925 0.020812 0.8974E-04  23.63  10.78 0.697 15.348188 13.821149 13.209811 12.885128 12.743212 -.176774E+05 -.212775E+05   110.28   98.75     2.608289     0.028019    13.70243454    0.14467201   69.27986145    14     0 588017991766114369    1.41
249095 210.55332947  8.08562565 0.000000 0.0000E+00   5.77   1.98 0.565 22.297319 20.561272 20.460094 20.169262 19.927973 -.315341E+00 -.489092E+00     5.19   90.29     0.000000     0.000000     0.00000000    0.00000000    0.00000000     0    -9 588017990155567162    0.00
  8943 210.55432129  8.03709888 0.016266 0.1921E-03  27.75   9.03 0.577 15.374070 13.296031 12.442225 12.006274 11.762810 -.531429E+05 -.105237E+05   133.60  117.11     6.577079     1.297431    -0.52668798    0.18145500   10.06241608    20     0 588017990155567180    1.81
249096 210.57313538  9.56483459 0.000000 0.0000E+00  10.34   4.72 0.605 19.174522 18.643610 18.247421 18.551163 18.449369 -.418681E+01 -.308778E+02    19.28   14.25     0.000000     0.000000     0.00000000    0.00000000    0.00000000     0    -9 587736543089983837    0.00
  8946 210.57328796  7.68416262 0.015278 0.1017E-03  25.95  10.17 0.469 15.986560 14.017234 13.323972 12.974777 12.820076 -.488252E+05 -.155748E+05   102.58   42.35     2.536584     0.014863    40.29151535    0.31478399  484.51287842    17     0 588017726559092746    1.99
249097 210.58799744  7.88998079 0.018371 0.1033E-03  15.50   6.39 0.250 17.664080 16.710032 16.346590 16.236914 16.420809 -.958606E+02 -.142808E+04    58.42  165.58     1.678628     0.024414    27.03661919    0.40312001   22.81018257     6     0 587736526445084868    0.33
243837 210.59645081 11.51438141 0.000000 0.0000E+00  10.98   4.68 0.637 19.005255 18.252628 17.858656 17.995821 18.173937 -.412120E+02 -.999007E+02    23.80   87.58     0.000000     0.000000     0.00000000    0.00000000    0.00000000     0    -9 587736478124998762    0.00
249098 210.60798645  9.91927528 0.000000 0.0000E+00  10.81   4.21 0.388 18.307486 17.585159 17.112110 16.806366 16.830355 -.219031E+03 -.164137E+03    32.66  147.28     0.000000     0.000000     0.00000000    0.00000000    0.00000000     0    -9 587736543626854562    0.00
230970 210.60816956 10.40563583 0.034011 0.8631E-04  20.42   7.27 0.373 16.824066 15.127556 14.286409 13.867531 13.640421 -.163752E+05 -.624499E+04    99.31  163.07     3.553794     0.045116    15.31066418    0.20492899  283.13803101    32     0 588017702406783209    0.96
243841 210.62425232 10.70810127 0.013915 0.1239E-03   5.12   2.28 0.647 17.314917 16.549965 16.381607 16.321745 16.317188 -.192470E+03 -.181526E+04    19.70  138.73     1.673706     0.014648    42.48640060    0.48223099   32.93650818     7 65568 588017702943653911    0.36
  8948 210.63720703  9.07972240 0.020124 0.1777E-03  22.53   9.14 0.395 16.197437 14.566710 14.035480 13.769034 13.908068 -.318961E+04 -.117282E+05    96.58   35.80     1.816983     0.034180     6.26573896    0.12062700   18.27846336     6     0 587736542553112829    2.05
240003 210.64793396  9.11921215 0.019244 0.1811E-03  19.87   6.69 0.226 17.850157 16.583887 15.858352 15.560764 15.998009 -.139387E+04 -.797640E+03    59.96   87.18     1.729827     0.117188     2.37069201    0.12487600   17.00635529     7     0 587736542553112855    0.84
243817 210.65771484 10.51706314 0.037546 0.1129E-03  11.96   4.97 0.240 17.980272 16.555944 16.021360 15.678339 15.428845 -.462455E+03 -.371246E+04    62.33  137.08     1.673235     0.058594     8.07367992    0.24860699   12.93070698     7     0 587736477051322578    0.95
241325 210.66964722  9.27923679 0.018905 0.7908E-04  10.57   5.23 0.369 18.391855 17.646399 17.366478 17.301470 17.508314 -.348386E+02 -.217622E+03    32.51   20.81     1.553602     0.014648    90.75312805    0.98195398   67.47269440     6 65536 588017991766180190    1.45
  8950 210.67584229  9.16413975 0.019611 0.1055E-03  21.21   8.06 0.136 17.842525 16.442932 16.081348 15.933941 16.413260 -.311436E+03 -.888168E+03    97.08   70.37     1.773983     0.014648    43.00587463    0.50516498   17.15059853     6     0 587736542553178234    1.67
241923 210.68150330  9.99150848 0.019418 0.1002E-03  14.33   6.17 0.870 18.477097 17.581036 17.278448 17.291220 18.701731 -.797896E+03 -.152557E+03    31.39    9.75     1.605834     0.024414    21.71935463    0.37744799   36.75786972    17     0 587736543626854615    0.97
  8951 210.71212769  8.77981853 0.019584 0.2145E-03  22.01   9.33 0.237 17.074059 15.803299 15.328758 15.120128 15.135439 -.357181E+03 -.361109E+04    92.38  120.93     1.790571     0.043945    10.09668636    0.23370899   46.82884979     6     0 587736542016307449    1.36
  8956 210.73208618  9.42067909 0.000000 0.0000E+00  24.14   8.62 0.787 15.916673 13.801009 12.971044 12.537066 12.332607 -.419299E+05 -.299744E+04 -9999.00 -999.00     0.000000     0.000000     0.00000000    0.00000000    0.00000000     0    -9 588017991766245381    0.00
249099 210.73748779  7.09241819 0.000000 0.0000E+00   8.95   4.55 0.562 19.995916 18.773651 18.488235 18.259693 18.163134 -.165120E+02 -.279827E+02    19.72  153.64     0.000000     0.000000     0.00000000    0.00000000    0.00000000     0    -9 587736525371409074    0.00
249100 210.74069214 10.62029839 0.000000 0.0000E+00   1.03   0.60 0.891 23.185522 21.541409 23.016403 23.008410 21.205591 -.158910E-01 -.158910E-01     2.16   14.69     0.000000     0.000000     0.00000000    0.00000000    0.00000000     0    -9 587736477051322663    0.00
241327 210.74591064  9.47124958 0.022386 0.1062E-03  13.05   6.14 0.386 17.824524 16.838833 16.424749 16.356499 16.658197 -.109930E+03 -.944272E+03    53.39  126.43     1.695045     0.053711    11.89399624    0.30798599   26.12678146     6     0 587736543090049223    0.57
243860 210.75274658  9.04952335 0.019506 0.2275E-02  11.07   5.64 0.706 19.072964 17.931288 17.761477 17.884743 17.289642 -.134613E+01 -.688313E+02    26.36  125.53     4.714595     1.827827     4.78960323    1.14417195   47.74514771     6  4624 587736542553178754    0.91
243819 210.76155090  8.76745701 0.000000 0.0000E+00  15.77   7.98 0.845 18.261572 16.346031 15.964873 15.944644 16.936079 -.557419E+03 -.135428E+04    42.70  114.97     0.000000     0.000000     0.00000000    0.00000000    0.00000000     0    -9 587736542016307290    0.00
242169 210.77684021  8.24182606 0.017518 0.6308E-05  14.04   6.39 0.682 18.994701 16.971355 16.807657 16.806984 17.915895 -.162855E+02 -.406323E+03    34.91    3.31     1.547462     0.024414    42.46918106    0.68533701   14.81098938     7     0 587736541479502029    1.68
243861 210.78291321  9.29892540 0.018559 0.8862E-04   8.07   3.38 0.223 19.253714 18.136694 17.756472 17.690853 17.674994 -.165785E+02 -.171300E+03    29.02   58.81     1.590565     0.014648    45.12071609    0.58072102  139.59448242     6 65536 588017991766245561    0.13
243842 210.80029297 11.71988869 0.017726 0.9571E-04   6.11   2.68 0.825 16.443552 15.485395 15.078730 14.878163 14.701252 -.177326E+04 -.767774E+04    31.55    6.65     1.835529     0.024414    11.78409481    0.17465401   29.84428024     6     0 587736478661935196    0.59
240019 210.80329895  8.89559746 0.018138 0.1421E-03  18.83   5.82 0.563 16.343395 14.601317 13.817413 13.425430 13.186965 -.396501E+05 -.574772E+04    89.64  160.30    10.326219     2.198355    -1.54137194    0.19954699   14.18746471    28     0 588017991229374543    1.78
242248 210.80767822  9.75106144 0.024115 0.8835E-04  17.93   8.69 0.771 18.995951 17.159029 16.570557 16.672043 17.928822 -.155178E+03 -.333119E+03    40.16   10.08     1.677317     0.014648    68.29954529    0.74176502   82.96568298     6     0 588017992303116358    2.27
249101 210.82397461 10.06121254 0.013383 0.8916E-05   5.31   1.89 0.465 17.642370 16.731747 16.365446 16.202532 16.113964 -.968626E+03 -.854794E+03    30.81   51.40     1.804704     0.004883    75.74426270    0.56231803  116.95332336     6 65568 587736543626919990    0.89
243820 210.82821655  8.78825951 0.000000 0.0000E+00   5.58   2.58 0.374 20.060965 19.026627 18.543148 18.407520 17.637541 -.416495E+02 -.138648E+03    16.90  163.30     0.000000     0.000000     0.00000000    0.00000000    0.00000000     0    -9 587736542016372907    0.00
249102 210.82885742  7.50534725 0.023214 0.8197E-04  11.61   4.80 0.204 17.682123 16.624218 16.339643 16.186075 16.021929 -.224238E+03 -.153365E+04    52.66  170.96     1.589354     0.014648    41.04652023    0.42303899  100.10841370     7     0 587736525908345022    0.46
  8965 210.84643555  9.44808674 0.015489 0.1446E-03  27.75  14.67 0.950 16.268925 14.103220 13.505059 13.347490 13.473063 -.551605E+04 -.178840E+05    88.41  166.44     1.468765     0.122070     1.26426995    0.08558400   18.60942268    17     0 587736543090114810    2.26
249103 210.85070801 11.15408039 0.013291 0.1056E-03   5.55   2.26 0.536 17.469152 16.593782 16.262877 16.141296 16.052105 -.375333E+03 -.248580E+04    23.80    0.36     1.579080     0.004883    70.02535248    0.72616798   32.98352814     6 65568 588017703480590422    0.58
  8967 210.86294556  9.46728325 0.018797 0.1012E-03  26.14   9.29 0.225 16.559547 14.905394 14.309309 13.876809 13.740685 -.428033E+04 -.760392E+04   134.00   71.95     1.850653     0.024414     8.02706146    0.11590300  120.37378693     8     0 587736543090114811    1.99
241328 210.86752319  8.96702099 0.018040 0.1220E-03  13.39   6.29 0.236 17.838568 16.705519 16.322783 16.075537 16.021233 -.152264E+03 -.117380E+04    54.72   55.07     1.419767     0.083008     4.02799606    0.21061800   23.61098099     6     0 588017991229440112    1.54
  8966 210.88249207  6.77007294 0.024653 0.1565E-03  21.65  11.40 0.519 17.401058 15.460084 14.987043 14.774906 15.073815 -.222859E+04 -.612251E+04    85.62   20.54     1.567438     0.053711     5.25557280    0.16501001   10.92948437     6     0 588017725485482087    0.26
249143 210.89877319 10.88263607 0.018037 0.9499E-04  11.73   4.81 0.503 17.485611 16.606121 16.247026 16.067442 16.024487 -.691989E+02 -.234784E+04    40.17  144.93     1.536480     0.024414    33.06373215    0.51240098   20.90999603     6 65536 587736477588258985    0.52
242104 210.90899658 11.57348347 0.020054 0.7865E-04  13.23   5.56 0.167 17.909836 16.776575 16.387135 16.159081 16.397997 -.426643E+02 -.132892E+04    61.74   35.20     1.653117     0.024414    25.37112236    0.41239601   39.69246674     6     0 588017704017461469    1.02
  8973 210.91041565 11.38877487 0.000000 0.0000E+00  19.51   9.05 0.522 17.250362 15.112528 14.556682 14.230203 14.393690 -.297912E+04 -.122340E+05    85.99  134.35     0.000000     0.000000     0.00000000    0.00000000    0.00000000     0    -9 587736478125129868    0.00
243862 210.96530151  8.70583916 0.019728 0.2293E-03  13.63   6.86 0.950 17.712448 16.749428 16.257627 16.093966 16.111008 -.188616E+02 -.639955E+03    35.03  109.76     1.549379     0.136719     3.48479605    0.26387301   34.58514404    15     0 587736542016438558    0.43
249105 210.99810791  9.27324772 0.019451 0.1076E-03   7.41   3.04 0.294 18.451038 17.439016 16.991627 16.814552 16.651718 -.530408E+02 -.881801E+03    30.28  151.78     1.771112     0.024414    17.63607025    0.26473701   26.93123817     6     0 588017991766311150    0.77
  8983 211.01507568 12.00466824 0.024187 0.1640E-03  23.33   8.26 0.190 18.002554 16.230282 15.484540 15.058394 14.743932 -.150007E+04 -.294827E+04   101.02   64.06     1.603441     0.102539     2.85547900    0.16621800   18.72083664     6     0 588017704554397844    1.90
  8979 211.03222656  6.48589706 0.024822 0.1716E-03  18.23   7.43 0.220 17.248024 15.837448 15.087295 14.625131 14.365454 -.572826E+03 -.339158E+04    94.04   16.61     1.800928     0.058594     4.53694201    0.13217600   22.29619789     6     0 588017724948676794    0.54
249106 211.04254150  8.00820255 0.036077 0.8705E-04   7.37   3.17 0.627 17.436449 16.193428 15.553182 15.201349 14.980555 -.416583E+03 -.527777E+04    37.63  174.10     1.985886     0.024414    15.26319313    0.17534500   28.66122055     6     0 588017990155763833    0.50
242251 211.09155273  9.50796032 0.024364 0.7717E-04  15.46   7.50 0.733 17.348829 16.263283 15.962169 15.758714 16.102583 -.861645E+03 -.131148E+04    43.82  140.87     1.703104     0.024414    19.31789589    0.27979001   21.47572708     6     0 587736543090180248    0.51
  8989 211.09559631 11.73579693 0.020053 0.1775E-03  15.83   5.05 0.398 16.983271 15.201534 14.285674 13.793962 13.483439 -.122121E+05 -.728639E+04   100.54   70.83     2.293749     0.229492     1.03996205    0.09022800    7.45106411     6     0 587736478662066339    1.98
243843 211.13667297 11.18979359 0.017098 0.1201E-03  16.94   9.01 0.864 18.395769 16.780903 16.352461 16.265842 16.891895 -.191177E+03 -.798095E+03    40.24   37.50     1.656143     0.083008    10.35239410    0.46694201   13.59747314     7  4608 588017703480721453    0.26
249107 211.14793396  8.99165535 0.037210 0.1306E-03   9.24   3.91 0.195 18.860611 18.085272 17.823074 17.506435 17.475452 -.198633E+02 -.174034E+03    39.94  132.24     1.521278     0.053711    12.46272278    0.38757300   13.38118839     7  4096 588017991229505837    0.07
240051 211.15811157 11.64574909 0.015410 0.8446E-04  14.53   5.91 0.796 15.534048 14.555124 14.221055 14.043159 14.048383 -.199922E+04 -.157682E+05    54.09  108.28     1.589396     0.014648    34.33847427    0.35433799  101.30745697     6     0 588017704017592327    0.81
243844 211.15847778 11.71735573 0.019707 0.9427E-04   7.68   3.34 0.401 18.437309 17.707598 17.505949 17.414167 17.319445 -.233944E+02 -.359059E+03    26.58  124.99     1.571684     0.014648    54.02224731    0.74600500   15.56088924     6 65536 587736478662066379    0.75
242316 211.16960144 12.14395237 0.017565 0.2573E-03  11.58   4.61 0.362 18.240358 17.203434 16.915890 16.762268 16.646364 -.726820E+02 -.771258E+03    45.85  131.39     2.085192     0.073242    11.40583897    0.30399799  691.07135010     7     0 587736479198937234    0.24
240054 211.19487000  8.33479500 0.022865 0.1801E-03  18.50   9.42 0.827 16.914072 15.606838 15.153188 15.036026 15.266501 -.612891E+03 -.422721E+04    55.38   95.62     1.652196     0.053711     7.58582687    0.21788201   12.28939533     6     0 587736541479633137    1.07
  8995 211.19721985  8.80092621 0.004101 0.8661E-05  37.53  18.64 0.323 16.119810 14.497394 14.057055 13.978094 14.452703 -.336897E+03 -.668548E+04   160.68    5.45     1.456491     0.024414    16.24199104    0.28910801   56.90568161     6     0 588017991229571218    1.42
  9001 211.22326660 10.80098057 0.000000 0.0000E+00  23.42   7.57 0.426 16.585516 15.313644 14.854300 14.530992 14.542035 -.132645E+05 -.128533E+05   116.82  101.29     0.000000     0.000000     0.00000000    0.00000000    0.00000000     0    -9 588017702943916043    0.00
243829 211.22969055  9.69469357 0.000000 0.0000E+00   7.63   3.87 0.565 19.412657 18.129066 17.910143 17.928650 18.761429 -.146623E+02 -.176248E+03    25.22   61.47     0.000000     0.000000     0.00000000    0.00000000    0.00000000     0    -9 588017992303313231    0.00
  9008 211.25758362 11.01187515 0.017860 0.9269E-04  24.91  13.16 0.876 16.970650 15.477519 14.902106 14.868687 16.529844 -.478155E+04 -.347567E+04    79.09   21.94     1.492229     0.024414    15.16603088    0.27983400   44.00069809     6     0 587736477588455567    1.77
  9007 211.27508545  9.33917046 0.015555 0.1826E-03  21.47  12.19 0.836 18.142094 16.079884 15.671810 15.464557 16.142626 -.558165E+03 -.151672E+04    59.02  127.10     1.807007     0.097656     6.23466301    0.30293801   17.07234001     7     0 588017991766442129    1.06
243926 211.29415894  8.08278751 0.019887 0.2908E-03   9.48   4.67 0.803 19.019474 18.006456 17.538542 17.339075 17.074219 -.212722E+01 -.147579E+03    25.29   76.17     1.624799     0.292969     2.56109691    0.43270999   13.95485115     6  4608 588017990155895100    0.06
240067 211.32397461  9.63721848 0.023311 0.1840E-03  16.98   9.08 0.733 17.466532 15.739255 15.226865 14.966370 14.952051 -.201149E+04 -.495393E+04    55.68   29.66     1.784888     0.034180    11.38682461    0.20193000   18.40193748     7     0 588017992303313123    1.21
243826 211.33462524 10.41073895 0.000000 0.0000E+00   7.53   3.78 0.738 17.979979 17.221596 17.160488 17.243963 16.820293 -.154667E+03 -.708339E+03    22.73  178.09     0.000000     0.000000     0.00000000    0.00000000    0.00000000     0    -9 587736477051584650    0.00
243826 211.33462524 10.41073895 0.018738 0.9717E-03   7.53   3.78 0.738 17.979979 17.221596 17.160488 17.243963 16.820293 -.154667E+03 -.708339E+03    22.73  178.09     1.644608     0.004883   406.57354736    3.20349789 1692.95690918     7    16 587736477051584650    0.01
243929 211.39184570  6.42235327 0.030385 0.1017E-03  10.26   4.82 0.868 18.668722 17.158522 16.800570 16.699947 16.797167 -.331855E+03 -.812829E+03    31.85  144.47     1.581077     0.043945    14.08092690    0.33266899   18.39196014     7     0 588017724948807933    1.02
240077 211.40048218  8.91498089 0.000000 0.0000E+00  19.38   9.60 0.929 17.044945 15.531094 15.144778 14.979603 15.039432 -.782889E+03 -.302970E+04    54.90    8.04     0.000000     0.000000     0.00000000    0.00000000    0.00000000     0    -9 588017991229636756    0.00
243845 211.40243530 11.56319714 0.022928 0.8546E-04  11.88   4.31 0.254 17.639332 16.743404 16.340414 16.145987 16.037874 -.327742E+03 -.835137E+03    46.68  131.07     1.560524     0.004883   114.72741699    1.05311596  208.58140564     6 65568 588017704017658090    2.29
242321 211.42680359 12.07409477 0.015330 0.1466E-04  10.64   4.67 0.244 18.177183 17.104818 16.881208 16.856005 16.745188 -.120057E+03 -.902191E+03    43.51  177.33     1.614129     0.024414    35.34127426    0.52041799   12.74547672     6     0 587736479199068320    0.55
240082 211.42864990  9.51229477 0.054696 0.1640E-03  15.95   7.82 0.794 18.095238 15.936296 15.352242 15.066635 15.082138 -.161398E+04 -.415259E+04    52.16  142.69     2.059855     0.092773     4.15707493    0.16643800   13.25086975     6     0 587736543090311257    0.46
243933 211.48080444  6.43797159 0.024861 0.2329E-03   7.79   3.73 0.608 19.139530 18.071608 17.785749 17.690153 17.404446 -.343618E+02 -.119402E+03    24.17   56.24     1.588734     0.073242    10.30049992    0.41251501   11.47947025     6     0 588017724948873608    0.32
  9015 211.48529053  9.02642441 0.023344 0.1534E-03  25.22  10.47 0.692 17.067217 15.037788 14.344626 14.128403 14.214937 -.377399E+05 -.895129E+04    84.22   12.71     3.527133     0.372002    -1.06524098    0.08262200    5.90174723    18     0 587736542553505877    1.53
243823 211.51362610 10.54253483 0.033149 0.7275E-04  12.53   4.85 0.437 17.699205 16.501825 16.180168 15.858353 15.713723 -.540363E+03 -.118276E+04    58.18  124.71     1.663636     0.024414    18.98624611    0.31022400   21.32327461     6     0 587736477051715590    1.03
240088 211.52703857 11.78883553 0.015911 0.9454E-04  21.64  10.29 0.544 16.656279 15.384344 14.976302 14.797295 14.820459 -.512065E+04 -.485398E+04    88.96   74.00     1.565459     0.024414    24.54593277    0.36933601   16.42383385     6     0 587736478662262809    1.20
242252 211.53913879  9.57143688 0.024785 0.1063E-03  12.68   6.29 0.548 17.732365 16.528263 16.111881 15.928340 15.725274 -.230867E+03 -.125046E+04    48.19   29.01     1.627326     0.043945     9.99878883    0.25005701   13.21622944     6     0 587736543090376930    1.78
243935 211.56089783  6.19429636 0.030674 0.8085E-04   8.28   2.81 0.272 18.872372 17.604305 17.039820 16.640827 16.382771 -.428089E+03 -.184125E+03    33.08   38.32     2.173419     0.024414    32.72639465    0.43530300   13.25936794    17     0 587736524298059825    0.58
243846 211.57102966 11.78650093 0.000000 0.0000E+00  10.88   4.06 0.592 18.262117 17.464767 17.225294 17.003490 17.084171 -.114970E+03 -.427508E+03    22.92   60.77     0.000000     0.000000     0.00000000    0.00000000    0.00000000     0    -9 587736478662262927    0.00
242405 211.60479736  9.15388680 0.038334 0.9493E-04  12.46   5.15 0.515 17.717537 16.246237 15.676900 15.353222 15.227589 -.555136E+04 -.183532E+04    41.70   50.48     2.161046     0.014648    22.20827866    0.22039700   65.79177856     6     0 587736542553571448    0.76
242009 211.61116028  9.35903835 0.024191 0.4394E-03  21.26  11.18 0.429 19.928886 17.338629 16.899506 16.833941 26.098856 -.121540E+03 -.555374E+03    50.10   68.98     0.519691     5.009766    -0.19381499    0.35843900   46.55290985    26  4112 588017991766573360    3.35
  9020 211.63296509  6.02968359 0.003446 0.6921E-04  49.56  20.17 0.192 16.328049 13.830526 13.022825 12.576823 12.362556 -.102618E+04 -.136309E+05   131.13   60.88     1.304261     0.146484     0.97909099    0.10872800   16.24614525     6     0 587730021714427909    2.48
249108 211.65765381  6.14930773 0.000000 0.0000E+00   9.02   4.49 0.854 19.066206 18.377758 17.952629 17.909182 17.891678 -.602109E+01 -.733351E+02    19.59  134.11     0.000000     0.000000     0.00000000    0.00000000    0.00000000     0    -9 587736524298125724    0.00
243863 211.69422913 10.38742447 0.022451 0.1541E-03   9.56   4.20 0.647 18.198196 17.065365 16.797935 16.599989 16.637094 -.754604E+02 -.869244E+03    27.18  174.60     1.641477     0.483398     9.56713009    0.35309899   23.27814865    13  4096 587736477051781143    1.78
  9023 211.71281433  9.32120037 0.024049 0.8369E-04  19.32   8.54 0.449 17.186859 15.687944 15.346107 15.139574 15.190564 -.126136E+04 -.330453E+04    84.42  146.93     1.873947     0.014648    39.76122284    0.38243201   23.67255592     6     0 588017991766638724    1.38
243939 211.73927307  6.22538757 0.024599 0.7880E-04   5.05   2.37 0.858 17.860016 16.857040 16.533182 16.421341 16.405800 -.351487E+03 -.317969E+04    19.59  103.32     1.616917     0.004883    74.99815369    0.70739597   49.40216827     6 65536 587736524298125416    0.55
240102 211.75074768 10.46253204 0.032364 0.1561E-03  17.27   8.31 0.719 16.262356 14.827118 14.298727 13.981616 13.863085 -.393166E+04 -.147112E+05    71.79   36.60     1.438921     0.117188     1.51718402    0.10394900    4.81869507     6     0 587736477051781168    0.29
  9027 211.76675415 10.64293385 0.022952 0.9650E-04  20.70   8.46 0.318 17.308533 15.782063 15.316538 15.065270 15.047687 -.658787E+04 -.433274E+04    90.74  120.32     1.719233     0.024414    18.38954735    0.27532801   52.71755981     6     0 588017702944112852    0.55
243940 211.76745605  6.60454416 0.025163 0.8789E-04   4.56   1.56 0.365 18.687588 17.885643 17.640852 17.512867 17.357277 -.333143E+03 -.600754E+02    31.74  150.76     1.752126     0.014648    56.17487335    0.72956300   23.93728638     6     0 587736524834996496    0.39
243852 211.76820374 10.71257687 0.004112 0.9853E-03  11.45   4.25 0.509 17.931404 17.289780 16.964155 16.873713 16.935261 -.740210E+03 -.200041E+03    34.63   54.42     1.585648     0.004883   330.05694580    2.93651390 1874.21118164     6    16 588017702944112724    1.96
249109 211.77662659  8.98952389 0.000000 0.0000E+00   8.70   4.37 0.346 21.369551 19.477640 19.144764 19.387093 21.863071 -.577889E+00 -.326845E+01    15.94  145.22     0.000000     0.000000     0.00000000    0.00000000    0.00000000     0    -9 587736542553637532    0.00
249110 211.82130432  6.56983709 0.000000 0.0000E+00  14.39   6.76 0.895 18.403097 17.512310 17.104027 17.292955 17.180313 -.213029E+03 -.223095E+03    30.12  131.09     0.000000     0.000000     0.00000000    0.00000000    0.00000000     0    -9 587736524834996541    0.00
249111 211.86053467  7.09905195 0.000000 0.0000E+00  16.32   8.75 0.650 18.158085 16.365591 15.845083 15.712255 16.204885 -.541322E+03 -.138173E+04    55.36  130.94     0.000000     0.000000     0.00000000    0.00000000    0.00000000     0    -9 587736525371867429    0.00
243848 211.86083984 11.43127060 0.024836 0.1110E-03  13.38   6.85 0.818 18.406931 17.001303 16.668293 16.626431 16.872540 -.301095E+03 -.818288E+03    36.94   61.04     1.474530     0.068359    12.26418018    0.49090299    6.41233206     6     0 588017704017854824    1.51
  9030 211.90936279  9.67535591 0.023567 0.1810E-03  22.00   8.72 0.177 17.564217 15.595933 14.776599 14.293250 13.957600 -.179245E+04 -.460566E+04   101.70  178.87     1.661925     0.063477     3.10625601    0.10168500   19.57313728     7     0 588017992303575270    2.39
241392 211.98054504  7.04137182 0.023372 0.1550E-03  14.79   7.01 0.924 17.043715 15.519763 14.955681 14.643138 14.546031 -.257882E+04 -.854475E+04    47.90  127.54     4.945059     1.154169    -1.37201703    0.18686099    2.71967602    10     0 587736525371932926    0.49
243949 212.00762939  6.73472548 0.030527 0.7710E-04  11.23   4.63 0.509 17.293846 16.343813 16.047434 15.841384 15.688417 -.234757E+03 -.195581E+04    43.26   46.74     1.675241     0.014648    25.42323112    0.31204700   41.85270309     7     0 587730022788300820    0.49
243952 212.03799438  6.72745991 0.030451 0.8564E-04  11.05   4.91 0.172 18.249247 17.191952 16.576836 16.231741 15.948773 -.184601E+03 -.154004E+04    41.27   33.88     1.633772     0.024414    21.41513634    0.33441600    5.34052277     7     0 587730022788300969    0.31
243954 212.04023743  7.03082991 0.023278 0.7439E-04   4.86   1.76 0.588 18.387428 17.376707 16.948622 16.743477 16.580824 -.552855E+03 -.282771E+03    18.94   59.05     1.728595     0.014648    74.49079132    0.76661301   48.71413803     7     0 587736525371998269    0.60
243955 212.06414795  6.10435724 0.055489 0.7680E-04   4.45   1.96 0.868 18.078556 17.142839 16.777758 16.511681 16.367397 -.373491E+02 -.145795E+04    16.89  158.00     1.678646     0.014648    66.53050995    0.64058399   68.60137939     7     0 587736524298256565    0.33
249112 212.08442688 11.60859299 0.016742 0.1005E-03   5.91   2.93 0.543 18.557245 17.733662 17.543825 17.437916 17.626759 -.276233E+02 -.750406E+03    20.96  111.55     1.547666     0.034180    18.51707077    0.40476900   29.78874588     6     0 587736478662525042    1.31
243956 212.11532593  6.43230438 0.025426 0.9318E-04  14.54   7.80 0.534 17.662106 16.408413 16.149382 15.900351 16.073282 -.268782E+03 -.123837E+04    52.86  121.51     1.592190     0.034180    20.92422485    0.43645099   24.42334366     6     0 587730022251495559    0.44
  9037 212.12149048  7.05790758 0.019760 0.6043E-03  24.26  10.23 0.572 15.749339 14.408464 13.973702 13.728644 14.080157 -.704132E+04 -.123162E+05   101.78  163.16     1.856801     0.014648    56.37174606    0.52236903   92.75288391     6   528 587736525371998363    1.71
  9041 212.13740540 11.81622982 0.019111 0.1069E-03  19.51   7.23 0.640 15.887280 14.352765 13.669581 13.340345 13.164326 -.335199E+05 -.136311E+05    87.17   48.16     2.572658     0.012562    55.77986908    0.47086900   94.77166748    17     0 588017704554856491    1.21
249113 212.14546204  8.24468327 0.000000 0.0000E+00   6.24   2.47 0.693 19.281246 18.346649 17.938103 17.731966 17.388062 -.189627E+02 -.114569E+03    16.32   44.72     0.000000     0.000000     0.00000000    0.00000000    0.00000000     0    -9 587736541480091790    0.00
240125 212.14761353 11.95103931 0.019417 0.9787E-04  15.35   6.82 0.331 17.119259 15.936096 15.516653 15.303359 15.233624 -.265898E+03 -.245014E+04    63.42   57.04     1.590590     0.034180    11.69758987    0.26483601   11.64668560     6     0 588017704554856480    0.86
243857 212.20590210 10.79593945 0.015991 0.4922E-05   8.50   3.51 0.432 16.927265 16.051497 15.735265 15.570910 15.422935 -.132758E+03 -.482984E+04    35.21   63.37     1.618034     0.009766    56.29659271    0.55904800   94.12808990     6 65536 587736477588848694    0.44
243849 212.22764587 11.94227695 0.019403 0.1137E-03   8.92   3.85 0.907 18.451414 17.498430 17.099226 16.998880 16.957138 -.610503E+00 -.555892E+03    22.73  141.64     1.501230     0.063477    10.45744514    0.38774201    9.14116287     6     0 588017704554856726    0.52
240131 212.34126282  8.90660858 0.023501 0.1517E-03  20.61   8.27 0.885 16.997656 15.249156 14.548143 14.170478 14.063993 -.110259E+05 -.271238E+04    62.91  128.98     1.297336     0.249023     0.40401700    0.07315100   25.08669662    17     0 587736542553899149    0.22
249114 212.38461304  8.67424488 0.025921 0.1176E-03   7.54   2.91 0.328 17.543823 16.450588 15.941590 15.682228 15.517709 -.310257E+03 -.225464E+04    34.97    9.03     1.832194     0.004883    67.23450470    0.55036598  629.62011719     6     0 587736542017028192    0.30
249115 212.40150452 10.72446442 0.037189 0.2044E-03   9.15   4.47 0.731 18.759205 17.565067 17.203022 16.950369 16.884401 -.243615E+02 -.566815E+03    25.77  121.05     1.422591     0.161133     4.18378210    0.36337000    4.23105001     7     0 587736477588914535    0.60
249116 212.41174316  9.56110764 0.038059 0.9153E-04   8.26   3.46 0.487 18.526669 17.295507 16.952171 16.717907 16.659828 -.464347E+02 -.724302E+03    28.21  157.39     1.883846     0.034180    12.55708981    0.23695999   34.85721588     8     0 588017992303771916    0.27
241408 212.43289185  8.06913376 0.024209 0.9368E-04  18.74   8.28 0.512 15.961010 14.346539 13.668274 13.320307 13.090604 -.130842E+05 -.207037E+05    82.85   70.82     3.263755     0.022311    33.23816299    0.24651600  185.94689941    32     0 587736541480222746    1.42
243850 212.43380737 11.11614513 0.021463 0.2421E-03  10.23   4.69 0.245 18.551119 17.713081 17.301971 17.048840 17.367863 -.101612E+02 -.382075E+03    41.28   33.63     2.070181     0.195312     5.21996689    0.37710300  150.96255493    14     0 588017703481246095    0.25
243964 212.43925476  6.71680927 0.019767 0.2351E-03   8.38   3.87 0.465 18.904202 17.463110 17.180199 17.087870 17.224476 -.518422E+02 -.497589E+03    32.80   40.62     1.627972     0.068359     7.89280510    0.29637200   12.07611847     6   512 587730022788497558    0.59
  9054 212.45251465  9.85846233 0.024158 0.8866E-04  15.73   6.75 0.571 16.780931 15.293133 14.611281 14.253366 14.093465 -.892500E+04 -.977647E+04    75.67   48.65     2.265888     0.029297    13.04930592    0.17254800    8.72646809     6     0 587736543627640870    1.47
240138 212.45945740 10.96118355 0.059727 0.1740E-03  16.95   6.90 0.331 16.947750 15.395585 14.757978 14.332393 14.171288 -.780296E+04 -.604097E+04    79.96    7.04     2.896552     0.195178     2.97101808    0.13445500   49.84762955    32   256 588017703481311257    1.06
240140 212.51689148 10.16528320 0.000000 0.0000E+00  15.91   6.15 0.718 16.539581 15.197907 14.627824 14.344243 14.174917 -.167791E+05 -.605616E+04    61.32   85.76     0.000000     0.000000     0.00000000    0.00000000    0.00000000     0    -9 588017702407635059    0.00
240142 212.54173279 11.93435669 0.028019 0.1033E-03  14.90   6.03 0.350 17.042131 15.671534 15.147320 14.868557 14.737752 -.152274E+04 -.611917E+04    66.32   86.35     1.945611     0.024414    15.74926376    0.23622100    8.52420330     6     0 588017704555053185    1.85
713876 212.56050110 11.47255325 0.027506 0.8426E-04   9.57   3.59 0.629 17.258858 16.113350 15.623829 15.377819 15.167113 -.452182E+04 -.363722E+04    34.03   21.74     1.746559     0.014648    28.51173592    0.33282501   80.29553986    16     0 588017704018182222    0.38
249118 212.63545227  8.59496975 0.000000 0.0000E+00   9.11   4.49 0.507 22.671177 19.396872 19.472807 19.036684 19.480101 -.667408E+01 -.603997E+01    18.70  177.45     0.000000     0.000000     0.00000000    0.00000000    0.00000000     0    -9 587736542017159483    0.00
243972 212.64807129  6.41422129 0.056336 0.9609E-04   8.38   4.31 0.812 18.149172 17.172163 16.814579 16.561684 16.366142 -.896572E+03 -.124490E+04    24.42   56.68     1.674246     0.034180    21.21802711    0.37621501    7.45175886     6     0 587730022251692261    0.58
240146 212.68212891  8.99656296 0.023565 0.9251E-04  20.69   7.22 0.616 16.348837 14.461303 13.894413 13.547282 13.380407 -.115962E+05 -.672796E+04    85.77  165.77     2.044711     0.073242     2.33670807    0.08041300   43.27117157     7     0 587736542554030108    0.41
  9072 212.73895264  6.36485386 0.000000 0.0000E+00  25.81  10.98 0.588 15.296391 13.635898 12.949188 12.565229 12.351926 -.198992E+05 -.221774E+05   117.61   75.86     0.000000     0.000000     0.00000000    0.00000000    0.00000000     0    -9 587730022251757617    0.00
249119 212.76383972 10.55643368 0.015777 0.1194E-03   5.90   2.40 0.586 19.217867 18.054752 17.722704 17.582718 17.642820 -.383479E+01 -.333080E+03    20.06   88.52     1.568358     0.043945    12.77958584    0.32923001  156.52708435    17     0 588017702944571618    0.36
240153 212.80577087 11.37249851 0.024239 0.9461E-04  12.63   5.04 0.260 17.390450 16.317640 15.916009 15.677068 15.485645 -.546338E+02 -.248857E+04    52.81    2.17     1.546392     0.014648    35.74681091    0.42421499   93.17187500     6     0 588017704018313360    1.60
249120 212.81809998  9.22580242 0.024321 0.1024E-03  14.18   6.41 0.684 19.434128 17.742735 17.427319 17.299692 17.996902 -.119622E+03 -.278936E+03    24.82   70.38     1.657732     0.014648   149.46362305    1.60648406   42.02444458     6 65536 588017991767097592    4.16
249121 212.87779236  8.39793873 0.035944 0.8666E-04   6.05   2.68 0.423 19.081350 18.017384 17.813877 17.506802 17.985882 -.164953E+02 -.212763E+03    19.40  167.65     1.643739     0.014648    58.81800842    0.61749500   48.92767334     7     0 588017990693421119    0.61
240155 212.89131165  8.35679531 0.000000 0.0000E+00  14.12   6.30 0.744 16.358673 15.297510 14.958536 14.733025 14.651129 -.884552E+03 -.800692E+04    53.21  160.81     0.000000     0.000000     0.00000000    0.00000000    0.00000000     0    -9 588017990693421247    0.00
240157 212.90113831  8.80973434 0.022832 0.1717E-03  15.09   4.89 0.480 17.076719 15.194216 14.303447 13.849455 13.549496 -.180802E+05 -.164666E+04    69.36   66.54     0.500005     5.000000     0.02290300    0.02958300   57.28072739    17     0 588017991230292116    1.09
241924 212.96401978  8.50001049 0.024786 0.1082E-03  11.94   4.75 0.219 19.414454 17.638332 17.091442 17.262077 17.451303 -.549619E+01 -.366311E+03    48.21   33.17     1.618328     0.053711    15.38658047    0.42635000   13.43492413     6     0 587736542017290280    2.02
249122 212.96658325  9.75244331 0.025494 0.1057E-03  16.69   9.11 0.828 17.549271 16.332342 15.902500 15.775182 15.890369 -.480229E+03 -.179264E+04    46.77   17.15     1.685365     0.063477    10.50559998    0.32740799    5.85953999     6     0 587736543627837689    0.34
240161 213.01130676 10.37547970 0.032725 0.1650E-03  18.53   9.23 0.510 17.744606 15.785894 15.197020 14.928166 15.017922 -.133957E+04 -.536188E+04    69.87  112.02     1.678255     0.151367     2.50824308    0.19632700    9.37127018     6     0 587736477052305564    1.83
243982 213.01325989  5.85837555 0.000000 0.0000E+00  12.26   5.61 0.787 18.757030 17.543404 17.284073 17.339806 16.974661 -.342619E+02 -.167364E+03    27.29  174.22     0.000000     0.000000     0.00000000    0.00000000    0.00000000     0    -9 587730021715018016    0.00
  9084 213.05302429  8.66183758 0.024115 0.1603E-03  25.41  12.46 0.905 16.308712 14.545179 13.868375 13.584723 13.721914 -.400780E+05 -.183606E+05    85.02   24.15     5.811401     1.047074     1.71965301    2.85324407   14.21117306    22     0 588017991230357545    0.72
241198 213.08781433  8.50859737 0.023239 0.1630E-03  19.42   6.77 0.491 16.651154 14.847132 14.018989 13.604821 13.351932 -.263029E+05 -.734971E+04    92.22  172.00     1.221464     5.356445     0.07358200    0.05304400   32.08010864    17     0 587736542017355819    1.49
249123 213.09448242  8.42642212 0.000000 0.0000E+00   8.09   2.47 0.671 19.313339 18.148844 17.566027 17.616026 18.222256 -.382740E+03 -.179849E+03    21.81  123.83     0.000000     0.000000     0.00000000    0.00000000    0.00000000     0    -9 587736542017355851    0.00
249124 213.13836670  6.45167065 0.000000 0.0000E+00   9.31   4.31 0.909 17.359062 16.129871 15.620531 15.311397 15.187448 -.249719E+04 -.377856E+04    31.20   19.68     0.000000     0.000000     0.00000000    0.00000000    0.00000000     0    -9 587736524835586276    0.00
249125 213.15205383  9.73953056 0.025546 0.1086E-03   9.82   4.96 0.473 18.212770 17.845938 17.456646 17.393011 17.251444 -.542787E+02 -.354099E+03    32.05   57.70     1.696872     0.048828    26.36035919    0.69157201    8.88260937     6     0 587736543627968909    1.44
  9093 213.15798950 12.02018070 0.038052 0.1835E-03  17.80   7.08 0.329 17.332035 15.997390 15.542856 15.277183 15.348786 -.864664E+03 -.387652E+04    78.48  162.63     1.672640     0.053711     5.88868189    0.19501200   30.25975609     8     0 587736479199789261    2.06
249126 213.18873596  9.55220318 0.024114 0.8292E-04   8.57   4.13 0.565 18.090523 17.121271 16.825270 16.645515 16.648790 -.988074E+02 -.106191E+04    29.58   71.64     1.694328     0.024414    23.16647720    0.37469199   14.91637802     6     0 588017992304164992    0.09
240174 213.24398804  9.92110062 0.023596 0.9298E-04  16.64   7.92 0.757 16.567842 14.958817 14.350687 14.023103 13.850195 -.151445E+05 -.183210E+05    64.98  102.16     2.088673     0.014648    58.93372345    0.48954201  170.14535522    18   512 588017992841035819    0.81
240176 213.27259827  8.63187885 0.024520 0.1687E-03   9.54   4.04 0.350 17.331697 15.769770 15.047334 14.659736 14.356788 -.908058E+03 -.872835E+04    47.46  170.03     1.795506     0.034180     6.26802397    0.12695099   82.12559509     6     0 588017991230488742    1.86
240179 213.28427124  8.61888218 0.000000 0.0000E+00  13.01   6.24 0.875 16.976122 15.750990 15.366580 15.127046 15.091779 -.112002E+04 -.372713E+04    48.06  154.63     0.000000     0.000000     0.00000000    0.00000000    0.00000000     0    -9 588017991230488589    0.00
240183 213.36393738  8.98082924 0.000000 0.0000E+00  19.73   9.07 0.279 16.341543 15.095447 14.655367 14.372752 14.480164 -.811774E+03 -.627650E+04    85.52  153.53     0.000000     0.000000     0.00000000    0.00000000    0.00000000     0    -9 587736542554292517    0.00
244005 213.40541077  6.16829157 0.056757 0.1817E-03  10.71   4.51 0.532 17.092751 15.933547 15.411567 15.108852 14.918362 -.113800E+04 -.544524E+04    46.05    1.43     2.569792     0.047682    12.13228416    0.21041100    6.50925303     6     0 587736524298846452    0.16
249127 213.41656494  8.59193325 0.035689 0.7673E-04   9.73   4.92 0.843 17.421438 16.313519 15.946303 15.725035 15.583569 -.400162E+03 -.433579E+04    31.76   39.09     1.671656     0.024414    19.25195885    0.28421101   30.36609268     7     0 587736542017487005    1.14
241967 213.44050598  8.21869564 0.000000 0.0000E+00  17.89   5.91 0.682 16.575556 14.691867 13.992429 13.647994 13.640655 -.257712E+05 -.124352E+05    85.87   69.47     0.000000     0.000000     0.00000000    0.00000000    0.00000000     0    -9 588017990693683251    0.00
243890 213.46986389  7.82589865 0.000000 0.0000E+00   9.29   3.59 0.209 18.555109 17.453171 17.124870 16.916885 16.922508 -.823035E+02 -.584253E+03    34.28   27.38     0.000000     0.000000     0.00000000    0.00000000    0.00000000     0    -9 588017990156812442    0.00
240190 213.49996948  9.76648998 0.028258 0.8074E-04   8.57   3.91 0.693 18.995947 17.765282 17.503433 17.351965 17.431000 -.104546E+03 -.313985E+03    25.42  155.27     1.559785     0.024414    42.00461197    0.59376597    7.62688780     6     0 587736543628099691    8.89
  9111 213.58694458  7.51590157 0.024791 0.9974E-04  26.29   9.64 0.706 15.955099 14.356583 13.707421 13.377565 13.203651 -.161326E+05 -.853348E+04   117.58   70.31     2.461669     0.014648    35.27726746    0.30426201   76.55836487     6     0 587730023862698049    0.55
241082 213.59693909 10.57933426 0.028342 0.7239E-04  12.49   5.30 0.193 17.859013 16.897360 16.398794 16.167795 16.030478 -.167150E+03 -.133573E+04    60.07  150.15     1.610961     0.014648    47.28525162    0.54505998   66.17472076     6     0 588017702944899318    1.05
244013 213.59962463  6.10314417 0.058580 0.8117E-04  12.22   6.04 0.837 17.306885 16.215847 15.923850 15.663536 15.813743 -.444416E+04 -.258710E+04    39.87   21.82     1.888911     0.014648    33.96793365    0.38368201    7.01552486     6     0 587736524298911964    0.36
243830 213.68145752 10.07365417 0.000000 0.0000E+00   8.06   4.45 0.513 28.460571 20.488586 19.472290 30.381971 27.993496 -.107118E+01 -.348323E+01    16.22  109.91     0.000000     0.000000     0.00000000    0.00000000    0.00000000     0    -9 588017702408094165    0.00
244019 213.71224976 11.84074211 0.024248 0.1037E-03   7.47   3.31 0.524 18.869467 18.028498 17.726868 17.619419 17.623470 -.128404E+02 -.282628E+03    21.87    5.15     1.635613     0.039062    23.04627800    0.61256897   14.83817863     6 65536 588017704555512123    0.68
244022 213.76797485  6.22348785 0.024243 0.7850E-04  10.05   4.42 0.796 17.356525 16.359800 15.985193 15.832858 15.901584 -.137175E+04 -.274862E+04    31.64  162.64     1.643309     0.014648    42.39271545    0.47451100   51.55566025     6     0 587730022252216507    0.49
249128 213.80436707  8.78201103 0.029270 0.9359E-04  13.65   7.42 0.600 17.866922 16.211069 15.765476 15.453587 15.560136 -.171305E+04 -.199063E+04    44.25   24.92     1.600374     0.024414    16.77321815    0.27038899   40.91601181     6     0 588017991230685339    0.75
249129 213.80833435  8.84361458 0.058028 0.7913E-04   7.36   3.45 0.635 17.881659 16.706337 16.305363 16.036882 16.055929 -.170932E+04 -.295343E+04    25.76  147.96     1.957049     0.024414    28.16860962    0.32736599    3.17438412     6     0 587736542554489109    0.01
240211 213.81570435 11.28754902 0.036649 0.7311E-04  14.96   6.59 0.990 17.410471 16.095720 15.723139 15.585144 15.892889 -.171114E+04 -.279391E+04    44.69  128.48     1.573842     0.014648    28.56223679    0.39834699   33.91174698     7     0 588017704018706503    0.47
241199 213.85006714  8.01115322 0.024914 0.9614E-04  17.32   7.34 0.284 17.535095 15.886164 15.376562 15.079839 14.954484 -.251378E+03 -.308797E+04    77.33   89.70     1.686022     0.034180    12.58350754    0.23667400   12.04582024     6     0 587736541480812784    0.26
244026 213.90983582 11.94075108 0.053885 0.8095E-04   7.76   3.48 0.385 16.807777 15.802411 15.633414 15.416948 15.406351 -.171331E+04 -.458957E+04    35.58   52.94     2.001593     0.014648    50.73418808    0.40729901   77.48348236     7     0 587736479200116823    0.66
713955 213.95800781 10.25388527 0.024449 0.1910E-03   9.99   5.00 0.872 18.531370 17.290552 16.888432 16.589243 16.549492 -.230817E+02 -.649548E+03    27.18   95.40     1.318840     0.268555     1.80181503    0.28616700    8.37058830     6     0 587736477052764425    0.32
249130 213.95982361 10.96130562 0.016351 0.1126E-03   8.28   3.14 0.611 18.479736 17.374590 16.943806 16.687109 16.640448 -.186920E+03 -.497960E+03    26.00   75.15     1.542530     0.024414    26.40188980    0.40002301   42.27252579     6 65536 588017703481901187    0.66
243887 213.97839355  7.76457405 0.043568 0.1050E-03   9.25   3.96 0.617 18.629995 17.561771 17.134325 16.865019 16.759840 -.275460E+02 -.312946E+03    27.51   28.15     1.623209     0.078125     6.72461700    0.29532400   23.14544868     6     0 588017990157074653    0.52
249131 214.07521057 10.89440727 0.033243 0.2466E-03  10.30   4.44 0.444 19.045897 17.875383 17.619432 17.567505 17.342157 -.215353E+03 -.696963E+02    25.48   12.88     1.327424     0.073242     6.81489611    0.34725100   45.64876175    29  4096 588017703481966819    1.33
240222 214.08300781  8.29345703 0.024394 0.1807E-03  21.71   7.81 0.613 16.791536 14.425417 13.572296 13.153738 12.855961 -.395693E+05 -.612119E+04   112.11   19.75     2.756653     0.220748     1.26562297    0.08139100   23.13843536    30     0 588017990693945436    0.55
244036 214.09176636  6.30975485 0.020619 0.1062E-03   7.28   3.24 0.891 18.583700 17.465422 16.984518 16.713978 16.508291 -.473696E+02 -.117623E+04    21.07  119.21     1.675510     0.053711    11.79223919    0.34163901   22.48031998     7     0 587730022252347523    0.40
244038 214.13748169  6.58929443 0.056466 0.1619E-03   7.65   3.03 0.589 18.267292 16.830532 16.148245 15.748485 15.413778 -.226441E+04 -.113035E+04    30.69  132.55     2.831340     0.102304     5.59029293    0.17981701   16.88217735     6   256 587730022789218458    0.46
  9134 214.14671326  9.98552227 0.037272 0.1520E-03  21.93   9.11 0.679 16.918404 15.378761 14.825618 14.572639 14.584205 -.428236E+04 -.513655E+04    83.45   20.73     1.609656     0.073242     3.48755598    0.14770000    8.67823982     6     0 588017702408290514    2.29
