#  This table contains all galaxies in the DR7 spectroscopic sample
#
#  IG = 1 for MKW12=Zw1400   2 for background group in same field   otherwise 0
#   T = code for morphological type based on RC3 (20 means not assigned)
# Sep = angular separation from center of MKW12 in degrees
# rmag = rband petrosian magnitude
# rmagc = corrected rband magnitude (for galactic and internal extinction)
# Absmag = Absoluted rband magnitude
# Log L = log of r band luminosity (solar units)
# Log * = log of stellar mass (solar units)
# (u-r)c = corrected color index (u-r)
# disp = velocity dispersion of Halpha line in km/s (over 3 arcsec fiber aperture!0
# EW(Halpha) in Angstroms.
# L(Halpha) in erg/sec (I am not yet happy with this)
# SFR: star formation rate in solar masses per year calculated from EW Halpha and Fcont (I am not yet happy with this)
# Dlin = linear diameter in kpc
# LogMHI = log HI mass (solar units)
# WidC = Corrected HI width (= 2X Vrot)
# LogMdyn = log dynamical mass (solar units)
# AGCnr   RA       Dec      Vcmb   Dist   IG  T    Sep   b/a     incl     rmag  rmagc Absmag  log L  Log *  (u-r)c  disp  EW(Ha)  L(Halpha)  logSFR  Dlin  logMHI  Widc  LogMdyn
238632  207.953    7.688    7052.  100.7  0   6    3.17  0.350   70.7    17.09  16.77 -18.25   9.17   9.14   0.98   72.7   47.4   0.231E+42   0.085  10.30   9.47  166.4  12.70
232436  208.063   11.502   12084.  172.6  0   3    3.38  0.365   71.8    16.95  16.50 -19.69   9.75   9.54   0.93   76.0   46.8   0.362E+42   0.278  13.46   9.77  167.3  13.05
238633  208.076    6.920    7020.  100.3  0   5    3.54  0.547   57.5    17.51  17.33 -17.68   8.94   8.94   1.95   72.9   14.7   0.793E+41  -0.381   9.92   9.28  130.5  12.47
231532  208.085    7.799    7182.  102.6  0   3    3.00  0.786   39.1    14.60  14.46 -20.60  10.11  10.27   1.41   85.6   19.8   0.112E+43   0.770   9.74   9.63  332.8  13.28
238634  208.208    7.257    6834.   97.6  0   4    3.22  0.880   29.0    16.86  16.82 -18.13   9.12   8.98   1.44    0.0    0.0   0.000E+00  -9.990  13.91   9.51  154.7  12.75
230792  208.377   11.343   11556.  165.1  0   5    3.05  0.459   63.5    15.13  14.65 -21.44  10.45  10.57   1.68   66.1    0.6   0.282E+42   0.171  23.40  10.04  368.8  13.96
238635  208.395    6.284    5932.   84.7  0   3    3.81  0.950   18.6    16.35  16.33 -18.31   9.20   9.27   1.70  130.3   12.5   0.188E+42  -0.005  10.78   9.22  263.6  13.04
232158  208.405    8.353    7209.  103.0  0   6    2.47  0.650   50.0    16.96  16.82 -18.24   9.17   9.30   1.26  159.5    7.3   0.127E+42  -0.177  11.33   9.12   91.4  12.23
238636  208.475    9.504    5132.   73.3  0   3    2.20  0.723   44.8    18.88  18.78 -15.55   8.09   7.53   0.03    0.0    0.0   0.000E+00  -9.990   5.82   8.90   63.8  11.48
230801  208.537    9.413    7117.  101.7  0   6    2.14  0.810   36.2    15.27  15.15 -19.89   9.83   9.92   1.72   74.8   11.9   0.125E+43   0.818  20.08   9.58  247.2  13.33
238637  208.565    7.968    7218.  103.1  0   3    2.51  0.301   76.7    16.79  16.42 -18.65   9.33   9.26   0.62   72.4   22.5   0.162E+42  -0.072  10.48   9.62  191.1  12.83
238638  208.596    8.932   12919.  184.6  0   6    2.11  0.574   55.6    18.95  18.78 -17.55   8.89   8.94   1.39    0.0    0.0   0.000E+00  -9.990  12.19   9.74  129.7  12.82
233581  208.611    8.394    7212.  103.0  0   3    2.27  0.286   78.0    15.49  14.79 -20.27   9.98  10.34   1.53   76.6   15.7   0.651E+42   0.534  15.12  10.10  333.3  13.48
238639  208.662    8.341    7423.  106.0  0   3    2.24  0.358   72.4    16.68  16.37 -18.76   9.38   9.06   0.67   73.3  226.0   0.679E+42   0.552   6.03   9.25   44.1  11.33
238640  208.667    9.252    7048.  100.7  0   3    2.01  0.514   61.1    17.51  17.31 -17.71   8.95   8.93   1.35    0.0    0.0   0.000E+00  -9.990  10.64   9.32  171.3  12.74
231014  208.870    6.596    7458.  106.5  0   0    3.28  0.661   50.0    14.57  14.31 -20.83  10.20  10.20   1.17   85.9   67.3   0.196E+43   1.012   9.69   9.55  302.9  13.22
230831  208.936    8.189    7038.  100.5  0   4    2.08  0.566   57.3    14.85  14.50 -20.51  10.08   9.91   0.96   76.8   50.4   0.307E+43   1.208  14.95   9.92  285.2  13.33
238642  208.986    5.927    7554.  107.9  0   3    3.80  0.285   78.0    15.05  14.28 -20.88  10.23  10.41   1.39   91.9    5.8   0.368E+42   0.286  19.94  10.03  404.8  13.79
238644  209.012    8.846    7051.  100.7  0   3    1.74  0.495   62.5    16.70  16.49 -18.53   9.28   9.22   1.17   70.8   22.0   0.243E+42   0.106  10.87   9.38  141.0  12.58
238645  209.078    8.236    7141.  102.0  0   3    1.94  0.236   82.7    16.59  16.15 -18.89   9.43   9.35   1.01   76.2   30.8   0.206E+42   0.034   9.94   9.54  220.8  12.93
233565  209.098   10.102    5169.   73.8  0   3    1.76  0.500   62.1    16.85  16.64 -17.70   8.95   8.62   1.02   74.5   34.6   0.197E+42   0.015   8.27   8.95   83.7  11.87
232440  209.101   11.341    6894.   98.5  0   3    2.55  0.575   56.6    16.81  16.64 -18.33   9.20   9.27   1.29   74.0   75.5   0.179E+42  -0.028   5.41   9.18  170.1  12.43
233583  209.138    8.609    4310.   61.6  0  10    1.70  0.741   43.3    16.94  16.85 -17.10   8.71   8.67   1.42   73.5    4.0   0.314E+41  -0.783   9.37   9.33  173.6  12.48
  8861  209.144   10.191    5153.   73.6  0   6    1.76  0.423   65.9    15.52  15.24 -19.09   9.51   9.42   1.99   72.6   13.6   0.522E+42   0.438  13.97   9.65  224.6  12.95
232305  209.158   10.796   11445.  163.5  0   3    2.11  0.264   79.9    17.13  16.61 -19.46   9.65   9.56   1.19   69.7   10.4   0.176E+42  -0.034  17.03   9.91  343.4  13.75
232306  209.226   10.549   11688.  167.0  0   3    1.90  0.313   75.8    17.61  17.25 -18.86   9.42   9.30   1.02   74.9   12.1   0.585E+41  -0.513  11.03   9.87  263.1  13.34
230861  209.256   10.868    7128.  101.8  0   6    2.09  0.422   66.0    14.99  14.46 -20.58  10.10  10.05   1.62    0.0    0.0   0.000E+00  -9.990  18.99   9.78  274.9  13.40
230866  209.308   11.998    6448.   92.1  0   3    3.00  0.481   63.5    14.01  13.56 -21.26  10.38  10.62   1.80  122.3    7.1   0.468E+42   0.391  13.33   9.56  369.9  13.46
230865  209.330   11.976    6367.   91.0  0   3    2.97  0.973   13.6    14.81  14.79 -20.01   9.87   9.95   1.53   69.5    3.1   0.328E+42   0.235  13.45   9.61  225.0  13.03
232447  209.332   11.569   12174.  173.9  0   3    2.61  0.271   79.2    16.82  16.17 -20.03   9.88   9.63   0.56   76.2   18.1   0.387E+42   0.308  17.91   9.75  292.1  13.66
  8871  209.353    5.949   16335.  233.4  0   3    3.64  0.592   55.3    14.90  14.50 -22.34  10.81  10.95   1.65  104.1    6.0   0.408E+43   1.330  37.23  10.43  431.6  14.45
  8874  209.373    6.097    4633.   66.2  0   3    3.49  0.768   40.8    12.59  12.41 -21.69  10.55  10.82   2.10  109.8   45.1   0.182E+44   1.980  19.56   9.88  402.4  13.56
231575  209.448    7.396    7337.  104.8  0   3    2.30  0.772   40.4    13.68  13.51 -21.59  10.51  10.82   2.54  119.7    2.0   0.727E+42   0.581  20.73   9.27  296.0  13.52
  8878  209.456    9.873    7077.   98.4  2   3    1.34  0.609   54.1    13.52  13.20 -21.77  10.58  10.83   1.86   94.6   25.5   0.613E+43   1.508  21.84   9.80  148.2  12.91
231576  209.467    7.413    4939.   70.6  0   3    2.27  0.334   74.2    15.08  14.58 -19.66   9.74  10.00   1.68   77.8   30.2   0.587E+42   0.488   8.41   9.02  176.7  12.51
231122  209.484    7.434    4633.   66.2  0   3    2.25  0.843   33.3    15.02  14.95 -19.15   9.53   9.78   1.89   72.5   18.8   0.980E+42   0.711  12.84   8.93  109.3  12.25
  8881  209.495    7.161    7311.  104.4  0   5    2.47  0.191   81.4    14.64  13.62 -21.47  10.46  10.32   1.23   75.1    9.4   0.134E+43   0.847  23.54  10.30  417.7  13.87
230872  209.495   10.712    7090.  101.3  0   3    1.82  0.602   54.6    15.22  14.91 -20.12   9.92   9.90   1.18   73.5   24.0   0.109E+43   0.759  12.06   9.64  271.2  13.19
238646  209.508    7.903    7118.  101.7  0   3    1.85  0.268   79.5    16.30  15.87 -19.17   9.54   9.52   1.42   68.1    9.5   0.190E+42  -0.001  13.14   9.55  248.1  13.15
232563  209.515   12.151   17280.  246.9  0   3    3.05  0.221   84.5    16.64  15.71 -21.26  10.37  10.15   0.34    0.0    0.0   0.000E+00  -9.990  22.91  10.47  511.4  14.41
232226  209.542    9.795    7210.   98.4  2   3    1.23  0.311   75.9    15.85  15.34 -19.62   9.72   9.85   1.39    0.0    0.0   0.000E+00  -9.990   7.48   9.20  151.5  12.47
  8886  209.554    6.518    5376.   76.8  0  -2    3.03  0.769   40.7    12.86  12.68 -21.74  10.57  11.05   2.41  113.6    1.2   0.358E+42   0.274  11.66   9.37  945.7  14.14
233921  209.559    8.273    6473.   92.5  0   3    1.55  0.356   72.5    15.59  15.10 -19.73   9.76   9.71   1.33    0.0    0.0   0.000E+00  -9.990  13.65   9.13  209.7  12.98
231119  209.584    7.224    7543.  107.8  0   3    2.38  0.532   59.8    14.25  13.86 -21.31  10.39  10.55   1.83  119.9    0.0   0.000E+00  -9.990  21.66   9.34   84.5  12.46
  8890  209.593    6.339    4559.   65.1  0   0    3.19  0.631   52.4    13.35  13.07 -21.00  10.27  10.66   2.17    0.0    0.0   0.000E+00  -9.990  12.78   9.16  483.7  13.53
232635  209.595    9.534   16785.  239.8  0   3    1.11  0.865   30.8    16.05  15.96 -20.94  10.25  10.43   1.69   85.5    8.3   0.727E+42   0.581  19.72  10.22  611.2  14.49
  8891  209.603    6.070    5473.   78.2  0   4    3.44  0.152   90.0    13.77  12.61 -21.86  10.62  10.55   1.26   97.1   11.7   0.414E+43   1.337  24.35   9.98  361.0  13.63
233568  209.606   10.340    7035.  100.5  0   3    1.48  0.599   54.8    16.45  16.29 -18.72   9.36   9.47   1.65   77.9   12.5   0.240E+42   0.100  13.01   9.46  341.4  13.42
232636  209.607    9.061   16934.  241.9  0   3    1.11  0.790   38.7    15.40  15.25 -21.67  10.54  10.76   1.62   94.8    9.8   0.206E+43   1.033  23.08  10.00  273.3  13.86
  8896  209.661    7.216    4663.   66.6  0   3    2.35  0.157   90.0    14.30  13.16 -20.96  10.26  10.07   0.78   73.9   17.3   0.137E+43   0.857  17.17   9.73  288.0  13.22
238647  209.685    6.628    7556.  107.9  0   3    2.88  0.371   71.4    17.20  16.90 -18.27   9.18   9.30   1.38   75.2    6.7   0.290E+41  -0.818   5.53   9.62  200.5  12.62
231120  209.740    7.254    7654.  109.3  0   5    2.28  0.302   73.8    15.54  14.88 -20.31  10.00   9.57   0.69   71.2   48.6   0.258E+43   1.132  18.15   9.92  248.9  13.33
233569  209.795   10.213    6973.   98.4  2   3    1.26  0.582   56.1    17.54  17.37 -17.59   8.91   8.95   1.89   72.0   13.0   0.461E+41  -0.616   9.63   9.48  162.7  12.64
230898  209.835   10.139    6910.   98.4  2   3    1.18  0.914   24.5    14.16  14.10 -20.86  10.22  10.40   1.61   79.4   14.4   0.156E+43   0.913  12.82   9.36  224.6  13.04
238625  209.938    8.141    4858.   69.4  0   0    1.41  0.341   73.6    15.38  14.99 -19.22   9.56   9.76   1.52   72.5   34.6   0.299E+42   0.196   7.48   9.22  175.1  12.44
233570  209.950   11.326    5279.   75.4  0   3    2.13  0.594   55.2    15.99  15.83 -18.56   9.30   9.25   1.03   77.7   32.6   0.342E+42   0.255   9.09   9.23  203.4  12.69
233924  209.952   10.687   11711.  167.3  0   3    1.54  0.481   63.5    15.46  15.01 -21.11  10.32  10.50   1.53  106.2   45.8   0.162E+43   0.930  11.73   9.75  249.2  13.32
238649  209.960    9.107   16893.  241.3  0   2    0.76  0.226   83.8    16.78  15.87 -21.05  10.29   9.93   1.19   80.8   12.2   0.529E+42   0.444  27.16  10.25  320.9  14.07
230912  209.980   12.055   11915.  170.2  0   3    2.82  0.689   47.7    15.52  15.29 -20.86  10.22  10.17   1.18   83.1   23.0   0.124E+43   0.813  14.70  10.02  308.2  13.62
243884  210.001    7.764    4807.   68.7  0   3    1.71  0.470   64.3    17.22  16.99 -17.20   8.75   8.95   1.20  343.8    3.2   0.345E+40  -1.742   9.29   9.27  106.6  12.10
230914  210.018   12.111   12108.  173.0  0   0    2.86  0.460   65.0    13.90  13.28 -22.91  11.04  11.28   1.93  301.0   -1.4   0.000E+00  -9.990  35.11  10.44  640.0  14.63
243859  210.021    9.312    6359.   83.7  1  10    0.67  0.710   46.0    18.84  18.73 -15.88   8.22   8.21   0.84    0.0    0.0   0.000E+00  -9.990   6.35   9.04  118.3  12.11
249086  210.022    8.170    7285.   98.4  2   3    1.34  0.303   76.6    17.27  16.90 -18.06   9.10   8.95   0.78   70.2   45.6   0.138E+42  -0.139   6.56   9.19  154.2  12.43
242402  210.046    9.907   16818.  240.3  0   3    0.87  0.590   55.5    15.67  15.35 -21.56  10.49  10.64   1.56    0.0    0.0   0.000E+00  -9.990  21.79  10.05  235.4  13.70
  8918  210.060    8.967    4361.   62.3  0   3    0.73  0.279   78.6    14.12  13.34 -20.64  10.13  10.18   1.71   77.0   10.0   0.818E+42   0.633  13.48   9.73  309.2  13.14
230917  210.067    9.289    6090.   83.7  1   3    0.63  0.252   81.0    15.12  14.38 -20.24   9.97  10.02   1.31   72.6   11.7   0.459E+42   0.382  11.29   9.21  255.1  13.03
243818  210.088    9.958    7108.   98.4  2   3    0.87  0.268   79.5    16.40  16.00 -18.97   9.46   9.28   0.75   72.7   37.8   0.448E+42   0.372  10.92   9.61  206.5  12.90
230925  210.129    8.650    4832.   69.0  0   5    0.88  0.158   84.1    15.83  15.26 -18.93   9.44   9.19   0.71    0.0    0.0   0.000E+00  -9.990  12.26   9.47  181.0  12.68
243904  210.130   12.081   11798.  168.5  0   3    2.81  0.565   57.4    16.62  16.32 -19.82   9.80   9.97   1.56  115.6   38.8   0.325E+42   0.232   9.98   9.94  442.9  13.76
242246  210.137    8.994    4419.   63.1  0  10    0.65  0.483   63.3    17.56  17.34 -16.66   8.54   8.62   0.94   76.8    9.3   0.171E+41  -1.046   7.75   8.93  113.0  12.03
249087  210.161    7.215   11214.  160.2  0   4    2.18  0.874   29.7    15.76  15.68 -20.34  10.01  10.06   1.66   74.8   16.2   0.108E+43   0.752  19.57   9.90  114.9  12.86
249088  210.170    8.894    5629.   83.7  1   3    0.68  0.220   84.6    17.28  16.81 -17.80   8.99   8.80   0.57   78.3    9.1   0.254E+41  -0.876   7.69   9.14  220.0  12.73
243828  210.197    9.560    5335.   76.2  0   6    0.55  0.686   47.1    17.30  17.18 -17.23   8.76   8.71   0.82   81.0    7.7   0.319E+41  -0.776  10.29   8.99   83.2  11.97
231599  210.218    6.486    4591.   65.6  0   3    2.88  0.454   65.4    15.21  14.92 -19.16   9.54   9.49   1.05   76.6   26.4   0.463E+42   0.386  11.11   9.58  236.4  12.85
249089  210.219    7.840    5512.   78.7  0   3    1.56  0.437   66.6    15.95  15.70 -18.78   9.39   9.29   1.34   71.4   27.4   0.332E+42   0.241   9.74   9.12  148.1  12.46
249091  210.226    7.422    7377.  105.4  0   4    1.97  0.136   90.0    16.51  15.91 -19.20   9.55   9.40   1.36   68.3   13.2   0.162E+42  -0.071  13.47   9.39  185.0  12.93
249090  210.236    9.864    6525.   83.7  1   3    0.70  0.855   32.0    16.48  16.43 -18.18   9.14   9.17   1.20   72.7   12.8   0.799E+41  -0.377   5.72   9.03  292.8  12.85
248868  210.246   12.110    7199.  102.8  0   3    2.82  0.728   44.4    17.23  17.13 -17.93   9.04   9.05   1.10   77.9   17.7   0.431E+41  -0.646   5.91   9.25  168.6  12.48
242168  210.274    9.106    5693.   83.7  1   6    0.48  0.431   65.4    17.60  17.34 -17.27   8.78   8.45   1.06   74.8   70.8   0.188E+42  -0.006  12.72   9.30  106.7  12.32
231601  210.287    8.583    5124.   73.2  0   1    0.85  0.371   71.4    14.07  13.46 -20.87  10.22  10.54   1.98  236.4   -0.7   0.000E+00  -9.990   6.42   9.29  422.0  13.16
  8928  210.290    7.702    7171.  102.4  0   3    1.68  0.925   22.8    14.06  14.01 -21.04  10.29  10.31   1.53   74.3   20.0   0.649E+43   1.532  20.49  10.04  260.4  13.39
  8927  210.294    7.482    7364.  105.2  0   4    1.89  0.361   72.1    14.73  14.10 -21.01  10.28  10.29   2.52    0.0    0.0   0.000E+00  -9.990  24.24   9.70  302.6  13.61
230939  210.325   10.119    7124.   98.4  2   4    0.87  0.750   42.5    14.61  14.43 -20.53  10.08  10.28   1.67   86.0   24.0   0.261E+43   1.137  15.27   9.86  371.8  13.56
  8934  210.341   10.481   10511.  150.2  0   5    1.20  0.505   60.4    14.76  14.34 -21.55  10.49  10.55   1.54   77.9    3.6   0.157E+43   0.916  27.57  10.16  394.5  14.05
230946  210.371    9.154    5219.   74.6  0   3    0.37  0.450   65.7    15.74  15.50 -18.87   9.42   9.53   1.34   70.9   17.0   0.128E+42  -0.172   5.32   9.24  158.0  12.23
249092  210.418    7.997    5724.   81.8  0  10    1.36  0.415   68.2    17.16  16.89 -17.68   8.94   9.03   1.58   71.2    7.7   0.314E+41  -0.783   9.32   9.02   66.8  11.77
  8938  210.442    9.490    6522.   83.7  1   3    0.30  0.483   63.3    13.36  12.92 -21.70  10.55  10.89   2.66  113.0    0.3   0.220E+42   0.063  24.49   9.89  386.0  13.72
230954  210.457    9.654    6692.   98.4  2   5    0.40  0.245   77.6    16.59  16.16 -18.80   9.39   9.15   0.82   71.0   20.3   0.211E+42   0.044  12.79   9.45  178.2  12.84
230955  210.467    8.786    6333.   83.7  1   3    0.59  0.848   32.7    13.81  13.71 -20.91  10.23  10.28   1.32   95.8   -2.1   0.000E+00  -9.990  13.14   9.74  314.3  13.27
249093  210.476   11.787   11879.  169.7  0   3    2.47  0.362   72.1    15.51  14.88 -21.27  10.38  10.42   1.26   89.5    7.5   0.528E+42   0.443  17.56  10.18  356.3  13.82
  8940  210.497    8.937    6096.   83.7  1  -5    0.44  0.627   52.7    13.07  12.75 -21.86  10.62  11.04   2.43 1662.7    1.6   0.489E+42   0.409  18.33   9.10  406.2  13.64
249094  210.500   10.830    4197.   60.0  0   3    1.51  0.469   64.3    15.43  15.19 -18.70   9.35   9.49   1.42   75.5   77.5   0.511E+42   0.428   4.99   8.71  135.3  11.98
231067  210.512    9.964   11461.  163.7  0  -2    0.66  0.521   60.6    15.64  15.24 -20.83  10.20  10.32   1.41  108.2    4.4   0.167E+42  -0.058  17.02   9.84  358.1  13.79
  8942  210.515    9.929    4540.   64.9  0   3    0.63  0.592   55.3    13.24  12.92 -21.14  10.33  10.27   1.07   79.6   51.0   0.515E+43   1.432  10.64   9.79  322.2  13.09
230964  210.528    9.060    6063.   83.7  1   5    0.32  0.890   27.3    15.40  15.35 -19.26   9.58   9.77   1.69    0.0    0.0   0.000E+00  -9.990  14.27   9.07  209.0  12.96
230966  210.533    9.567    5933.   83.7  1   3    0.29  0.479   63.6    15.61  15.32 -19.30   9.59   9.62   1.31   77.7   33.4   0.754E+42   0.598   9.28   9.06  133.9  12.38
243835  210.534   11.118    6296.   89.9  0   7    1.79  0.688   47.0    19.33  19.22 -15.55   8.09   8.98   1.83    0.0    0.0   0.000E+00  -9.990   4.78   9.20   79.3  11.67
  8944  210.547    9.440    6497.   83.7  1   5    0.19  0.697   46.2    13.12  12.89 -21.73  10.56  10.79   1.86  119.1   13.7   0.543E+43   1.455  19.18   9.79  470.7  13.79
249095  210.554    8.087    5492.   78.5  0  10    1.25  0.565   57.4    20.38  20.20 -14.28   7.58   7.28   1.61    0.0    0.0   0.000E+00  -9.990   4.39   8.89   76.0  11.54
  8943  210.555    8.037    5193.   74.2  0   1    1.30  0.577   56.5    12.36  11.93 -22.42  10.84  11.26   2.48  300.4   -0.5   0.000E+00  -9.990  19.97   9.34  802.6  14.22
249096  210.573    9.565    7010.   98.4  2   6    0.27  0.605   53.3    18.16  18.01 -16.96   8.65   8.68   0.72    0.0    0.0   0.000E+00  -9.990   9.87   9.22  159.6  12.63
  8946  210.573    7.684    4851.   69.3  0   3    1.65  0.469   64.3    13.24  12.77 -21.43  10.44  10.67   2.18  115.9   40.3   0.421E+43   1.344  17.44   9.35  348.3  13.41
249097  210.588    7.890    5763.   82.3  0   3    1.44  0.250   81.2    16.26  15.83 -18.74   9.37   9.25   0.87   76.7   27.0   0.323E+42   0.230  12.37   9.35  133.6  12.50
243837  210.596   11.514    6055.   86.5  0   6    2.19  0.637   50.9    17.77  17.63 -17.05   8.69   8.72   0.95    0.0    0.0   0.000E+00  -9.990   9.21   9.07  118.5  12.29
249098  210.608    9.919   16867.  241.0  0   6    0.60  0.388   68.2    17.03  16.44 -20.47  10.06   9.99   0.61    0.0    0.0   0.000E+00  -9.990  25.26  10.17  240.2  13.78
230970  210.608   10.406   10481.  149.7  0   3    1.08  0.373   71.3    14.20  13.51 -22.37  10.82  11.11   1.86  162.3   15.3   0.327E+43   1.235  29.64   9.88  477.3  14.24
243841  210.624   10.708    4447.   63.5  0   3    1.38  0.647   51.1    16.30  16.16 -17.85   9.01   8.80   0.74   76.5   42.5   0.732E+41  -0.415   3.15   9.04   98.9  11.53
  8948  210.637    9.079    6274.   83.7  1   3    0.26  0.395   69.7    13.95  13.38 -21.24  10.37  10.37   1.59   83.0    6.3   0.140E+43   0.866  18.28  10.00  376.5  13.58
240003  210.648    9.119    6005.   83.7  1   4    0.22  0.226   83.8    15.77  15.23 -19.38   9.63   9.85   1.44   79.0    2.4   0.420E+41  -0.657  16.13   9.84  482.8  13.74
243817  210.658   10.517   11490.  164.1  0   3    1.19  0.240   82.2    15.94  15.06 -21.02  10.28  10.16   1.12   76.4    8.1   0.468E+42   0.390  19.03  10.04  358.3  13.84
241325  210.670    9.279    5900.   83.7  1  10    0.06  0.369   71.6    17.28  16.97 -17.64   8.93   8.76   0.68   71.0   90.8   0.301E+42   0.199   8.58   9.15  113.9  12.21
  8950  210.676    9.164    6123.   83.7  1   5    0.17  0.136   86.3    16.00  15.40 -19.22   9.56   9.36   1.16   81.0   43.0   0.657E+42   0.537  17.21   9.59  193.4  12.97
241923  210.681    9.991    6071.   83.7  1   3    0.66  0.870   30.2    17.19  17.15 -17.46   8.86   8.83   1.09   73.4   21.7   0.710E+41  -0.428  11.63   9.26  170.9  12.69
  8951  210.712    8.779    6128.   83.7  1   5    0.55  0.237   78.1    15.24  14.53 -20.08   9.90   9.79   1.05   81.8   10.1   0.596E+42   0.495  17.86   9.59  252.4  13.22
  8956  210.732    9.420    6255.   83.7  1  -2    0.10  0.787   39.0    12.89  12.71 -21.90  10.63  11.13   2.72    0.0    0.0   0.000E+00  -9.990  19.59   9.45  670.2  14.11
249099  210.738    7.093    7302.  104.3  0   6    2.24  0.562   56.4    18.40  18.23 -16.87   8.62   8.52   1.28    0.0    0.0   0.000E+00  -9.990   9.05   9.00   51.6  11.64
249100  210.741   10.620   11562.  165.2  0   6    1.29  0.542   57.8    16.78  16.49 -19.60   9.71   9.48   1.69    0.0    0.0   0.000E+00  -9.990  19.54   9.94  197.3  13.34
241327  210.746    9.471    6948.   98.4  2   6    0.15  0.386   68.3    16.34  16.05 -18.92   9.44   9.43   1.07   77.4   11.9   0.218E+42   0.058  12.45   9.39  143.1  12.64
243860  210.753    9.049    5936.   83.7  1  10    0.29  0.706   46.3    17.68  17.57 -17.04   8.69   8.49   1.14  215.4    4.8   0.187E+41  -1.008   8.98   9.05   73.3  11.85
243819  210.762    8.767    7034.   98.4  2   6    0.57  0.845   32.6    15.88  15.81 -19.15   9.53   9.58   2.16    0.0    0.0   0.000E+00  -9.990  15.05   9.69  154.1  12.78
242169  210.777    8.241    5515.   78.8  0   6    1.09  0.682   47.5    16.72  16.60 -17.88   9.02   8.81   2.01   70.7   42.5   0.339E+42   0.251  10.73   9.06  118.1  12.31
243861  210.783    9.299    5821.   83.7  1   5    0.09  0.223   79.1    17.67  17.21 -17.40   8.83   8.72   1.02   72.7   45.1   0.611E+41  -0.494   6.55   9.11  148.7  12.32
243842  210.800   11.720    5566.   79.5  0   3    2.39  0.825   35.2    14.99  14.89 -19.61   9.72   9.78   1.20   83.8   11.8   0.148E+42  -0.111   4.71   9.31  414.4  13.05
240019  210.803    8.895    5675.   83.7  1   0    0.45  0.563   57.5    13.73  13.38 -21.24  10.37  10.74   2.14  471.7   -1.5   0.000E+00  -9.990  15.28   9.04  284.5  13.25
242248  210.807    9.751    7470.   98.4  2   6    0.43  0.771   39.9    16.49  16.41 -18.56   9.30   9.57   2.28   76.6   68.3   0.139E+43   0.863  17.11   9.55  102.9  12.49
249101  210.824   10.061    4269.   61.0  0   3    0.74  0.465   64.6    16.28  16.04 -17.88   9.02   8.99   1.00   82.4   75.7   0.101E+42  -0.275   3.14   8.69   94.1  11.47
243820  210.828    8.789    7354.   98.4  2   6    0.56  0.374   69.1    18.46  18.16 -16.81   8.60   8.66   1.18    0.0    0.0   0.000E+00  -9.990   5.32   9.44  137.0  12.23
249102  210.829    7.505    7205.  102.9  0   3    1.83  0.204   87.7    16.25  15.71 -19.35   9.61   9.36   0.79   72.6   41.0   0.483E+42   0.404  11.58   9.53  186.2  12.85
  8965  210.847    9.448    4900.   70.0  0   5    0.19  0.950   18.3    13.42  13.39 -20.84  10.21  10.51   2.66   67.1    1.3   0.110E+43   0.761  18.84   9.88  111.3  12.45
249103  210.851   11.154    4243.   60.6  0   3    1.83  0.536   59.5    16.18  15.99 -17.93   9.04   8.98   0.96   72.1   70.0   0.123E+42  -0.188   3.26   8.61   52.2  10.97
  8967  210.863    9.467    5899.   83.7  1   4    0.21  0.225   84.0    14.22  13.31 -21.31  10.40  10.33   1.37   84.5    8.0   0.765E+42   0.604  21.21  10.23  373.1  13.63
241328  210.867    8.967    5639.   83.7  1   5    0.40  0.236   78.2    16.24  15.79 -18.82   9.40   9.29   1.05   64.9    4.0   0.608E+41  -0.496  10.87   9.12  148.1  12.54
  8966  210.882    6.770    7628.  109.0  0   5    2.57  0.519   59.4    14.90  14.50 -20.69  10.15  10.16   1.99   71.6    5.3   0.105E+43   0.739  22.88   9.71  302.0  13.60
249143  210.899   10.883    5671.   81.0  0   3    1.57  0.503   61.9    16.16  15.95 -18.59   9.31   9.27   0.98   70.2   33.1   0.336E+42   0.246   9.21   9.05  202.9  12.73
242104  210.909   11.573    6262.   89.5  0   6    2.25  0.167   83.3    16.30  15.75 -19.01   9.48   9.33   0.97   75.5   25.4   0.262E+42   0.139  11.48   9.45  208.4  12.89
  8973  210.911   11.388   11771.  168.2  0   3    2.07  0.522   60.5    14.47  14.02 -22.11  10.72  10.80   2.23    0.0    0.0   0.000E+00  -9.990  31.82  10.77  587.0  14.50
243862  210.965    8.706    6213.   83.7  1   5    0.68  0.950   18.3    16.17  16.16 -18.46   9.25   9.45   1.37   70.8    3.5   0.886E+41  -0.332  11.06   8.82   85.8  12.07
249105  210.998    9.273    6073.   83.7  1   3    0.30  0.294   77.3    16.91  16.53 -18.08   9.11   9.10   1.06   80.9   17.6   0.492E+41  -0.588   6.01   9.24  179.4  12.45
  8983  211.015   12.004    7498.  107.1  0   5    2.69  0.190   81.5    15.40  14.38 -20.77  10.18  10.23   1.55   73.2    2.9   0.225E+42   0.072  24.23   9.93  352.9  13.75
  8979  211.032    6.486    7695.  109.9  0   4    2.86  0.220   84.6    15.00  14.07 -21.14  10.33  10.42   1.27   82.3    4.5   0.474E+42   0.396  19.43  10.13  373.6  13.71
249106  211.042    8.008   11065.  158.1  0   3    1.36  0.627   52.7    15.47  15.18 -20.81  10.20  10.44   1.56   90.7   15.3   0.754E+42   0.597  11.30   9.77  386.1  13.66
242251  211.092    9.508    7557.   98.4  2   5    0.43  0.733   43.3    15.88  15.75 -19.22   9.56   9.49   1.20   77.8   19.3   0.566E+42   0.473  14.75   9.77  195.6  12.98
  8989  211.095   11.735    6284.   89.8  0   0    2.44  0.398   69.4    14.20  13.63 -21.13  10.33  10.75   2.13  104.8    1.0   0.136E+42  -0.145  13.78   9.50  436.8  13.61
243843  211.137   11.190    5358.   76.5  0   6    1.91  0.864   30.5    16.27  16.22 -18.20   9.15   9.26   1.93   75.7   10.4   0.212E+42   0.046  12.57   9.01  159.7  12.63
249107  211.148    8.992   11413.  163.0  0   4    0.56  0.195   90.0    17.74  17.23 -18.83   9.40   9.14   0.52   69.5   12.5   0.782E+41  -0.387  14.60   9.64  204.0  13.23
240051  211.158   11.646    4886.   69.8  0   4    2.36  0.796   38.2    14.14  14.00 -20.22   9.96   9.93   1.12   72.6   34.3   0.194E+43   1.008   9.83   9.52  278.4  12.96
243844  211.158   11.717    6169.   88.1  0   3    2.43  0.401   69.2    17.42  17.14 -17.59   8.91   8.67   0.61   71.8   54.0   0.970E+41  -0.293   6.56   9.32  141.2  12.30
242316  211.170   12.144    5434.   77.6  0   5    2.85  0.362   69.9    16.83  16.52 -17.93   9.04   8.89   0.98   95.3   11.4   0.512E+41  -0.571   8.71   9.30  156.6  12.46
240054  211.195    8.335    7109.   98.4  2   4    1.11  0.827   35.0    15.07  14.95 -20.01   9.88   9.98   1.58   75.5    7.6   0.955E+42   0.700  17.65   9.48  210.9  13.13
  8995  211.197    8.801    1495.   21.4  0   4    0.72  0.323   75.0    13.97  13.62 -18.03   9.08   9.08   1.68   66.5   16.2   0.742E+42   0.591   7.79   9.02  165.6  11.90
  9001  211.223   10.801   11682.  166.9  0   5    1.56  0.426   65.7    14.77  14.24 -21.88  10.62  10.56   1.19    0.0    0.0   0.000E+00  -9.990  37.90   9.95  170.1  13.50
243829  211.229    9.694    7625.   98.4  2   6    0.64  0.565   56.2    17.83  17.65 -17.32   8.80   8.62   1.27    0.0    0.0   0.000E+00  -9.990   7.28   9.25  134.8  12.35
  9008  211.258   11.011    5604.   80.1  0   5    1.77  0.876   29.1    14.82  14.74 -19.78   9.78  10.04   1.93   68.2   15.2   0.152E+43   0.901  19.35   9.53  265.5  13.28
  9007  211.275    9.339    4877.   69.7  0   6    0.57  0.836   33.6    15.59  15.53 -18.68   9.35   9.43   2.35   82.5    6.2   0.299E+42   0.195  14.51   9.23   66.9  11.90
243926  211.294    8.083    6179.   88.3  0   3    1.38  0.803   37.5    17.45  17.39 -17.34   8.81   8.95   1.35   74.2    2.6   0.147E+41  -1.111   8.12   8.76   83.8  11.94
240067  211.324    9.637    7179.   98.4  2   5    0.69  0.733   43.3    15.14  14.95 -20.01   9.88  10.02   2.00   81.5   11.4   0.962E+42   0.703  16.20   9.46  297.7  13.39
243826  211.335   10.411    5730.   83.7  1   3    1.25  0.738   43.5    17.08  16.98 -17.63   8.92   8.61   0.66   75.1  406.6   0.931E+42   0.689   6.11   9.80  390.6  13.13
243929  211.392    6.423    9367.  133.8  0   3    2.99  0.868   30.5    16.72  16.66 -18.97   9.46   9.49   1.75   72.2   14.1   0.205E+42   0.033  13.31   9.49  205.2  13.11
240077  211.400    8.915    7303.   98.4  2   7    0.81  0.929   21.9    15.06  15.01 -19.95   9.85   9.91   1.79    0.0    0.0   0.000E+00  -9.990  18.49   9.92  319.2  13.51
243845  211.403   11.563    7099.  101.4  0   4    2.34  0.254   80.8    16.26  15.79 -19.24   9.57   9.47   0.82   71.3  114.7   0.943E+42   0.695  11.68   9.33  170.2  12.77
242321  211.427   12.074    4881.   69.7  0   5    2.84  0.244   77.6    16.80  16.36 -17.85   9.01   8.74   0.84   73.7   35.3   0.116E+42  -0.216   7.19   9.08  137.2  12.21
240082  211.429    9.512   16662.  238.0  0   5    0.74  0.794   37.8    15.27  15.11 -21.77  10.58  10.81   2.53   94.1    4.2   0.188E+43   0.994  36.81  10.31  630.4  14.78
243933  211.481    6.438    7637.  109.1  0   6    2.99  0.608   53.1    17.70  17.55 -17.64   8.93   8.84   1.14   72.6   10.3   0.313E+41  -0.785   8.24   9.45  201.3  12.80
  9015  211.485    9.026    7257.   98.4  2   3    0.83  0.692   47.5    14.26  14.03 -20.93  10.24  10.57   2.45  161.1   -1.1   0.000E+00  -9.990  24.06   9.92  414.0  13.85
243823  211.513   10.542   10223.  146.0  0   4    1.45  0.437   66.6    16.10  15.60 -20.22   9.96   9.77   1.01   76.0   19.0   0.570E+42   0.476  17.74   9.70  308.3  13.63
240088  211.527   11.789    5032.   71.9  0   6    2.59  0.544   57.7    14.89  14.59 -19.69   9.75   9.73   1.34   71.5   24.5   0.122E+43   0.806  15.09   9.73  235.4  13.02
242252  211.540    9.572    7651.   98.4  2   3    0.86  0.548   58.6    16.03  15.80 -19.17   9.54   9.56   1.35   74.3   10.0   0.239E+42   0.099  12.10   9.24  161.6  12.73
243935  211.561    6.194    9427.  134.7  0   3    3.25  0.272   79.2    16.95  16.52 -19.13   9.52   9.62   1.37   99.3   32.7   0.193E+42   0.005  10.81   9.60  228.1  13.12
243846  211.572   11.786    6965.   99.5  0   3    2.60  0.592   55.3    17.14  16.98 -18.01   9.08   8.93   0.82    0.0    0.0   0.000E+00  -9.990  10.50   9.28  131.3  12.49
242405  211.605    9.154   11701.  167.2  0   3    0.91  0.515   61.0    15.59  15.18 -20.93  10.25  10.36   1.61   98.7   22.2   0.114E+43   0.777  20.20   9.75  249.2  13.56
242009  211.612    9.359    7472.   98.4  2  10    0.90  0.429   67.2    16.81  16.55 -18.41   9.24   9.27   2.73   23.7   -0.2   0.000E+00  -9.990  20.28   9.44   67.3  12.19
  9020  211.633    6.029    1281.   18.3  0   3    3.43  0.192   90.0    12.94  12.43 -18.88   9.43   9.76   2.79   59.6    1.0   0.175E+42  -0.038   8.79   8.59  254.0  12.26
249108  211.658    6.149    7440.  106.3  0   6    3.32  0.854   31.6    17.87  17.82 -17.31   8.80   8.90   1.00    0.0    0.0   0.000E+00  -9.990   9.30   9.12   95.4  12.19
243863  211.695   10.388    7021.  100.3  0   3    1.44  0.647   51.1    16.71  16.58 -18.43   9.24   9.14   1.21   75.0    9.6   0.640E+41  -0.474   9.30   9.24  110.5  12.30
  9023  211.713    9.321    7463.   98.4  2   5    1.00  0.449   64.2    15.26  14.80 -20.17   9.94   9.78   1.36   85.6   39.8   0.244E+43   1.107  18.43   9.93  256.7  13.32
243939  211.739    6.225    7639.  109.1  0   3    3.27  0.858   31.6    16.45  16.40 -18.79   9.39   9.38   1.21   73.9   75.0   0.331E+42   0.240   5.34   9.29  293.8  12.94
240102  211.751   10.462    9960.  142.3  0   4    1.53  0.719   45.2    14.21  13.99 -21.77  10.58  10.73   1.70   65.7    1.5   0.104E+43   0.736  23.83   9.89  425.7  14.03
  9027  211.767   10.643    7126.  101.8  0   3    1.68  0.318   75.4    15.23  14.53 -20.51  10.07   9.95   1.31   78.5   18.4   0.806E+42   0.626  20.43   9.89  260.4  13.39
243940  211.768    6.604    7855.  112.2  0   4    2.92  0.365   71.8    17.56  17.25 -18.00   9.07   8.87   0.70   80.0   56.2   0.660E+41  -0.461   4.96   9.26  141.0  12.28
243852  211.769   10.712    1438.   20.5  0   3    1.74  0.509   61.5    16.88  16.67 -14.89   7.83   7.76   0.71   72.4  330.1   0.450E+41  -0.627   2.28   7.84   62.6  10.50
249109  211.777    8.989    6140.   83.7  1   7    1.12  0.346   70.9    19.06  18.73 -15.88   8.22   8.11   1.86    0.0    0.0   0.000E+00  -9.990   7.06   8.84   95.2  11.97
249110  211.821    6.570    9429.  134.7  0   3    2.98  0.895   27.1    17.02  16.98 -18.66   9.34   9.43   1.19    0.0    0.0   0.000E+00  -9.990  18.79   9.67  448.1  13.95
249111  211.860    7.099    7359.  105.1  0   3    2.51  0.650   50.9    15.76  15.55 -19.55   9.69   9.84   2.06    0.0    0.0   0.000E+00  -9.990  16.63   9.40  322.3  13.50
243848  211.861   11.431    7705.  110.1  0   4    2.39  0.818   36.0    16.58  16.52 -18.69   9.35   9.34   1.61   67.4   12.3   0.240E+42   0.100  14.28   9.52  109.0  12.51
  9030  211.909    9.675    7348.   98.4  2   4    1.24  0.177   90.0    14.69  13.63 -21.34  10.41  10.52   1.78   75.9    3.1   0.407E+42   0.330  20.99   9.39  329.0  13.59
241392  211.980    7.041    7268.  103.8  0   3    2.62  0.924   23.0    14.87  14.82 -20.26   9.98  10.23   1.97  225.9   -1.4   0.000E+00  -9.990  14.89   9.51  340.8  13.49
243949  212.007    6.735    9397.  134.2  0   3    2.90  0.509   61.5    15.96  15.58 -20.06   9.90   9.72   0.83   76.5   25.4   0.700E+42   0.565  14.61   9.82  225.4  13.24
243952  212.038    6.727    9363.  133.8  0   4    2.92  0.172   90.0    16.49  15.70 -19.93   9.84   9.85   0.91   74.6   21.4   0.379E+42   0.298  14.34   9.81  269.0  13.38
243954  212.040    7.031    7228.  103.3  0   3    2.65  0.588   55.6    16.86  16.70 -18.37   9.22   9.28   1.22   79.0   74.5   0.156E+42  -0.087   4.87   9.03   92.1  11.87
243955  212.064    6.104   16811.  240.2  0   3    3.50  0.868   30.5    16.69  16.61 -20.30   9.99  10.01   1.15   76.7   66.5   0.104E+43   0.737  10.36  10.25  852.4  14.50
249112  212.084   11.608    5230.   74.7  0  10    2.65  0.543   59.0    17.46  17.27 -17.10   8.71   8.50   0.77   70.7   18.5   0.238E+41  -0.903   4.28   9.04  198.4  12.34
243956  212.115    6.432    7891.  112.7  0   5    3.22  0.534   58.4    16.06  15.78 -19.48   9.66   9.49   1.19   72.7   20.9   0.858E+42   0.654  15.89   9.38  165.6  12.93
  9037  212.121    7.057    6199.   88.6  0   5    2.67  0.572   55.7    13.89  13.54 -21.19  10.35  10.34   1.40   84.8   56.4   0.118E+44   1.792  20.84  10.26  355.8  13.61
  9041  212.137   11.816    5993.   85.6  0   1    2.86  0.640   51.7    13.58  13.31 -21.35  10.41  10.71   1.90  117.5   55.8   0.586E+43   1.488  16.19   9.36  369.8  13.52
249113  212.145    8.245    7418.  106.0  0   3    1.79  0.693   47.4    17.85  17.74 -17.39   8.83   8.89   1.17    0.0    0.0   0.000E+00  -9.990   6.41   9.39  220.2  12.76
240125  212.147   11.951    6070.   86.7  0   4    2.98  0.331   74.4    15.43  14.92 -19.77   9.78   9.69   1.08   72.7   11.7   0.434E+42   0.358  12.90   9.50  200.4  12.89
243857  212.206   10.796    5088.   72.7  0   3    2.08  0.432   67.0    15.65  15.39 -18.92   9.44   9.34   0.89   73.9   56.3   0.413E+42   0.336   5.99   9.12  215.1  12.54
243849  212.228   11.942    6064.   86.6  0   3    3.01  0.907   25.5    17.01  16.98 -17.70   8.95   9.04   1.25   68.6   10.5   0.410E+41  -0.667   7.49   9.32  209.4  12.69
240131  212.341    8.907    7305.  104.4  0   5    1.67  0.885   28.0    14.46  14.39 -20.71  10.15  10.55   2.31   59.3    0.4   0.167E+42  -0.057  20.86   9.72  437.1  13.86
249114  212.385    8.674    8033.  114.8  0   3    1.79  0.328   74.6    15.86  15.28 -20.02   9.88   9.86   1.02   83.7   67.2   0.853E+42   0.651   8.39   9.31  115.1  12.35
249115  212.402   10.724   11365.  162.4  0   6    2.18  0.731   43.4    17.12  17.00 -19.06   9.49   9.50   1.38   65.0    4.2   0.755E+41  -0.402  14.41   9.69  222.6  13.30
249116  212.412    9.561   11662.  166.6  0   3    1.70  0.487   63.1    16.87  16.53 -19.57   9.70   9.60   1.21   86.1   12.6   0.176E+42  -0.034  13.34   9.88  288.3  13.51
241408  212.432    8.069    7515.  107.4  0   3    2.13  0.512   61.3    13.58  13.13 -22.02  10.68  10.90   1.82  149.1   33.2   0.102E+44   1.730  19.52   9.52  420.9  13.81
243850  212.434   11.116    6609.   94.4  0   4    2.47  0.245   81.7    17.22  16.78 -18.09   9.11   9.04   0.80   94.6    5.2   0.285E+41  -0.826   9.36   9.36  233.4  12.92
243964  212.439    6.717    6068.   86.7  0   3    3.13  0.465   64.6    17.10  16.86 -17.83   9.00   8.87   1.44   74.4    7.9   0.266E+41  -0.856   7.04   9.29  160.5  12.44
  9054  212.452    9.858    7488.  107.0  0   3    1.81  0.571   56.9    14.53  14.18 -20.97  10.26  10.52   1.79  103.5   13.0   0.131E+43   0.837  16.32   9.61  346.1  13.56
240138  212.459   10.961   17963.  256.6  0   3    2.38  0.331   74.4    14.67  13.79 -23.26  11.18  11.16   1.34  132.3    3.0   0.190E+43   0.999  42.17  10.32  226.4  13.98
240140  212.517   10.165    7889.  112.7  0   1    1.98  0.718   45.3    14.54  14.34 -20.92  10.24  10.44   1.66    0.0    0.0   0.000E+00  -9.990  17.39   9.78  325.2  13.56
240142  212.541   11.934    8652.  123.6  0   3    3.17  0.350   73.0    15.06  14.42 -21.04  10.29  10.25   1.25   88.9   15.7   0.128E+43   0.828  17.86   9.92  348.3  13.67
713876  212.560   11.472    8498.  121.4  0  20    2.82  0.629   52.5    15.54  15.25 -20.17   9.94  10.02   1.31   79.8   28.5   0.646E+42   0.530  11.27   9.51   99.6  12.37
249118  212.635    8.595    7098.  101.4  0   7    2.05  0.507   60.3    19.39  19.18 -15.85   8.21   7.70   2.94    0.0    0.0   0.000E+00  -9.990   8.96   9.08   68.0  11.86
243972  212.648    6.414   17133.  244.8  0   3    3.50  0.812   36.6    16.73  16.60 -20.34  10.01  10.01   1.15   76.5   21.2   0.838E+42   0.643  19.89   9.84  172.9  13.40
240146  212.682    8.997    7313.  104.5  0   2    1.98  0.616   53.5    13.81  13.51 -21.58  10.51  10.66   2.12   93.4    2.3   0.649E+42   0.532  20.96   9.83  354.5  13.68
  9072  212.739    6.365    6146.   87.8  0   3    3.59  0.588   55.6    12.86  12.47 -22.25  10.77  11.02   1.93    0.0    0.0   0.000E+00  -9.990  21.97  10.15  564.5  14.03
249119  212.764   10.556    4972.   71.0  0   3    2.37  0.586   55.8    17.64  17.47 -16.78   8.59   8.54   1.28   71.6   12.8   0.101E+41  -1.277   4.06   8.67   49.6  11.09
240153  212.805   11.373    7499.  107.1  0   3    2.91  0.260   80.2    15.83  15.18 -19.97   9.86   9.69   0.83   70.6   35.7   0.756E+42   0.599  13.12   9.66  230.3  13.11
249120  212.818    9.227    7546.  107.8  0   6    2.09  0.684   47.3    17.34  17.23 -17.94   9.05   9.00   1.83   75.7  149.5   0.104E+43   0.738  14.82   9.26  114.3  12.56
249121  212.878    8.398   11040.  157.7  0   3    2.35  0.423   67.6    17.73  17.46 -18.53   9.28   9.05   0.96   75.1   58.8   0.205E+42   0.032   9.25   9.77  128.7  12.62
240155  212.891    8.357    7696.  109.9  0   4    2.37  0.744   43.0    14.87  14.69 -20.51  10.08  10.03   1.17    0.0    0.0   0.000E+00  -9.990  15.05   9.91  325.5  13.48
240157  212.901    8.810    7090.  101.3  0   0    2.23  0.480   63.6    14.22  13.77 -21.26  10.38  10.82   2.30   22.8    0.0   0.839E+41  -0.356  14.82   9.06  121.7  12.59
241924  212.964    8.501    7751.  110.7  0   5    2.39  0.219   79.4    17.01  16.54 -18.68   9.34   9.41   1.84   73.9   15.4   0.113E+42  -0.227  12.82   9.45  222.8  13.09
249122  212.967    9.752    7912.  113.0  0   4    2.27  0.828   34.9    15.82  15.72 -19.54   9.69   9.78   1.49   77.0   10.5   0.718E+42   0.576  18.29   9.28  127.6  12.77
240161  213.011   10.375   10034.  143.3  0   5    2.51  0.510   60.1    15.11  14.70 -21.08  10.31  10.44   2.11   76.7    2.5   0.703E+42   0.567  25.75   9.83  362.4  13.92
243982  213.013    5.858    7624.  108.9  0   6    4.16  0.787   38.4    17.20  17.13 -18.06   9.10   9.01   1.33    0.0    0.0   0.000E+00  -9.990  12.95   9.53  226.9  13.10
  9084  213.053    8.662    7487.  107.0  0   3    2.42  0.905   25.7    13.78  13.72 -21.43  10.44  10.82   2.31  265.5    1.7   0.600E+42   0.498  26.36   9.57  398.4  13.89
241198  213.087    8.508    7239.  103.4  0   1    2.50  0.491   62.8    13.93  13.50 -21.58  10.50  10.89   2.17   55.8    0.1   0.140E+42  -0.135  19.47   9.67  521.9  13.98
249123  213.095    8.426    7508.  107.3  0   2    2.53  0.671   49.2    17.48  17.36 -17.79   8.99   9.24   1.56    0.0    0.0   0.000E+00  -9.990   8.42   9.79  417.6  13.44
249124  213.138    6.451   17292.  247.0  0   3    3.76  0.909   25.2    15.54  15.47 -21.49  10.47  10.66   1.61    0.0    0.0   0.000E+00  -9.990  22.30   9.97  244.5  13.76
249125  213.152    9.739    7904.  112.9  0   6    2.45  0.473   62.6    17.37  17.14 -18.12   9.12   9.11   0.48   77.5   26.4   0.142E+42  -0.129  10.75   9.38  198.3  12.92
  9093  213.158   12.020   11616.  165.9  0   5    3.62  0.329   72.0    15.46  14.77 -21.33  10.40  10.27   1.12   76.4    5.9   0.826E+42   0.637  28.63  10.11  358.5  14.02
249126  213.189    9.552    7526.  107.5  0   3    2.47  0.565   57.4    16.74  16.56 -18.59   9.31   9.22   1.04   77.4   23.2   0.186E+42  -0.011   8.93   9.54  255.3  13.04
240174  213.244    9.921    7335.  104.8  0   0    2.58  0.757   41.8    14.27  14.09 -21.01  10.28  10.53   1.99   95.4   58.9   0.817E+43   1.632  16.91   9.74  443.9  13.78
240176  213.272    8.632    7491.  107.0  0  -2    2.63  0.350   73.0    14.96  14.32 -20.83  10.20  10.39   1.64   82.0    6.3   0.275E+42   0.159   9.90   9.42  108.8  12.34
240179  213.285    8.619    7657.  109.4  0   3    2.65  0.875   29.6    15.28  15.20 -20.00   9.87   9.92   1.46    0.0    0.0   0.000E+00  -9.990  13.80  10.06  271.2  13.28
240183  213.363    8.981    7457.  106.5  0   4    2.65  0.279   78.6    14.57  13.78 -21.35  10.41  10.23   0.92    0.0    0.0   0.000E+00  -9.990  20.37  10.21  367.3  13.71
244005  213.405    6.168   17260.  246.6  0   3    4.14  0.532   59.8    15.33  14.89 -22.07  10.70  10.75   1.23  117.4   12.1   0.233E+43   1.088  25.61  10.44  437.4  14.32
249127  213.416    8.592   10976.  156.8  0   3    2.78  0.843   33.3    15.86  15.76 -20.22   9.96   9.98   1.31   76.4   19.3   0.105E+43   0.742  14.79   9.67  213.1  13.26
241967  213.440    8.218    7643.  109.2  0   3    2.93  0.682   48.3    13.91  13.67 -21.52  10.48  10.81   2.30    0.0    0.0   0.000E+00  -9.990  18.94   9.56  320.2  13.57
243890  213.470    7.825    8226.  117.5  0   4    3.12  0.209   86.5    17.04  16.56 -18.79   9.39   9.21   0.93    0.0    0.0   0.000E+00  -9.990  10.58   9.71  247.5  13.12
240190  213.501    9.769    8814.  125.9  0   1    2.80  0.693   47.4    17.42  17.31 -18.19   9.15   9.05   1.32   71.3   42.0   0.152E+42  -0.099  10.46   9.56  251.4  13.16
  9111  213.587    7.516    7713.  110.2  0   1    3.38  0.706   46.3    13.62  13.39 -21.82  10.60  10.87   1.97  112.5   35.3   0.118E+44   1.792  28.09  10.06  507.7  14.14
241082  213.597   10.579    8758.  125.1  0   6    3.11  0.193   81.2    16.31  15.58 -19.90   9.83   9.73   0.75   73.6   47.3   0.808E+42   0.627  15.15   9.64  227.7  13.23
244013  213.600    6.103   17829.  254.7  0   5    4.32  0.837   33.5    15.84  15.73 -21.30  10.39  10.32   1.21   86.3   34.0   0.413E+43   1.336  30.18  10.25  263.1  13.96
244019  213.712   11.841    7414.  105.9  0   3    3.88  0.524   60.4    17.64  17.44 -17.68   8.94   8.85   0.89   74.7   23.0   0.583E+41  -0.514   7.67   9.41  363.5  13.27
244022  213.768    6.224    7486.  106.9  0   3    4.35  0.796   38.2    15.90  15.80 -19.35   9.61   9.64   1.21   75.1   42.4   0.693E+42   0.560  10.42   9.17  213.7  12.95
249128  213.804    8.782    9066.  129.5  0   3    3.11  0.600   54.7    15.68  15.37 -20.20   9.95   9.97   1.75   73.1   16.8   0.106E+43   0.744  17.14   9.52  178.8  13.09
249129  213.808    8.844   17685.  252.6  0   3    3.11  0.635   52.0    16.22  15.94 -21.07  10.30  10.28   1.26   89.4   28.2   0.140E+43   0.865  18.03  10.23  242.2  13.67
240211  213.816   11.288   11241.  160.6  0   3    3.64  0.990    8.3    15.64  15.63 -20.40  10.03  10.09   1.61   71.9   28.6   0.223E+43   1.068  23.30  10.03  326.4  13.84
241199  213.850    8.011    7720.  110.3  0   3    3.38  0.284   78.1    15.29  14.52 -20.70  10.15  10.05   1.41   77.0   12.6   0.869E+42   0.659  18.52   9.66  308.6  13.53
244026  213.910   11.941   16349.  233.6  0   3    4.09  0.385   70.4    15.55  14.96 -21.88  10.62  10.22   0.59   91.4   50.7   0.358E+43   1.274  17.58  10.17  221.9  13.54
713955  213.958   10.254    7589.  108.4  0  20    3.34  0.872   30.0    16.80  16.76 -18.41   9.24   9.32   1.53   60.2    1.8   0.337E+41  -0.753  10.50   9.15  218.2  12.97
249130  213.960   10.961    5148.   73.5  0   3    3.60  0.611   53.9    16.86  16.71 -17.62   8.92   8.99   1.33   70.5   26.4   0.549E+41  -0.541   5.90   8.99   92.8  11.81
243887  213.978    7.764   13305.  190.1  0   3    3.60  0.617   53.4    17.05  16.81 -19.58   9.71   9.73   1.21   74.1    6.7   0.136E+42  -0.145  17.05  10.11  295.1  13.69
249131  214.075   10.895   10081.  144.0  0   3    3.67  0.444   66.1    17.53  17.28 -18.51   9.27   9.11   1.13   60.6    6.8   0.432E+41  -0.645  14.38   9.64  114.8  12.68
240222  214.083    8.293    7599.  108.6  0   5    3.50  0.613   52.7    13.49  13.14 -22.04  10.69  11.14   2.84  125.9    1.3   0.484E+42   0.405  22.86   9.24  324.2  13.66
244036  214.092    6.310    6419.   91.7  0   3    4.52  0.891   27.6    16.90  16.86 -17.95   9.05   9.22   1.49   76.5   11.8   0.502E+41  -0.579   6.47   8.96  306.5  12.99
244038  214.137    6.589   17197.  245.7  0  20    4.37  0.589   55.6    16.06  15.74 -21.21  10.36  10.63   1.76  129.3    5.6   0.312E+42   0.214  18.23  10.20  460.7  14.22
  9134  214.147    9.985   11408.  163.0  0   5    3.46  0.679   47.7    14.74  14.50 -21.56  10.50  10.66   1.81   73.5    3.5   0.143E+43   0.874  34.66  10.36  408.4  14.21
