#  AGC     ew_NII6583    ew_Halpha    ew_OIII5007    ew_Hbeta      R1     R2   ObjID
#  R1 = log(ew_NII6583/ew_Halpha)       R2 = log(ew_OIII5007/ew_Hbeta)
238632     4.51634312   47.39144135   26.02732468    9.46215916  -1.02   0.44 587736525907034357
232436     5.72675991   46.78335571   25.23229027    8.28464031  -0.91   0.48 588017703479410761
238633     1.16538596   14.71295547    5.32885313    4.01636410  -1.10   0.12 588017725484237130
231532     8.14605522   19.81956673    0.89610702    3.31177092  -0.39  -0.57 588017726557978704
238635     2.66546392   12.54689503    3.06316209    2.33379793  -0.67   0.12 587736524296683789
230801     5.16032505   11.86541939    0.78143901    1.45788395  -0.36  -0.27 588017991765262510
238637     2.81943893   22.53027153    9.75022411    4.86607599  -0.90   0.30 587736526444167304
233581     7.09281921   15.67875290    2.64955306    3.18349409  -0.34  -0.08 587736541478519037
238639    10.50114346  225.95277405  210.73345947   44.04024506  -1.33   0.68 587736541478584332
231014    19.65456200   67.30965424   11.86965275   10.92078304  -0.53   0.04 588017724947759115
230831    14.55184460   50.35040665    5.92214680    9.30610943  -0.54  -0.20 588017990154846296
238642     3.28018808    5.80425501    0.49350700    0.43443099  -0.25   0.06 587736523760074920
238644     3.21343899   22.04458809   10.87678432    4.07645321  -0.84   0.43 587736542015586455
238645     6.34582710   30.80952072    8.31746197    5.21518517  -0.69   0.20 588017990154911937
233565     2.70985794   34.60085297   13.89751244    5.21543694  -1.11   0.43 587736543626199063
232440     8.44330215   75.53280640   56.98642731   15.36802006  -0.95   0.57 588017703479804034
  8861     3.52094698   13.58287811    4.64696693    2.37423301  -0.59   0.29 587736543626199210
232305     1.90172994   10.42290878    2.40401697    1.83287001  -0.74   0.12 587736477050667189
232306     1.47419500   12.12846947    5.19571781    1.55702400  -0.92   0.52 588017702406193272
230866     6.23148584    7.10717678    4.18956184    0.60048801  -0.06   0.84 587736478661279833
232447     4.25801802   18.05318069    4.89186478    3.37737608  -0.63   0.16 587736478124474529
  8871     4.21359491    6.04094791    0.59141397    0.23018999  -0.16   0.41 587736523760206056
  8874    17.16076660   45.11455154    0.89319301    6.72551918  -0.42  -0.88 588017724411084892
  8878    15.75208855   25.54358292    0.89343297    2.84560609  -0.21  -0.50 588017992302526501
231576    10.45013428   30.15243530    3.11107492    5.56795692  -0.46  -0.25 588017726021697687
231122     5.25777006   18.79905891    3.01586008    2.76780605  -0.55   0.04 588017726021697715
  8881     4.19405222    9.43377018    1.46075499    1.54453695  -0.35  -0.02 587736525370884222
230872     7.96599388   23.95055580    3.11480403    4.62362814  -0.48  -0.17 587736477050798261
238646     2.32225299    9.51463699    2.96650290    1.71250105  -0.61   0.24 587736526444626083
232635     3.63425708    8.34584904    0.19560000    0.99444002  -0.36  -0.71 587736543089524928
  8891     4.88667488   11.68757153    0.58605498    1.10882103  -0.38  -0.28 588017724411215908
233568     2.72586107   12.51052284    6.43554497    2.37533903  -0.66   0.43 587736476513993036
232636     3.92843795    9.76097202    0.73337698    0.88009900  -0.40  -0.08 588017991228850270
  8896     5.86571884   17.31250954    1.94901395    2.53832889  -0.47  -0.11 587736525370949664
238647     2.63988900    6.70500803    1.58144605    0.58612198  -0.40   0.43 587736524834078854
231120     7.61502695   48.61304092   20.78731728   10.16079235  -0.81   0.31 588017726021828738
233569     1.17558897   13.01259041    4.62608099    0.64580899  -1.04   0.86 588017992839528812
230898     6.19282579   14.37353897    0.78995901    2.01495910  -0.37  -0.41 587736543626526740
238625    10.95443916   34.56145477    4.71841717    6.35553122  -0.50  -0.13 588017990155305008
233570     5.09353685   32.61560440   13.70841789    7.25846004  -0.81   0.28 588017703480197321
233924    16.02378082   45.76353455    1.70746005    6.66274023  -0.46  -0.59 587736477050994783
238649     3.99979711   12.18812180    1.97974706    1.40873301  -0.48   0.15 587736542552850591
230912     8.53124809   22.98676491    2.42314506    3.49600601  -0.43  -0.16 588017704553939173
243884    54.40460205    3.20507312   98.11115265   51.38726425   1.23   0.28 588017726558830607
249086     3.63961411   45.64216232   32.63871384   10.59589577  -1.10   0.49 588017990155305201
  8918     5.61330700   10.02757454    1.64479303    1.12832403  -0.25   0.16 588017991229046981
230917     4.57363892   11.73089123    0.91303200    1.72720397  -0.41  -0.28 588017991765917815
243818     3.53281593   37.77783966   21.06652641    6.42176580  -1.03   0.52 587736543626592360
243904    22.15129662   38.83404160    1.86362600    6.17920685  -0.24  -0.52 588017704554004512
249087     5.98686409   16.17758369    0.68459302    2.72275305  -0.43  -0.60 587736525371146336
249088     0.54592699    9.12282944    2.06626606    1.10513997  -1.22   0.27 588017991229112501
231599     4.59937477   26.43727303    9.77045441    4.39567423  -0.76   0.35 588017724948349080
249089     4.39266682   27.35569000   12.06427574    6.06213999  -0.79   0.30 588017726558896349
249091     2.42246509   13.18096924    3.85375404    2.18442607  -0.74   0.25 587736525908082889
249090     3.48392010   12.75038815    4.04542589    2.38130593  -0.56   0.23 588017992302854319
248868     2.52034998   17.70972443    6.80770493    3.11338711  -0.85   0.34 588017704554004702
242168     6.77396584   70.78249359   24.33175087   11.60895729  -1.02   0.32 587736542552981569
  8928     6.88962078   19.98420525    1.07522905    3.80942512  -0.46  -0.55 588017726558961797
230939     8.36602688   24.03623199    0.72369498    4.01766205  -0.46  -0.74 588017992839790659
230946     4.40453100   16.98001671    4.94805193    3.44789791  -0.59   0.16 587736542553047150
249092     0.86816800    7.70369911    2.41128993    0.63932002  -0.95   0.58 588017990155501793
230954     2.04289794   20.25511551   12.20739746    3.82929206  -1.00   0.50 587736543089918126
249093     3.40623093    7.49788904    0.70350897    0.86413699  -0.34  -0.09 587736478661804165
249094    15.95580482   77.53641510   18.08667564   15.29893780  -0.69   0.07 588017702943588384
231067     3.08727694    4.43479109    0.42427099    0.21091400  -0.16   0.30 587736543626789072
  8942    13.79576492   51.00394058    8.34239769    7.04996109  -0.57   0.07 587736543626788902
230966     9.54814053   33.36102676    4.38887501    7.18101788  -0.54  -0.21 587736543089918174
  8944     4.95793581   13.70243454    0.28373000    1.54860497  -0.44  -0.74 588017991766114369
  8946    20.19039345   40.29151535    1.96162498    5.71177816  -0.30  -0.46 588017726559092746
249097     2.78396392   27.03661919    9.04585648    4.66813612  -0.99   0.29 587736526445084868
230970    11.27826977   15.31066418    1.25845003    1.52899504  -0.13  -0.08 588017702406783209
243841     1.85851502   42.48640060   40.79605865    7.95126677  -1.36   0.71 588017702943653911
  8948     3.45202088    6.26573896    0.35836101    0.16318400  -0.26   0.34 587736542553112829
243817     3.70365405    8.07367992    0.72243500    0.63303298  -0.34   0.06 587736477051322578
241325     6.70719481   90.75312805   48.99271774   18.17747307  -1.13   0.43 588017991766180190
  8950     5.90016508   43.00587463   18.89097214    8.09839916  -0.86   0.37 587736542553178234
241923     2.19725490   21.71935463   15.62307739    5.00863886  -0.99   0.49 587736543626854615
  8951     3.41227293   10.09668636    1.18729496    1.24711204  -0.47  -0.02 587736542016307449
241327     2.76807499   11.89399624    3.87213993    2.27354693  -0.63   0.23 587736543090049223
243860     1.30253100    4.78960323    3.74071908    0.00986084  -0.57   2.58 587736542553178754
242169     4.42249107   42.46918106   17.29887581    6.58540916  -0.98   0.42 587736541479502029
243861     4.35814095   45.12071609   18.20194244    8.90126228  -1.02   0.31 588017991766245561
243842     5.25168514   11.78409481    4.64797688    1.93277597  -0.35   0.38 587736478661935196
242248    10.08366203   68.29954529   21.93026352   11.83098698  -0.83   0.27 588017992303116358
249101     5.64007521   75.74426270   59.24986649   13.92876625  -1.13   0.63 587736543626919990
249102     5.53263617   41.04652023   16.36127853    7.43413019  -0.87   0.34 587736525908345022
249103     5.80655622   70.02535248   44.90683746   13.41804790  -1.08   0.52 588017703480590422
  8967     3.62661600    8.02706146    0.86555201    0.69931000  -0.35   0.09 587736543090114811
  8966     2.68087506    5.25557280    0.29793400    0.32853901  -0.29  -0.04 588017725485482087
249143     4.16550207   33.06373215   14.93473625    6.84536505  -0.90   0.34 587736477588258985
242104     4.74510098   25.37112236    6.19572496    5.14653683  -0.73   0.08 588017704017461469
249105     2.09200597   17.63607025    9.17976284    2.62787700  -0.93   0.54 588017991766311150
  8979     3.18013000    4.53694201    0.49947700    0.08482800  -0.15   0.77 588017724948676794
249106     5.83455896   15.26319313    0.48183599    2.15734506  -0.42  -0.65 588017990155763833
242251     4.27552986   19.31789589    5.29207182    3.39562798  -0.65   0.19 587736543090180248
243843     1.99686503   10.35239410    4.26172209    0.79165602  -0.71   0.73 588017703480721453
249107     2.10492706   12.46272278    4.63096619    1.68718505  -0.77   0.44 588017991229505837
240051     8.22844791   34.33847427    7.52865696    6.82674408  -0.62   0.04 588017704017592327
243844     2.44300890   54.02224731   40.15353775    9.62193489  -1.34   0.62 587736478662066379
242316     1.46130097   11.40583897    4.89895821    1.84587204  -0.89   0.42 587736479198937234
240054     3.50475192    7.58582687    0.78991699    0.82519400  -0.34  -0.02 587736541479633137
  8995     3.77884698   16.24199104    7.11619091    3.43250990  -0.63   0.32 588017991229571218
  9008     5.55985498   15.16603088    1.57425594    3.30097699  -0.44  -0.32 587736477588455567
240067     4.22563791   11.38682461    1.41797400    1.80980396  -0.43  -0.11 588017992303313123
243826     5.90925407  406.57354736  353.47985840   79.46160889  -1.84   0.65 587736477051584650
243929     3.26540208   14.08092690    3.98913503    2.83830094  -0.63   0.15 588017724948807933
243845    16.18443871  114.72741699   44.19496155   22.01104736  -0.85   0.30 588017704017658090
242321     2.26453590   35.34127426   33.21871185    7.15779686  -1.19   0.67 587736479199068320
240082     2.03377104    4.15707493    0.00469569    0.20766100  -0.31  -1.65 587736543090311257
243933     0.27432001   10.30049992    6.22640705    0.97792101  -1.57   0.80 588017724948873608
243823     5.70080280   18.98624611    3.18916702    3.34653306  -0.52  -0.02 587736477051715590
240088     5.49668598   24.54593277    5.63954496    4.14466286  -0.65   0.13 587736478662262809
242252     3.24904299    9.99878883    2.20678306    1.03301096  -0.49   0.33 587736543090376930
243935    13.57384586   32.72639465    6.74933481    6.81432915  -0.38   0.00 587736524298059825
242405     8.85255623   22.20827866    1.79932404    2.44147301  -0.40  -0.13 587736542553571448
243863     1.24679303    9.56713009    3.04657793    0.92300600  -0.88   0.52 587736477051781143
  9023    11.16381073   39.76122284    5.05268812    7.97203588  -0.55  -0.20 588017991766638724
243939     5.71236801   74.99815369   59.42432785   15.40225124  -1.12   0.59 587736524298125416
  9027     5.50665283   18.38954735    2.52924800    2.87630105  -0.52  -0.06 588017702944112852
243940     5.53053284   56.17487335   49.59430695   13.66130733  -1.01   0.56 587736524834996496
243852    13.05179977  330.05694580  261.15817261   63.69949341  -1.40   0.61 588017702944112724
243848     2.24007106   12.26418018    2.65804505    2.58957911  -0.74   0.01 588017704017854824
243949     9.05424404   25.42323112    3.05315208    4.60142517  -0.45  -0.18 587730022788300820
243952     6.48222780   21.41513634    3.77059293    3.58184099  -0.52   0.02 587730022788300969
243954    15.03117466   74.49079132   28.85120201   14.60044670  -0.70   0.30 587736525371998269
243955    18.75368500   66.53050995    9.09035873   10.90258694  -0.55  -0.08 587736524298256565
249112     1.98884201   18.51707077   11.91044140    4.12976408  -0.97   0.46 587736478662525042
243956     4.32168579   20.92422485    7.26355314    4.51739693  -0.68   0.21 587730022251495559
  9037    18.66696167   56.37174606    2.33959198    9.25416946  -0.48  -0.60 587736525371998363
  9041    28.75867081   55.77986908    2.46920204    9.28991985  -0.29  -0.58 588017704554856491
240125     3.32334495   11.69758987    2.97512197    1.44924200  -0.55   0.31 588017704554856480
243857     7.19310093   56.29659271   30.40119553   11.88154507  -0.89   0.41 587736477588848694
243849     2.60296392   10.45744514    3.69891310    1.65310001  -0.60   0.35 588017704554856726
249114    16.49675751   67.23450470   11.18564796   11.75847912  -0.61  -0.02 587736542017028192
249115     2.92270994    4.18378210    0.37165499    0.32323399  -0.16   0.06 587736477588914535
249116     3.77724910   12.55708981    2.67447901    1.63381505  -0.52   0.21 588017992303771916
241408    14.95523357   33.23816299    0.98914403    4.13921309  -0.35  -0.62 587736541480222746
  9054     7.39891815   13.04930592    1.09899998    1.97272897  -0.25  -0.25 587736543627640870
240142     5.90630102   15.74926376    1.35106301    2.69143605  -0.43  -0.30 588017704555053185
713876    13.87624836   28.51173592    2.51000690    5.33812618  -0.31  -0.33 588017704018182222
243972     7.40647602   21.21802711    2.21437407    3.02604103  -0.46  -0.14 587730022251692261
249119     1.01803100   12.77958584    6.74346685    1.37052596  -1.10   0.69 588017702944571618
240153     6.55104303   35.74681091   14.47729111    7.74174023  -0.74   0.27 588017704018313360
249120     9.12670708  149.46362305  115.51972961   30.40572929  -1.21   0.58 588017991767097592
249121     3.59816694   58.81800842   39.91937256   11.77781296  -1.21   0.53 588017990693421119
241924     2.21634102   15.38658047    5.69641399    1.94041896  -0.84   0.47 587736542017290280
249122     4.22391415   10.50559998    2.05515504    1.28486896  -0.40   0.20 587736543627837689
249125     3.73709512   26.36035919   10.55975628    5.93333912  -0.85   0.25 587736543627968909
  9093     2.86077309    5.88868189    0.76044202    1.89507496  -0.31  -0.40 587736479199789261
249126     3.78727388   23.16647720    9.69008732    4.59553194  -0.79   0.32 588017992304164992
240174    28.78389931   58.93372345    2.45805407   10.92412090  -0.31  -0.65 588017992841035819
240176     3.57124591    6.26802397    0.48721501    0.54920799  -0.24  -0.05 588017991230488742
244005     6.77386284   12.13228416    1.00573695    1.28238595  -0.25  -0.11 587736524298846452
249127     7.40254307   19.25195885    2.28643203    3.09485888  -0.42  -0.13 587736542017487005
240190    11.52054310   42.00461197    9.93060303    8.31164837  -0.56   0.08 587736543628099691
  9111    14.58090973   35.27726746    1.10295999    4.93358994  -0.38  -0.65 587730023862698049
241082     8.92686462   47.28525162   12.55851078    8.84406757  -0.72   0.15 588017702944899318
244013    12.18726254   33.96793365    3.17560911    5.58239603  -0.45  -0.24 587736524298911964
244019     1.85600495   23.04627800   11.53393745    4.63911581  -1.09   0.40 588017704555512123
244022     9.29486275   42.39271545   13.94006729    8.00255203  -0.66   0.24 587730022252216507
249128     5.79460001   16.77321815    1.13346100    2.94907999  -0.46  -0.42 588017991230685339
249129    11.18333054   28.16860962    2.47595000    4.40660000  -0.40  -0.25 587736542554489109
240211    11.04655170   28.56223679    2.17623901    5.35397291  -0.41  -0.39 588017704018706503
241199     5.19462776   12.58350754    0.90597600    2.40691304  -0.38  -0.42 587736541480812784
244026    10.23115253   50.73418808   16.33827209    7.74430799  -0.70   0.32 587736479200116823
713955     1.63031006    1.80181503    1.37451506    0.93392199  -0.04   0.17 587736477052764425
249130     2.74589801   26.40188980   11.96394825    3.86778092  -0.98   0.49 588017703481901187
243887     2.72416902    6.72461700    0.72930199    0.87335098  -0.39  -0.08 588017990157074653
244036     3.72426796   11.79223919    3.17352104    1.67137206  -0.50   0.28 587730022252347523
244038     3.89585090    5.59029293    0.37959501    0.20892300  -0.16   0.26 587730022789218458
