  8644  205.005417   7.367222  6983   0   7
233902  205.014999  10.970555  7234  30  20
713567  205.016663   9.416111 16664  24  20
713568  205.021667   8.482778 13179  24  20
233903  205.122086  11.245277  8421  25  20
238614  205.168747   7.893055  6849   0  20
232108  205.192490   7.983333  8614   0   6
233907  205.220001  11.915000 17385  61  20
230548  205.233749  11.700556 10114  30   5
713577  205.257904   9.933056  7060  26  20
233909  205.368744  10.805833 17149  52  20
232543  205.403336  12.128612 14511  22  20
713589  205.410004   9.148611  6996  51  20
713590  205.410416   9.090000 16866  46  20
713591  205.420410   8.173056 14984  26  20
233911  205.457077  12.321667 17505  27  20
233814  205.466248   9.433333 11594  53   3
233815  205.467499   9.120833  6890   0   6
713592  205.478333   8.289722 16605  47  20
713593  205.519577   9.618611 16759  49  20
713594  205.523331   8.520833 16641  47  20
232421  205.524170  11.897778 16998  30  20
713596  205.573334   8.034722 16234  23  20
232544  205.652496  12.501111 16352  53  20
238767  205.674576   7.516111  6978   0   3
232545  205.677490  12.518611 15749  26  20
713598  205.701675  10.322222 11703  22  20
233914  205.741257  11.956388  6835  44  20
233915  205.766678  12.318055 16974  25  20
713600  205.815002   9.137500 16839  49  20
233835  205.852509   7.913055  6956   0   6
232546  205.853745  12.518333  7742  30  20
238768  205.860001   7.975555  6959   0   6
232422  205.878342  12.049444 16362  48  20
713604  205.887924  10.508333 17555  54  20
713605  205.895828   9.143056 16802  57  20
233916  205.947083  12.035000 14704  22  20
713606  205.955414  12.878333 10527  30  20
713607  205.969574   9.150278 16770  45  20
713608  205.986664   9.452222 11597  29  20
231462  205.994583   8.023611 13345  80  20
713609  205.994995   8.919167 16938  60  20
230614  206.028763  12.127778 14771  50   3
232792  206.069580   5.737778  6728  50  20
  8689  206.096664   5.792222  6886  60  -2
230620  206.102493  13.175278 12304  53   5
232423  206.112503  11.517500  6832   3  20
713613  206.126251  12.889722 10694  52  20
233816  206.129990   8.270833  6832  30   3
232793  206.141251   5.500278 17838  46  20
232424  206.147507  11.308333 12169  25  20
230621  206.155411   5.851944  6871  30   3
232547  206.168335  12.193611 14870  24  20
232192  206.187088   5.411667  9738  22  10
232548  206.215408  12.237223 16911  29  20
713615  206.223328  12.878889 10495  28  20
232549  206.223755  12.373055 17723  50  20
713616  206.235428   8.961667 16990  53  20
713617  206.257904  13.331111 14240  24  20
238769  206.277084   6.519444  1017   0   3
230627  206.281250   8.473889 11085  31  20
713618  206.285416  13.058333 12167  23  20
232550  206.285828  12.426666 12115  34   3
230628  206.286255  12.208611 18176  60   5
238804  206.298340   7.910278  3030   0  20
232551  206.301254  12.240556 16913  26  20
238705  206.319168   5.618055 11562   0   6
232194  206.321671   5.374722  6876  50   3
232425  206.321671  11.414722  5556 251  20
232296  206.326660  10.517777 11648  28  20
232234  206.338333   5.467500 17897  23  20
713620  206.343323   8.273611  6954  47  20
232426  206.344177  11.369722  4971  34  20
713621  206.365829   8.388889  7016  25  20
231476  206.437500   7.514722  6959  25  20
238770  206.475418   6.773334 10284   0   3
232427  206.528336  12.038333  6833  36   6
230636  206.541260   9.291945 10812  45   3
713625  206.559570   9.951389 17803  24  20
232428  206.617920  11.241944 14344  22  20
713627  206.623749   9.331111 17091  32  20
232212  206.631653   5.209722  9266  47   0
232794  206.662094   4.970000  9329  28  20
238771  206.670822   6.654167  1293   0   6
713628  206.702087   9.758333 17913  24  20
713629  206.706665   9.437500 10808  23  20
230642  206.708755  11.621111 10656  15   4
  8708  206.714172   7.390000  6970  25  10
713630  206.717499   9.414722 10987  49  20
713631  206.720840   8.236111 11417  44  20
230646  206.724167  11.617500 10689  18   3
232552  206.729156  12.436944 14948  24  20
713633  206.735825   8.245833 11334  53  20
715871  206.743759   6.935833 15338  52  20
713634  206.764587   8.229722 11236  58  20
230649  206.767914  11.106389  6775  32   0
715873  206.784576   7.363889 11374  29  20
232429  206.796249  11.530278 11761  54  20
713637  206.798325   9.340555 11499  27  20
233836  206.798325   8.002222  6993   0   6
232795  206.806259   5.670000  9221  23  20
233681  206.816666  13.177222  1093   3  10
233683  206.818329  13.298056  6511   0  10
238805  206.828323   7.389722    55   0  20
232553  206.828323  12.402778 14837  25  20
713639  206.829178   9.026111 10833  51  20
231489  206.837082   7.584445  6980  15  20
233828  206.842926   9.890555 11222  22   3
713641  206.845428   8.071111 11249  57  20
233818  206.850830   9.846945 10573   0   3
233837  206.868759   9.859167 10571  24   3
713646  206.887085   9.408889 11487  23  20
713648  206.904999  13.396944 15174  44  20
230660  206.905838   9.767500 10898  47  -5
715874  206.927505   6.852222 15301  29  20
230663  206.948746  11.274167 11861  31   3
232196  206.961243   5.458333 15105  66   0
713650  206.974167  13.393611 14174  55  20
232796  207.000839   4.988056  7006  33   3
232297  207.007919  10.950833  6858  15  20
713651  207.010422   8.151111 16523  29  20
230664  207.020004   7.391944  6956  30   2
232195  207.024170   5.322500  7167  30   6
230666  207.025421  12.071667  7025  25   3
232797  207.031250   5.708055 15023  12  20
232430  207.031662  11.401389 10799  49  20
232798  207.034988   5.698333 15137  25  20
713652  207.044571  10.175555  7220  31  20
232554  207.047089  12.498611 14922  50  20
  8728  207.051666   7.394722  6963  15   3
713654  207.060822   8.184444 16469  51  20
715875  207.064590   7.367222  6984  27  20
713655  207.095001   8.211389  1200 335  20
715876  207.103333   7.223611 16095  24  20
713656  207.113327  10.367500 11470  26  20
713660  207.167496  13.053056 17199  23  20
232235  207.168335   5.576111  6975  28   6
230682  207.168335  11.946667 10899  30   3
232555  207.177917  12.545834 10888  22  20
715877  207.188324   6.908333 15357  49  20
715878  207.201660   6.352222  6752  69  20
238772  207.216248   7.014444 16174   0   3
715879  207.259995   7.076389 15467  58  20
713663  207.291672  13.346945  7203  22  20
713664  207.309998  14.322778 12290  58  20
231506  207.348328   8.507500 11386  46  20
713667  207.362488   9.067500 16627  59  20
230723  207.369583  13.877778  7228  41   7
713668  207.373749  13.124444 17344  45  20
713669  207.380005  14.180278  7282  26  20
232298  207.391251  10.562222 11471  50  20
230728  207.404587  11.096389 10995  53   3
233745  207.405411  14.333889 12191  27   3
232953  207.405838   4.835834 13861  50  20
232299  207.454163  10.629444 10976  29  20
713670  207.465012   9.113334 14426  25  20
715880  207.479172   6.412222 16161  29  20
715881  207.504166   6.569445 16184  57  20
713671  207.509583   9.228611 14368  11  20
713672  207.511261   8.659445 17678  25  20
713673  207.521255   8.676945 17795  46  20
232197  207.522491   5.425000 11708  26   3
715882  207.527496   7.271945 15812  26  20
238707  207.541245   5.279722  5620   0  20
715883  207.546677   5.891667  8600  32  20
232198  207.552078   5.093611 11820  22   3
713675  207.570419   8.559167 11216  22  20
233691  207.579590  14.352222  6943   0   6
715884  207.580002   7.793334  7182  23  20
233689  207.591248  14.141389  7401  26   4
232300  207.620422  10.746944 14045  49  20
715885  207.633743   7.616944 16336  46  20
238708  207.645004   4.254167  6963   0   6
715886  207.675415   7.310000 15833  28  20
232556  207.675415  12.657222 11016  23  20
713676  207.691666  14.135555 12060  43  20
232557  207.715424  12.712222 15029  57  20
238809  207.743759   7.493611  6991  32   3
233692  207.747498  13.937500  6659  31   4
230750  207.753754  13.773056  6155  40   5
232431  207.756256  11.097500 11507  55  20
238682  207.760010   8.276111 12991  30   3
233693  207.763336  13.982500  6106   0   6
238665  207.772491   6.859167 16198  53   3
238607  207.775406   8.344167  6894  24   3
233819  207.775406   8.345278  6915  24   3
231522  207.787506   8.481112  6927  39  20
231521  207.793747   4.361389  6955  19   3
713679  207.823746  14.108334  6170  29  20
232956  207.831680   4.141667 16244  31  20
238664  207.831680   6.937778  6707  28   3
713680  207.840408  14.559722 11805  33  20
233564  207.853745  10.176945  7306  23   3
232432  207.874588  11.185833 11004  26  20
713681  207.877930  14.507778 12213  60  20
  8766  207.878754  14.091666  6992  23   1
715888  207.881256   6.426667 16107  24  20
713682  207.881668  14.045278  6803  52  20
233695  207.885422  14.247778 11082   0   6
230757  207.886658  14.110556  7273  79   4
713683  207.888336  14.502222 12171  49  20
232433  207.894592  11.238334 10984  25   3
232434  207.897079  11.195278 11113  30  20
232236  207.909576   5.559444  5636  28  20
233561  207.911255  14.343056  7110  55   3
232435  207.919998  11.122778 11054  23  20
715889  207.927917   7.370833  6994  30  20
232139  207.928741   5.446389  1241  60   3
238632  207.952927   7.688334  6792  25   6
715890  207.954590   7.442778 15932  56  20
715891  207.987915   6.230834 17161  51  20
230762  207.997910  13.966389 10967  51   1
713685  208.001663   8.881945 11291  25  20
713686  208.007492   9.814722 16751  24  20
713687  208.013336   8.472500 13545  23  20
715892  208.014160   7.620833  3915  67  20
724489  208.026245  14.129444  6860 499   3
713688  208.032089   9.804722 16884  33  20
  8772  208.035004  14.115833  6834  25   1
713689  208.041245  14.396944 12083  47  20
232162  208.045013   5.503889  1239  85   6
230766  208.050415  13.999722 11009  37   2
713690  208.059174   8.923611  4837  27  20
232436  208.062912  11.501945 11824  23   3
233748  208.067490  14.450556 10931  25   3
223748  208.067490  14.450556 10931  25  -6
713691  208.069168  14.538889 12333  56  20
238633  208.076248   6.919722  6760   0   5
230767  208.079575  14.270833  7302  53   0
230768  208.081665  13.575833 11031  32   2
715894  208.084167   7.302500 11222  27  20
231532  208.085007   7.799445  6922  66   3
715895  208.091675   6.706111 16177  43  20
715896  208.099167   6.794167 16187  50  20
231057  208.106659  14.488611 12416  35  -2
232213  208.109161   5.149445  4746  87  20
  8779  208.110840  14.091389  6912  25  -6
  8780  208.111664  14.490278 12181  53   3
713692  208.127914  14.075556  6908  42  20
713693  208.135834  14.450277 12374  46  20
713694  208.153748  14.483055 11844  33  20
715898  208.160416   6.133333 15988  24  20
713695  208.166672  13.996667  6683  32  20
713696  208.188751  14.014167  6801  31  20
713697  208.195404   8.597500  6918  27  20
238634  208.208328   7.256945  6574   0   4
234490  208.219177  14.208055  6784  32   3
715899  208.221664   7.818611 11374  53  20
233698  208.221664  14.742222 12144  24  20
713699  208.233749  14.448055 12307  29  20
233699  208.235428  14.701389 12172  52   3
715900  208.236252   7.798333 11547  49  20
713700  208.241669  14.411389 11687  53  20
233560  208.245834   5.118333  4306   0   6
232558  208.261673  12.553333  6532  49  20
713702  208.273743  14.718889 12415  27  20
713703  208.278748  14.644722 12248  61  20
715901  208.281677   7.663611 11550  31  20
232437  208.283325  11.304722 11225  54  20
233701  208.289169  14.660833 12295  46  -2
  8796  208.289581   4.960556  5073  31   5
230790  208.290405  14.655833 12049  41  -2
233125  208.309586   3.897778  4310  87  20
713705  208.312500   8.414722 13501  49  20
715902  208.313751   7.759167 11400  47  20
713706  208.314178   9.222500 11343  55  20
715903  208.321259   6.480556 15348  46  20
715904  208.325836   6.597778 15426  46  20
713707  208.326675  13.765555 15157  26  20
713708  208.330841  10.121667 11506  45  20
  8799  208.332489   5.771389  1132  60   3
713709  208.338333  14.560555 12353  29  20
713710  208.345825   8.580556 12803  27  20
233702  208.347504  14.410000 10891  24   3
713711  208.349594  13.046111  8042  23  20
715905  208.351669   6.465556 15453  60  20
  8800  208.360413   5.207500   777  29  -2
715906  208.366669   7.909444 11225  52  20
713712  208.368332  14.706111 11807  52  20
230792  208.376663  11.343333 11304  43   5
713713  208.381241   9.241111 11380  27  20
233770  208.384171  12.328889   -87   0  20
713714  208.393753  12.874722 15612  23  20
238635  208.394989   6.283611  5672   0   3
232158  208.404572   8.352777  6942   0   6
713715  208.417084  14.419723 12064  52  20
713716  208.457489  13.578889  6922  26  20
233750  208.462082  14.324166  7276  30   3
223750  208.462082  14.324166  7276  30  -6
715907  208.464584   6.495833 15536  56  20
232438  208.467072  11.247222 11111  28  20
713717  208.471252   9.802500  6765  24  20
238709  208.474167   4.887778  1281   0   3
238636  208.475418   9.504444  4872   0   3
713718  208.482910  12.721945 17279  48  20
715908  208.482910   6.617222 16190  22  20
233703  208.500839  12.538333  7046   0   3
730036  208.503326   9.186389 10843  22  20
715909  208.507919   7.690556 15969  29  20
  8816  208.515823   3.950833  4650   0   5
230800  208.519165  13.593889  6660  30   3
713719  208.525833  14.591111 11977  25  20
  8818  208.525833   5.355834  5452   9   4
713720  208.534576  13.579166  6834  25  20
230801  208.536667   9.412778  6855   0   6
233127  208.542496   3.773056  7205  30  20
  8821  208.546677   5.226666  1443  15   3
238637  208.565414   7.967500  6958  27   3
730037  208.578323   8.418889  6861  46  20
715910  208.581253   5.754445  5115 298  20
238710  208.587494   4.035278  7046   0   4
238638  208.596252   8.932500 12659   0   6
232957  208.596664   4.007222  8819  27  20
715911  208.604584   6.137778 11038  29  20
713721  208.606247  14.598889 12354  27  20
233581  208.611252   8.393888  6952   0   3
730038  208.619583   6.791667 11543  24  20
233917  208.620422   5.443333 15629  38  20
715912  208.624161   5.743611 15826  52  20
230808  208.625427  14.675555 12551  32   4
713722  208.625427  14.260278 15607  24  20
232199  208.627914   5.462500 15661  47   0
713723  208.630417  14.656389 12373  10  20
715913  208.631668   7.474167 11490  32  20
231980  208.639587   4.244444   283   3  10
233704  208.647491  14.850000 12019  24   3
232559  208.651260  12.534445 17250  26  20
730039  208.660828   6.496111 15486  30  20
233706  208.660828  13.864445  6976   0   6
238639  208.662079   8.341111  7163  10   3
715914  208.662506   5.767778  5459   1  20
238640  208.667084   9.252222  6788   0   3
232301  208.692917  11.024722 11672  33  20
230812  208.702499  12.858055  8062  52   1
713724  208.705414  14.610556 11809  49  20
233751  208.711670  14.136111 15221  31   3
713725  208.717926  14.127778 15229  26  20
232200  208.742493   5.017500 15601  29   0
  8831  208.743332   5.333333  1370  35   3
715915  208.749588   7.356389 11418  24  20
713726  208.751251   9.350278 14741  23  20
230815  208.752930  11.360278  6932  63   2
713727  208.757919  14.126945 15324  28  20
730040  208.758743   9.068334 18131  24  20
232140  208.761246   5.090278  1396  60  -6
232141  208.768738   5.189445  1398   0  10
713728  208.781250  13.876389 11994  47  20
713729  208.794586  14.570833 12163  48  20
230816  208.796661  10.021944 11494  31   0
713730  208.797089  14.602222 12194  56  20
713731  208.813339  14.613055 12268  48  20
730041  208.822510   6.592778 15467  26  20
713732  208.824158  14.623611 12130  51  20
715916  208.830002   7.060278 11267  26  20
713733  208.833328  14.325556 11902  49  20
730042  208.840408   6.417500 11721  26  20
713734  208.840408  14.026944  7107  47  20
713735  208.841263  14.708889 12161  48  20
233707  208.843338  13.874444 11679   0   6
713736  208.849991  14.451389 15612  48  20
715917  208.855423   7.707222 17772  48  20
232118  208.857925   5.728889  5420  28   5
713737  208.862091  14.743611 12105  26  20
238660  208.865417  10.160833 11311  30   0
231014  208.869583   6.596389  7198   0   0
713738  208.875839  14.802778 11875  56  20
232302  208.885834  10.450556 11438  25  20
230829  208.889587  14.764444 12237  58   3
232203  208.895416   5.462778 15961  29  20
713739  208.897095  14.589723  5749  26  20
715918  208.899582   5.884444 11776  25  20
715919  208.899994   6.593611 15415  49  20
  8838  208.911255   4.984722  1171  31   3
232958  208.924164   4.665000 13092  61  20
231015  208.925827  12.194445  6112 999  20
232959  208.926239   4.394722  7274  30  20
238658  208.927094   8.801666 11481  23   3
231558  208.929581   5.781389  5024  16  20
232960  208.934174   4.243611  8849  27  20
231559  208.934586  15.061389  7188  54  -2
230831  208.935822   8.189167  6778  10   4
232202  208.941254   5.457222 15965  24  20
713740  208.948746  14.375278 11973  51  -2
230832  208.948746  14.422500 15516  28  -6
713741  208.951248  14.713889 12222  27  20
730043  208.953751   7.116944  7180  23  20
231561  208.964172   8.201389  6758  36  20
230834  208.969177  14.378333 12112  59  -6
232201  208.977493   5.450555 11803  30   0
713742  208.979172  14.738055 12101  29  20
730044  208.984573   9.590555 16713  44  20
730045  208.985001   8.045555 13193  24  20
238642  208.985840   5.926667  7294  55   3
231562  208.986252   8.193334  7063  44  20
713743  208.986252   9.173056 16660  29  20
713744  208.992096  14.061389 12167  30  20
238643  208.992920   8.993333  1220   0  10
713745  208.994583  14.386945 15512  46  20
713746  208.995422  13.861111 11633  25  20
715920  208.997498   7.976111  7022  58  20
233711  209.010834  14.519722  5685   0   6
238661  209.011658   5.910833 15957  17   3
238644  209.012497   8.845555  6791  26   3
  8848  209.014160  13.505834  6864  27   1
  8847  209.030411   5.254722  1092  22  -2
232142  209.039169   5.542500  1096   0  10
  8853  209.050003   5.014444  1235  34   5
230846  209.061249  12.805833  7032  26   3
232961  209.067917   4.181111 17780  23  20
713747  209.074173  13.518611  6870  47  20
713748  209.077927  14.730556 12053  23  20
238645  209.078339   8.235556  6881  27   3
230847  209.088333   5.528333  7436  26   3
232143  209.088745   5.328889  1395  60   3
232962  209.090424   4.601666 10135  52  20
232963  209.091675   4.619722 10199  55  20
233565  209.097504  10.101666  4909   0   3
232439  209.099579  11.393056  6660  27   3
232440  209.100830  11.341389  6634   2   3
238715  209.105408   4.853333  1197   0  20
  8857  209.110840   4.396111  1134  80   1
232441  209.121246  11.165000 17739  49  20
233712  209.122086  12.818055  8089   0   6
730046  209.130829   8.353056  4001  27  20
730047  209.133759   8.786111 14216  48  20
232964  209.133759   4.164166 17826  50  20
233583  209.137909   8.609167  4050   0  10
713749  209.142487  13.419723  6941  23  20
  8861  209.144165  10.190833  4891   0   6
232303  209.144577  10.691389 11500  56  20
713750  209.152084   8.091111 16075  57  20
233918  209.155411  12.280833 17143  35  20
232304  209.157501  10.713889 11478  53  20
232305  209.157913  10.795834 11185  35   3
230856  209.158325  12.258611 17215 999   5
730048  209.173340   6.840278 15541  52  20
232799  209.180008   5.682222 15547  27  20
730049  209.183746   5.949444 16079  52  20
231568  209.197906   5.526111  7220  27  20
232442  209.202911  11.117778 11502  61  20
232560  209.209579  12.313889 17193  46  20
232443  209.224579  11.321111 11140  31  20
232306  209.226257  10.548611 11428  30   3
715921  209.226257   6.495555 16329  53  20
713751  209.230408  13.408889  5281  66  20
230859  209.230835  14.142222  4497  40   6
232144  209.231674   5.151667  1516  60  -6
232444  209.232498  11.374444  6814  30  20
232445  209.238342  11.610833 11757  48  20
232800  209.239990   5.603333 15544  53  20
730050  209.249161   9.930278  7244  25  20
232446  209.255005  11.611389 11603  47  20
230861  209.255829  10.867500  6868  34   6
232307  209.256256  10.471389  6640   4  20
238650  209.257080   6.126111  -111   0  20
238673  209.257492  10.854445 11630   2  -2
730051  209.258331   7.113056  4739  28  20
232561  209.258759  12.170000  6952  25  20
730052  209.264587   7.945556 16497  45  20
233714  209.267914  14.102222  4384  64   6
230863  209.268341  14.681945   -32 999   3
713752  209.268753  13.853611 11751  26  20
713753  209.269165  12.782500 11578  26  20
231571  209.280411   5.251667 11883  27   0
  8868  209.304993  12.020555  6160  24   0
230866  209.307922  11.997500  6231  23   3
232145  209.308746   4.307222  1200  60   6
232562  209.314163  12.211945 16835  56  20
232965  209.320419   4.168334 12372  32  20
232308  209.322083  10.483889 17126  12  20
713754  209.322906  14.186111 11736  23  20
730053  209.324173   6.182222  4334   2  20
730054  209.326675   6.063611 16122  51  20
230865  209.329575  11.976111  6107  40   3
232447  209.331665  11.568889 11914  25   3
715922  209.336258   6.391944 16200  56  20
232206  209.341660   5.527778 15491  46  20
232146  209.348328   5.573611  1055  60  -6
  8871  209.353333   5.948611 16045  64   3
232966  209.359177   4.700278 15733  46  20
713755  209.360413  14.628889 12154  23  20
232204  209.369171   5.263333 15691  49  20
230869  209.372513   9.950833  6893  28   1
  8874  209.373337   6.096944  4361  31   3
730055  209.378326   8.732223 16595  25  20
232205  209.404160   5.448611 16019  29   3
233919  209.407913  10.622222 16655  51  20
713756  209.411240  13.615556 11802  49  20
713757  209.414581  14.465000 11723  23  20
713758  209.421249  14.736111  7169  47  20
730056  209.434158   6.041945 16091  26  20
713759  209.438339  13.474722  6995  32  20
233920  209.439575   5.080833 15607  52  20
232008  209.440414   7.835556  4394   0   3
231575  209.448334   7.396111  7077  54   3
232207  209.453751   5.091111 15607  60   0
232448  209.454163  11.713056 16693  32  20
  8878  209.455841   9.872778  6833  10   3
713760  209.463333  13.706111 11610  51  20
231576  209.467499   7.413333  4679  16   3
232449  209.471664  11.101666 16661  24  20
713761  209.472916  13.132222 11817  25  20
713762  209.478333   8.735833 16566  48  20
713763  209.480408   8.544723 12531  27  20
238651  209.480408   6.524722  -115   0  20
231122  209.484177   7.433889  4373   0   3
232967  209.490417   4.617500 15487  51  20
  8881  209.494995   7.161389  7051  38   5
232450  209.494995  11.843611 11256  23  20
230872  209.495422  10.711945  6848  29   3
232968  209.499161   4.702500 15562  30  20
713764  209.501251  11.618333 11306  24  20
238646  209.508331   7.903056  6858   0   3
232563  209.514587  12.150833 17020  10   3
232121  209.536255  10.273334  6787  33   6
238653  209.536667   7.155833  7252  48  -2
715923  209.542084   6.491667  5028  27  20
232226  209.542496   9.794723  6950  67   3
232208  209.551666   5.101111 11892  29  20
  8886  209.553757   6.518055  5116  22  -2
713765  209.553757  14.717778  7224  73  20
  8884  209.558334   5.408056  4277  74  -2
233921  209.559174   8.273334  6213  16   3
233715  209.560425  13.697500 11451  31   3
  8885  209.562073   6.258333  4312  23  -2
232969  209.563339   3.998333  8993  32  20
238652  209.570831   7.146667  7317   0  20
730057  209.579590   7.392500  7334  23  20
238821  209.581253   6.256667  4340  45  -2
231119  209.583755   7.224444  7283  46   3
730058  209.586258   6.508889  4347  33  20
231581  209.591248   8.254444  6329  45  -6
713766  209.592499  13.461667 11533  28  20
  8890  209.592926   6.338611  4299  27   0
232635  209.595001   9.534166 16525  67   3
230879  209.595001  14.456944  3827  40   3
  8891  209.602921   6.070278  5216  15   4
233568  209.606247  10.339723  6775   3   3
232636  209.607498   9.060555 16674  67   3
713767  209.612915  13.484445 11650  54  -2
232237  209.615417   5.576389 15861  24  20
730059  209.618347   7.680000 13346  25  20
233716  209.622498  12.904166  7276  27   6
232970  209.631256   4.266667 15459  30  20
713768  209.632080   8.809722 14124  24  20
233922  209.634583  10.788611 17521  12  20
713769  209.640411  11.797500 16765  50  20
232451  209.642502  11.621388 11528  31  20
730060  209.644165   6.573889  5209  55  20
713770  209.649994  11.775556 17077  51  20
230881  209.651260  13.482778 11862  25   3
730061  209.654160  10.038611  6988  28  20
  8896  209.660843   7.215833  4401  20   3
713771  209.663742  11.076389  6881  32  20
730062  209.669159   8.091111 16623  29  20
  8897  209.671661  12.594167  7252  40   5
730063  209.673737   6.695000  5261  25  20
230885  209.675827  13.456388 11907  27  -5
730064  209.680420   6.500834  5196  49  20
233718  209.680832  14.261389  1277   0   3
238647  209.684586   6.627778  7296   0   3
713772  209.698334  13.453055 11662  46  20
713773  209.698746  13.436944 11774  44  20
232971  209.700424   4.907500  7416  30  20
730065  209.710007   6.000834 16257  49  20
713774  209.714996  13.437500 11971  52  20
233923  209.722916   8.727500 14189  42  20
232564  209.723343  12.252500 16108  24  20
232801  209.730011   5.466667 15628  46  20
713775  209.735413  13.247500 11793  24  20
713776  209.737091  11.696111 11838  54  20
231120  209.740417   7.254167  7394  36   5
713777  209.762512  10.664722 12799  50  20
713778  209.766251  13.455833 11430  44  20
713779  209.771667  14.577222 11813  32  20
233132  209.785431   3.511389  7314  90  20
232637  209.791245   9.695000 16707  67  20
232565  209.794159  12.299444 16811  58  20
233721  209.794586  12.188056 16772  23   3
233569  209.794998  10.213056  6713   0   3
230897  209.795837  13.486944 11873  53   4
730066  209.799164   9.119722 16617  23  20
730067  209.809586   9.968056 16799  43  20
232972  209.809998   4.501111 15528  28  20
231589  209.833740  14.968056 12329  49  20
230898  209.834595  10.139167  6650  28   3
713780  209.835831  12.577500 11544  27  20
730068  209.836243   8.196667 14155  28  20
232973  209.839172   3.973056 17642  23  20
231590  209.843750  15.182777  6637  43   3
  8906  209.844589   5.538611  4193  61   5
713781  209.848343  12.713889  7003  50  20
713782  209.850418  11.512222 17055  48  20
  8907  209.858337  12.788333 11743  55   3
232974  209.865829   4.596944 11584  63  20
232566  209.884583  12.414444 16758  56  20
233758  209.884583  12.824722  5563   0   6
713783  209.889572  13.561944 12048  48  20
230909  209.927917  12.736389 11848  49   3
730069  209.932922   8.615278 18197  47  20
238625  209.937912   8.141111  4598   0   0
233570  209.950424  11.326111  5019  25   3
232975  209.952072   4.262222  8969  29  20
233924  209.952072  10.687222 11451  28   3
238649  209.960419   9.107223 16633   0   2
230912  209.979584  12.055278 11655  24   3
232976  209.981247   4.561944  7159  38  20
233598  209.981247   7.747222  4580  28   3
713784  209.982925  11.229445 16909  14  20
730070  209.985840   9.740833 11104  29  20
243884  210.000824   7.764444  4547   0   3
730071  210.007492   9.343056  5714  26  20
242407  210.007904   4.997778 10387  25  20
243858  210.013336   9.300555  6061   0  10
713785  210.016251  11.043889 12730  27  20
230914  210.018341  12.111389 11848  33   0
243915  210.020828  14.500000    96  60  -2
243859  210.020828   9.311666  6099   0  10
249086  210.021667   8.170000  7025   0   3
230915  210.037491   4.080555 12097  12  20
730072  210.037918   9.146111 16603  25  20
243899  210.045425  12.511389  7009   0   3
242402  210.045837   9.907222 16558  67   3
242669  210.052078   3.434444 10335  22  20
730073  210.055832   6.566945 16807  26  20
242403  210.057083   9.918056 16742  32   0
  8918  210.060410   8.966945  4100  10   3
230917  210.066666   9.288889  5830  15   3
243834  210.072495   9.936944 16738  47   3
730074  210.074997   7.888611 17130  53  20
231596  210.076248   5.045000 10291  40  20
230920  210.082504  12.956944  7335  14  10
713786  210.086243  12.173889 11805  25  20
243818  210.088333   9.958333  6848   0   3
730075  210.090836   6.535000 16880  24  20
242177  210.091248  12.389722  5704   0   6
  8920  210.105408  12.957222  7382  32   5
713787  210.106247  12.146667 11815  48  20
730076  210.111664   9.911944 16440  30  20
242297  210.112915   5.581389 10264  22  20
230924  210.129166   8.899445  5312  32  -2
230925  210.129166   8.650278  4593   8   5
243904  210.130417  12.081111 11538  29   3
230928  210.132080  12.304444  6921  32   3
713788  210.133331  11.991111 11559  44  20
713789  210.135834  10.630834 11749  29  20
243905  210.136261  12.089444 11538   0  -6
242246  210.137085   8.994445  4159  20  10
730077  210.144165   6.601111 16911  35  20
242184  210.157089   5.276111 15882  23   3
249087  210.160828   7.215278 10954   0   4
249088  210.169586   8.893888  5369   0   3
243900  210.177078  14.930833  7480   0   3
231136  210.178329   9.166945 14119  31  20
730078  210.194580   8.455833 17886  34  20
243828  210.197083   9.560278  5075   0   6
713790  210.198334  14.750000 10806  52  20
730079  210.198761   7.251389 10838  21  20
243815  210.201248  10.632778 11706  67  20
243901  210.215012  14.693611  6632   0   6
231599  210.218338   6.486389  4331  15   3
242418  210.218750   4.906389  7532  26  20
249089  210.219162   7.840278  5252   0   3
249091  210.225830   7.421667  7117   0   4
713791  210.226257  11.215834 13012  23  20
242188  210.228760   5.516111 11822  23  20
249007  210.230835  14.750278 10949  22   3
249090  210.236252   9.864445  6265   0   3
730080  210.237488   6.558889 16866  46  20
249137  210.237915   8.559167  4702   0  20
248868  210.245834  12.110278  6939  34   3
242185  210.248337   5.238056 15887  45  20
248867  210.250000  15.131667  8145   0   3
730081  210.264587   6.756667 14193 212  20
242187  210.270416   5.108056  7335  31   3
242168  210.274170   9.105556  5433   0   6
242186  210.275833   5.363333 14317  32  20
730082  210.281662   8.183611 17388  25  20
730083  210.284592   6.556111 11408  57  20
231601  210.287094   8.583333  4864  26   1
  8928  210.289581   7.701944  6910  39   3
249252  210.293320   5.726666  4365   0   6
  8927  210.293762   7.481945  7113   0   4
230943  210.313339  10.488334 10235  66   5
230940  210.318741  13.413333  5576  57   3
242306  210.324585  11.174723 11223  25  20
230939  210.325409  10.118889  6858   6   4
730084  210.336670  12.053889  7209  36  20
  8934  210.340836  10.480556 10245  14   5
730085  210.341248   8.323611 18149  48  20
243816  210.345001   9.167500  6189  25  20
242672  210.357910   3.829722 13828  25  20
730086  210.357910   9.900000  6608  71  20
730087  210.363754   8.739445  5987   7  20
230946  210.371246   9.153611  4959  78   3
242419  210.373749   4.865278  8959  98  20
242338  210.374161  13.116389 16831  24  20
242365  210.379166  14.364445  8105  23  20
242339  210.380005  13.705000 11844  48  20
242408  210.382919   4.968611 10617  31  20
242420  210.383743   4.615556 15612  35  20
242340  210.386246  13.535000 11768  52  20
730088  210.397919   9.308888  6020  25  20
730089  210.403336   8.490833 18039  55  20
249092  210.417908   7.997500  5464   0  10
242673  210.424164   3.657222 10450  28  20
242421  210.433746   3.964722 10431  29  20
230953  210.433746   9.868333  6676  24   0
713792  210.434998  10.395278  5991  25  20
240043  210.435837   6.959722 13991  26  20
242341  210.435837  13.178611 16771  26  20
242342  210.436249  13.297222  7057  54  20
242189  210.437500   5.189445  7233  30   3
  8938  210.442078   9.490000  6256   5   3
242422  210.450409   4.428889 15584  25  20
242247  210.453323   9.223333  6110  38  20
230954  210.456665   9.653611  6432   0   5
713793  210.462494  11.748055 11594  25  20
230955  210.467499   8.785833  6071   6   3
242423  210.469162   4.313056 10358  48  20
230956  210.469574   9.630278  6733  33  -2
249093  210.476242  11.787222 11619  50   3
249359  210.478745   9.378889  4637  60   3
730090  210.479156   6.938056 13617  49  20
230960  210.485001  12.379444  6837  36   3
230959  210.485825   9.533055  5644  24  -2
713794  210.489990   9.348333  5823  26  20
231066  210.495834   9.952222 11140  27   3
  8940  210.496674   8.937222  5836 100  -5
249094  210.500000  10.830277  3937   3   3
242343  210.501663  13.416111 16744  27  20
242424  210.505417   4.382778 15590  28  20
231067  210.511658   9.963889 11201  84  -2
  8942  210.514587   9.929444  4279  12   3
242366  210.527084  14.348333 15123  41  20
230964  210.527924   9.059722  5803  78   5
230966  210.533340   9.566667  5673  67   3
243835  210.533752  11.117500  6036   0   7
243916  210.535828   6.340278 16266 244  20
230968  210.539581   9.547500  6651  23   5
242344  210.540421  13.394722 11845  46  20
  8944  210.547089   9.439722  6239   6   5
231606  210.550415   4.585556 12104  41  20
249095  210.554169   8.086945  5232   0  10
  8943  210.554581   8.036667  4879  21   1
242425  210.554993   4.095278  7291  23  20
231860  210.560837   9.782222  6760  21  -6
249357  210.563751   8.006111  5179  57  20
730091  210.565002   7.986111 16188  27  20
249096  210.573334   9.564722  6750   0   6
  8946  210.573334   7.683611  4593  36   3
713795  210.583755   9.091389  6002  35  20
730092  210.587082   7.074444 17465  25  20
243917  210.587082   5.728889 16464  53  20
249097  210.587906   7.890000  5503   0   3
713796  210.589172  12.734167  7289  23  20
730093  210.591660   9.970834  6947  29  20
243837  210.596252  11.514167  5795   0   6
242426  210.598755   4.159444 13832  17  20
242427  210.599167   4.623611 16083  19  20
231836  210.601242   9.499444  6122  35  -2
230970  210.607910  10.405556 10220  26   3
249098  210.607910   9.919167 16607   0   6
713797  210.613739  10.656944 11343  25  20
242345  210.614166  13.230556 11661  33  20
730094  210.619583   9.315556  5745  35  20
730095  210.621262   9.179722  5826  45  20
243841  210.624161  10.708055  4187  33   3
242103  210.627930  11.854445 11484  47   4
242346  210.630417  13.830000  6915  26  20
  8948  210.637085   9.079166  6014   4   3
  8949  210.642090  14.552222  4064  27   0
240004  210.647079  14.535277  4012  21   2
240003  210.647919   9.119445  5860  32   4
713798  210.651260   9.334167  6103  45  20
730096  210.651672   9.941112  3679   2  20
730097  210.653748   9.860000  6853  49  20
243817  210.657501  10.517222 11230  68   3
730098  210.663330   8.009167 13114  22  20
241325  210.669998   9.279445  5640   0  10
240005  210.675415   9.346666  6241  19   3
730099  210.670837   8.249722  4960  63  20
242313  210.673752  12.609167 11603  21  20
  8950  210.676239   9.163889  5864  22   5
241923  210.681259   9.991389  5815  10   3
713799  210.695419  11.938056 11532  54  20
249350  210.697922   9.325556  6031  22   0
  8952  210.702499   9.341111  5750  28  -5
730100  210.704590   8.676666  5354   1  20
  8951  210.712082   8.779445  5872  23   5
240010  210.722488   8.891389  6035  50   4
240011  210.729156   9.349444  5750  22   1
  8956  210.732086   9.420278  5995  25  -2
713800  210.732925  11.823055  5340  29  20
241132  210.735001   6.778889  7269  29  20
242347  210.735825  14.004723  8127  23   3
249099  210.737503   7.092500  7042   0   6
249100  210.740829  10.620277 11302   0   6
713801  210.743332   9.626667  7058  26  20
241327  210.745834   9.471111  6688  31   6
243860  210.752502   9.049444  5676   0  10
242208  210.754166   5.267500 14179  30  20
715688  210.755417  12.485000  5422  32   3
249360  210.755844   9.379723  6723  30   3
242348  210.760422  14.004167  8137  32  20
243819  210.761658   8.767222  6774   0   6
231848  210.764587   8.801389 10930  65   6
240015  210.768326   8.947222  6886  29  -5
242169  210.776672   8.241389  5260   0   6
240016  210.779175   9.363055  5745 100   1
243861  210.782913   9.298889  5561   0   5
240018  210.790833  12.170555  5140  30   3
242428  210.790833   3.980556 13821  29  20
242314  210.791245  12.251111 11570  49  20
249358  210.795013   8.957222  7430  47  20
243842  210.800415  11.720000  5306  29   3
240019  210.802917   8.895278  5415  27   0
715690  210.803741   9.522778  5254  32   6
242248  210.807083   9.750834  7210  20   6
242367  210.808746  14.138889  7651  56  20
713802  210.813324   8.938889  7066  60  20
730101  210.813751   9.428889  4755  62  20
242674  210.814163   3.503611 13929  22  20
242429  210.820831   4.363056 13859  24  20
249101  210.823746  10.061111  4009   0   3
730102  210.825012   5.917222 13957  47  20
248870  210.825836  15.232223  5187   0   6
730103  210.827499   8.822500 18073  26  20
243820  210.827927   8.788611  7094   0   6
249102  210.828751   7.505278  6945   0   3
730104  210.838333   8.221389 17744  46  20
730105  210.842911   8.912500  6893  28  20
  8965  210.846664   9.447500  4639  10   5
242409  210.847916   5.550833 15827  23  20
249103  210.850845  11.154166  3983  31   3
242209  210.862503   5.217778 16090  19  20
  8967  210.862503   9.466945  5641   5   4
722498  210.866241  12.162500  5262  32   3
241328  210.867096   8.966945  5379   0   5
242430  210.868332   4.386111 13193  30  20
240025  210.879990   9.220834  6038  28   3
  8966  210.882492   6.770000  7374   2   5
242431  210.884995   4.696389  8848  16  20
242432  210.891251   4.310555 12115  25  20
715925  210.897095   4.927500  7288  25  20
249143  210.898743  10.882778  5411  28   3
241307  210.900833  15.273334  4117   0   3
730106  210.902496   8.445278 18042  52  20
713803  210.905823   8.785556 11532  25  20
242104  210.908752  11.573334  6002  25   6
  8973  210.910828  11.388056 11581  42   3
  8972  210.912918  11.377778 11377  63   3
243918  210.917084   5.631111  9320  27  20
243919  210.919586   5.807500 15632  46  20
713804  210.921661   9.533889  6755  58  20
  8971  210.921661   9.573055  6754  27   0
713805  210.936249  11.203889 11820  53  20
249164  210.937912   9.567223   -83   0  20
241133  210.943329  14.868333  4343   0   3
240029  210.947083   9.523334  7067  28  -2
240030  210.949585   9.610278  6941  27  -5
242368  210.950836  14.585834 17428  23  20
243862  210.965424   8.705833  5953   0   5
713806  210.967499   8.650833 16251  24  20
242433  210.967499   4.773611  7503  18  20
242369  210.969177  14.523334 17399  52  20
242315  210.976669  12.749166  7392  56  20
243920  210.991669   5.882222 16320  52  20
242249  210.995422   8.265555  6958  67  20
242250  210.996246   9.635555  6953  51  20
249105  210.997910   9.273334  5813  32   3
713807  210.998749  11.607223 17382  64  20
713808  211.000000  10.641945 11364  24  20
  8983  211.014587  12.004444  7233  49   5
730107  211.014587   6.787222 10820  32  20
713809  211.014999   9.796945 16760  63  20
242349  211.023331  13.903889  8188  34  20
713810  211.026657  11.202778  5207  28  20
  8979  211.032089   6.485833  7437   0   4
240034  211.037918  13.066944  7442  31   3
249106  211.042496   8.008333 10805  28   3
240035  211.049576  12.707500  7374  29   1
730108  211.050842   7.558055 15672  27  20
243921  211.051666   4.125556 15612  25  20
249144  211.053329  10.758611  5616  30   3
730109  211.053741   8.516945  4836  37  20
243897  211.062912   8.762777  5412  58   6
  8986  211.066254   4.111667  1224  51  -2
240037  211.067505  11.998611  7545  29   3
243922  211.067505   6.043056 16220  51  20
248872  211.076248  14.537778  4237   0   3
713811  211.083755   9.804167 16376  51  20
241370  211.086670  12.016111  7455  27  -2
730110  211.090836   9.654445  6029  39  20
242251  211.091660   9.508056  7297  67   5
242434  211.095001   4.629167  7451  21  20
  8989  211.095413  11.735278  6024  29   0
241185  211.098328   4.717778  8892  28   3
730111  211.103333   8.346389 18000  27  20
242675  211.105835   3.759722 12300  29  20
713812  211.109161  10.522500 10060  27  20
730112  211.122086   9.597222  7013  30  20
242190  211.125824   5.108056  8853  27   3
722586  211.135834  12.197222  6968  32   6
243843  211.136673  11.189722  5098   0   6
730113  211.139587   9.713611 10922  31  20
249107  211.147919   8.991667 11153   0   4
242350  211.156250  13.214167  5096  85  20
240050  211.156250  10.978056 18063  52   3
243844  211.158325  11.717500  5909   0   3
240051  211.158325  11.645833  4626  36   4
242316  211.169586  12.143888  5174  32   5
  8996  211.179993  14.280278  7185  17   5
242299  211.184158   5.496111 16197  25  20
242404  211.187088   9.831944 16364  23  20
713813  211.189590   9.844722 16461  46  20
  8997  211.190414  14.381945  7681  23  -2
242192  211.192505   4.970000 14090  18  20
240054  211.194580   8.334723  6849  40   4
  8995  211.197083   8.800555  1234  15   4
243821  211.197906   9.756389  7136  29   5
242191  211.203339   4.981111 13951  26  20
713814  211.203751  11.698334  4669  29  20
713815  211.205841  11.912500  7046  44  20
713816  211.206253  11.395555  4159  25   1
730114  211.209167   5.983333 11284  25  20
  9000  211.213745  10.808333 11360  36   3
242676  211.220413   3.785556 15575  29  20
  9001  211.223328  10.801111 11419  36   5
  9002  211.223740  12.721666  4093  34   3
240060  211.227921  12.704445  4167  34   0
243829  211.229172   9.694445  7365   0   6
242677  211.229172   3.807778 15483  26  20
249349  211.229584   8.920278  6934  34   3
242317  211.239166  12.795000 12539  25  20
243923  211.244995   6.308611 15960  29  20
  9004  211.245422  11.871111  7147  34  -2
242370  211.249573  14.380555  7641  52  20
  9005  211.250839  13.131667  5239  27  -2
242371  211.254166  14.255834 11837  25  20
242435  211.255005   4.523889  9942 168   3
713817  211.255829  10.545834  5322  98  20
713818  211.257507  12.427222 11710  47  20
  9008  211.257507  11.011389  5348  25   5
242372  211.261673  14.393056  7668  48  20
243924  211.263763   5.660833 16078  25  20
730115  211.265411   9.600833  7074  65  20
  9007  211.274994   9.338889  4619  10   6
242436  211.279999   4.067778 14722  19  20
242410  211.282074   4.968056 13945  18  20
243925  211.288330  10.424723  5328  17  20
713819  211.293335  11.771111  5236  31  20
243926  211.294174   8.082778  5919  77   3
730116  211.304169   9.117500 16390  29  20
243927  211.307495   7.286667 10769  52  20
713820  211.307495  11.878333  7236  43  20
240068  211.318741  10.431111  5407  26  -2
242318  211.324173  13.048611  5310  31  20
240067  211.324173   9.636945  6945  34   5
242300  211.328751   5.550278 16139  16  20
242373  211.332916  14.132778 11752  22   3
243827  211.334579  10.414722  1348  60   3
243826  211.334579  10.410833  5470 298   3
713821  211.348740   9.489722  7083  25  20
243928  211.351654   7.610556  5119  28  20
242319  211.364578  12.231944  5245  27  20
713822  211.372498  11.585278  4668  26  20
242320  211.375000  13.044444  5111  35  20
240076  211.379578  12.446111  4195  31   3
730117  211.380005   9.693611  6953  29  20
240078  211.390411  11.847500  7022   0   5
730118  211.392090   7.313889 10749  24  20
243929  211.392090   6.422500  9107  30   3
713823  211.394165   9.273334 16389  30  20
242437  211.399582   4.682500 13157  18  20
240077  211.400421   8.915000  7044  10   7
243845  211.402924  11.562778  6839  26   4
243930  211.404160   8.011389 14884  27   3
249363  211.410004  11.868611 18081  46   3
240081  211.412079  13.669167  6513  32   1
242351  211.417084  13.375000  5024  92  20
248875  211.425827  12.241944  5263  33   3
242321  211.426666  12.074166  4621  34   5
242352  211.427917  13.439167  8144  26  20
240082  211.428757   9.512222 16402 999   5
713824  211.436249   9.864722 16415  49  20
242353  211.437927  13.790833  3917  35  20
243931  211.444580   7.698056  4501  52  20
713825  211.444580   9.697500 11433  54  20
249159  211.449997   9.536389  7109  28   7
242322  211.454590  12.758056  5402  27  20
242354  211.457092  14.048056 17833  23  20
242374  211.462906  14.091389 17820  62  20
248876  211.463760  14.646944  7499   0   6
243932  211.467499   6.403611 16894  24  20
242355  211.477509  13.452500  8168  33  20
243933  211.480835   6.438056  7377  64   6
730119  211.481247   7.233611 10796  40  20
  9015  211.485001   9.026111  7001  10   3
713826  211.490417  12.504444 11770  45  20
249320  211.491669   6.139444    43   0  20
713827  211.492905   9.904722 16399  50  20
242375  211.497925  14.376389 11865  41  20
713828  211.498749   8.311944  7012  28  20
242376  211.499161  14.236667 11905  60  20
713829  211.499573  12.599722 11425  47  20
240086  211.505005  12.783055  5362  36   3
242356  211.509583  13.173333 16079  25  20
243823  211.513336  10.542500  9963  21   4
713830  211.515823  12.504444 11601  50  20
242377  211.526672  14.360556 10147  26  20
240088  211.527084  11.789166  4771  36   6
240089  211.527908  12.503889 11383  59   3
242252  211.539581   9.571667  7391  67   3
  9017  211.543747   9.353056  7178  29   3
713831  211.544998   8.209723 17842  27  20
243934  211.547089   7.861945 15737  25  20
241206  211.551666   9.361111  7378  29   3
240091  211.552078  14.713611  7570  44  -2
713832  211.552505   9.453611  6968  25  20
730121  211.560410   6.878334 16529  25  20
243935  211.560837   6.194445  9167  25   3
248877  211.561661  13.010555  4451   0   3
713833  211.565430  11.192223  6865  48  20
243846  211.571655  11.785833  6705   0   3
243936  211.576660   6.468611 16458  47  20
713834  211.578323  11.783055 11709  21  20
241382  211.586258   4.703333  7493  27  20
242323  211.588760  12.984722  8339  31  20
242678  211.590408   3.778056 15633  30  20
242405  211.605011   9.153889 11441  67   3
242009  211.612091   9.358889  7212   0  10
730122  211.613739   7.701389 18188  23  20
242378  211.626251  14.452778 12084  26  20
243937  211.628754   6.053333 16294  25  20
  9020  211.632507   6.029167  1021  33   3
242193  211.634171   5.032222 14079  28  20
  9021  211.634583  12.711945  6604  10   5
242379  211.645416  14.191944 11989  48  20
249108  211.657501   6.149445  7180   0   6
241385  211.657913   3.748611 12197  56  20
713835  211.658340   8.222500 17300  45  20
249015  211.662918  12.382778  6693  60   4
713836  211.664169  10.300834 12389  32  20
242324  211.664581  12.638889  8225  28  20
243824  211.673325   9.387222 11159  32   4
242380  211.676666  14.186389 12184  50  20
243847  211.690002  10.426111  6754   0  20
243863  211.694580  10.387777  6761   0   3
241386  211.696243  15.040833  8299  60  20
243938  211.705002   6.632222 16495  26  20
  9023  211.712921   9.320833  7208  10   5
242357  211.714584  13.805833  5153  27  20
713837  211.726257  11.144444  7472  25  20
713838  211.727081   8.277500 17608  62  20
240100  211.730423   8.229445 13790  60  20
713839  211.732925  10.414166 11324  49  20
730123  211.736664  10.345278 18039  49  20
243939  211.739166   6.225278  7379  26   3
241387  211.740829   8.236389 17545  60   3
249364  211.743332   8.239166 17517  59   3
  9025  211.744995  12.560833 18035  19   5
240103  211.747910  13.006667  8193 999   0
240102  211.750824  10.462500  9700  32   4
248878  211.752502  14.881111  7761   0   3
713840  211.765427   8.213889 17605  48  20
  9027  211.766663  10.643056  6867   0   3
243940  211.767502   6.604445  7595  26   4
243941  211.768326   8.042222 17939  47  20
243852  211.768753  10.712500  1178 291   3
240105  211.770828  13.003612  8327  17   3
713841  211.773743   8.364722 17708  51  20
249109  211.776672   8.989445  5880   0   7
242325  211.778748  12.855278  8077  56  20
248879  211.783752  12.360278  4936   0   3
240107  211.784164  12.588333  4717  26   1
242381  211.794571  14.170555 17337  28  20
713842  211.800003   9.679722  7071  25  20
730124  211.801254   8.154722 18045  33  20
242243  211.802094  10.226944 17965  39  20
242244  211.808746  10.180000 12812  25  20
713843  211.810410   9.046945 17896  25  20
243942  211.814163   8.019722 17871  49  20
242438  211.816254   4.496389 17128  25  20
242358  211.819992  13.065278  8136  26  20
240111  211.819992  15.166667 12151  30   3
249110  211.821259   6.569722  9169   0   3
240110  211.826248  12.887222  8258  51   3
248880  211.838745  12.719722  4664   0   3
243943  211.840836   7.300000  7308  64  20
730125  211.841675   7.238889 18113  26  20
240112  211.844177  15.079445  7769  25   3
713844  211.854172  10.665000 17809  51  20
248881  211.854996  14.919444  7660   0   3
249111  211.860001   7.098889  7099   0   3
243848  211.861252  11.431389  7445   0   4
713845  211.866241   8.683611 17604  21  20
243944  211.868332   7.710556  6945   2  20
249354  211.871674   9.772500  6943  32   3
713846  211.872086   8.763611 11581  27  20
242326  211.874176  12.735278  6883  28  20
249361  211.884995  11.438611 18031  27   3
243945  211.888748   5.609722 16511  46  20
241389  211.889160   7.178056  7198  61   0
248882  211.889999  14.633611  5109   0   3
243866  211.892914   7.164444  7200   0   4
713847  211.908752  10.736944 17904 263  20
  9030  211.909164   9.674723  7070  54   4
713848  211.913330   9.118889  8259  29  20
  9031  211.913757  14.864166 11866   0   3
713849  211.921249   9.809722 11218  51  20
249362  211.922485  10.722500 18062  45   1
243946  211.923752   8.145000 15782  52  20
248883  211.928741  14.783334  8294   0   3
241391  211.935837   7.215833  7281  55  -2
242382  211.940826  14.495833 17991  22  20
243825  211.954163   9.821667 11204  22   4
242406  211.969589   9.641111 16312  28  20
243947  211.976257   5.678333 12282  25  20
249253  211.977081   5.012222  5062   0   3
241392  211.980408   7.041389  7008  56   3
730127  211.981674  11.896944  7204  31  20
713850  211.982910   9.831111 17877  52  20
713851  211.986252   8.209723 17510  44  20
713852  211.990005   8.182500 17875  61  20
243948  211.992081   5.671667 12267  33  20
713853  211.993332  11.546389  7456  51  20
713854  212.003754   9.338333  7257  24  20
243949  212.007492   6.734722  9137  23   3
243950  212.008331   7.645555 10755  48  20
242359  212.012909  13.109722 17729  30  20
242194  212.014160   5.335000 16519  31   0
241136  212.016251   7.327500  7370 200   1
713855  212.017487   9.207222  7224  48  20
243951  212.022919   7.976111 17465  52  20
242327  212.025009  12.641945  8279  28  20
243952  212.037918   6.727500  9103  26   4
243953  212.038757   5.944722 16395  22  20
243954  212.040405   7.030833  6968   4   3
713856  212.045410   8.882778  7477  29  20
241394  212.046661   5.811389  5182  53  20
242439  212.047501   4.287778  7453  17  20
713857  212.053329   8.336945 17898  47  20
242198  212.054581   5.200278 13079  16  20
243955  212.064178   6.104445 16551  23   3
242328  212.072495  12.468056  4180  31  20
249112  212.084167  11.608334  4970  30  10
242195  212.090424   5.383333 16342  28  20
248884  212.093338  12.593333  4242   0   6
248885  212.102493  13.998333  4706   0   3
713858  212.109161  10.007778 12404  10  20
243956  212.115417   6.432222  7631  28   5
241396  212.115417   5.657778 13681  35  20
240120  212.116257  13.598333  7947  43   5
713859  212.118744   8.701389 16478  53  20
  9037  212.121246   7.057500  5940  15   5
730129  212.125839  10.511111 18031  28  20
243957  212.126251   6.135556  7347  26  20
713860  212.126251   8.038055 17629  62  20
242329  212.127502  12.819167  6924  28  20
  9038  212.128326   8.931389  7100  22  -2
242330  212.128738  12.801389  6860  28   3
  9041  212.137085  11.816112  5728  34   1
240121  212.140411   9.038055  7381  32   3
242197  212.140839   5.376111 13153  27  20
713861  212.142502   9.196389  7002  43  -2
240123  212.144577   9.201389  7120  34  -6
249113  212.145416   8.244722  7158   0   3
240125  212.147491  11.950833  5808  30   4
242331  212.153748  12.992778  8290  49  20
713862  212.160004   8.063611 17433  26  20
242210  212.183334   5.392778 13075  25  20
240126  212.189590   8.861944  7130  43   3
243958  212.193329   6.369444 16387  41  20
713863  212.194580  11.888333  6868  55  20
242440  212.195007   4.909722  5260  15   3
242332  212.199173  13.018611  4112  31  20
243857  212.205841  10.795834  4828  28   3
730130  212.219162  11.177778 18036  51  20
713864  212.227081   8.916111 17532  23  20
243849  212.227509  11.942223  5804   0   3
713865  212.227921   8.349722 15799  23  20
242333  212.245834  12.614722 17835  29  20
240128  212.247086  14.757778  5631 999   3
713866  212.247498  10.720555 11118  30  20
730131  212.254593  10.968889 18137  53  20
243959  212.257919   7.140000  5963  27  20
  9044  212.259583  14.316944  5298  19   3
242334  212.267502  12.623333 17905  49  20
243960  212.276245   7.197500 17885  50  20
243961  212.285416   6.180278 10885  49  20
243962  212.295822   5.807500 12014  50  20
248886  212.297913  14.909166  6910   0   3
248887  212.300003  13.314722  4703   0   6
243963  212.324997   6.808611 10740  51  20
240131  212.341248   8.906667  7044  38   5
713867  212.344162  11.087222 16294  23  20
713868  212.356247   8.145278  7343  24  20
242383  212.367081  14.398611 17798  26  20
713869  212.372086  11.608055 11473  44  20
249114  212.384583   8.674167  7773  36   3
  9053  212.385010  14.831667  7720  25   2
242441  212.399994   4.847222 11121  19  20
249115  212.401672  10.724444 11105  62   6
242151  212.406662   5.096111  1809  25  10
713870  212.410416   8.606944  7014  46  20
713871  212.411255   8.655000  7202  67  20
249116  212.411667   9.561111 11402  26   3
242335  212.413330  12.477777 17828  49  20
241408  212.432495   8.069167  7255  40   3
243850  212.433746  11.116111  6349  74   4
243964  212.439163   6.716944  5808  65   3
713872  212.439163   9.498333 11318  24  20
730132  212.439575   9.895000  7290  30  20
240135  212.445007  11.584723 11453  30   1
730133  212.447510  10.663333 17999  52  20
713873  212.447510   8.410277 16481  25  20
  9054  212.452499   9.858055  7233  29   3
240138  212.459167  10.961111 17900  56   3
  9055  212.466660  14.871944  7884  43   4
243965  212.470840  13.490556 17879  56  20
241409  212.474167   4.576389 11175  65   3
713874  212.488327  12.157778  6908  24  20
242360  212.501663  13.178056 17869  26  20
713875  212.502930  10.926666 17785  53  20
243966  212.503342   7.568333 17913  24  20
240140  212.516663  10.165277  7629  32   1
715928  212.537918   7.601389 17758  26  20
240142  212.541245  11.934167  8388  39   3
249117  212.548752  11.515278  8238   0   5
713876  212.560410  11.472500  8238  25  20
242361  212.565430  13.988611 17917  52  20
243967  212.566254  12.575833 11532  25  20
243968  212.570007   7.196667  7675  46   3
243969  212.571671   6.146111 16655  50  20
242336  212.577087  13.015555 17812  53  20
242384  212.577499  14.475000  8679  30  20
  9063  212.578339   5.576111  5904  25  10
243970  212.585831  13.141389 17801 315  20
242385  212.592499  14.340278 17736  53  20
242442  212.593750   4.015555  5961  19  20
249023  212.598343  13.712778  7488   0   3
249154  212.599167  11.831388 11537  24   4
730134  212.600830  10.475833  7552  37  20
243971  212.623749   5.802222 13699  25  20
713877  212.635010  11.451944 11540  22  20
249118  212.635010   8.594722  6838   0   7
242386  212.644592  14.341945 17928  50  20
243972  212.647919   6.414166 16873  27   3
713878  212.657913  10.151667  7278  27  20
243973  212.664169  13.405556 17946  54  20
240147  212.672089  13.557777  4906  38   3
242199  212.674164   5.284167 16917  21   3
240146  212.682083   8.996667  7053  30   2
713879  212.690002  10.664722 17732  45  20
243974  212.698334  13.895833  8471  61  20
242387  212.699158  14.348056 17850  51  20
242681  212.716248   3.927778  7370  16  20
713880  212.721664   8.067500 17552  46  20
  9072  212.738754   6.364722  5886  31   3
243975  212.740829   5.947778 13022  45  20
241207  212.740829   6.371666  5918  27   3
713881  212.743744  11.332778 11540  45  20
243976  212.746246  13.735556 17864  52  20
713882  212.752090  11.377500 11600  59  20
249119  212.763748  10.556389  4712   0   3
713883  212.791672  10.885278 17705  54  20
715929  212.791672   7.972778 17535  25  20
243977  212.793335  12.319445  5698  27  20
240153  212.805420  11.372778  7229  28   3
713884  212.809998   9.249444 17642  43  20
243978  212.810822   5.963056 16662  27  20
249120  212.817917   9.226944  7286   0   6
713885  212.823334  11.321111  8430  24  20
713886  212.830002   9.490556 17671  51  20
713887  212.830841  11.518056 11562  25  20
242411  212.854996   4.971944 16797  33  20
713888  212.856659  11.204445  6949  25  20
243979  212.857925  14.131667  7595  63  20
713889  212.859161  10.142500  9920  27  20
248892  212.864166  14.882500  7904   0   6
242443  212.869156   4.867778 14882  20  20
249121  212.877914   8.398056 10780  26   3
242200  212.883331   5.418611 17191  19   3
242444  212.888336   4.482222  5564  15   3
240155  212.890839   8.356667  7436  39   4
713890  212.893341   8.591111  7334  48  20
240157  212.900833   8.809722  6830  28   0
243980  212.912079   5.736111 17723  24  20
715930  212.918335   7.802222 17369  45  20
242201  212.919998   5.076944 16842  19  20
248893  212.927505  14.671389  4954   0   6
243891  212.935410   7.891111 16908  30   3
713891  212.943756  10.861111 17664  49  20
241924  212.964157   8.500556  7491   0   5
249122  212.966660   9.752500  7652  31   4
713892  212.971680  11.209167  8373  51  20
249254  212.987488   4.302778  7302   0   0
713893  212.989578  10.808333  7460  28  20
713894  212.998337   9.763611  7766  31  20
713895  213.000000  11.686389 17767  22  20
242445  213.002914   4.839445  9557  21  20
713896  213.006256  11.847777  8223  28  20
713897  213.006256  12.008889 17773  22  20
240161  213.010834  10.375278  9781  87   5
715931  213.011673   7.499166 15944  26  20
243982  213.013336   5.858333  7364  46   6
243981  213.013336  13.529722 17632  28  20
243983  213.016251   5.768055 16892  25  20
713898  213.028748   8.470555  7501  72  20
243984  213.032501   5.738611 17816  49  20
713899  213.035416  10.498055  9776  26  20
243985  213.039993   5.631111 17640  46  20
242446  213.039993   4.823611 16746  19  20
242106  213.040421   6.527222 10791  61   6
713900  213.047501  11.368333 17541  28  20
713901  213.050842  11.574445 16127  46  20
  9084  213.052917   8.661667  7231  50   3
713902  213.053757  10.986944 16096  25  20
243986  213.055832  11.988334 16023  48  20
713903  213.074585  10.747500 17607  53  20
243987  213.074585   6.046389 16950  55  20
243988  213.077499   5.985000 13720  25  20
243989  213.080002  12.020278 11287  46  20
713904  213.080414  10.763889 17402  29  20
241198  213.087494   8.508333  6973  49   1
249123  213.094589   8.426389  7248   0   2
242447  213.095001   4.400000 17003  21  20
243990  213.098328   5.746389 17006  51  20
713905  213.119995   8.335556 12001  23  20
713906  213.121658   9.876945 15971  28  20
240167  213.124161   8.647778  7225  29   0
  9089  213.124161  11.240000  8504  29   3
243991  213.125000   6.189167 17047  45  20
  9092  213.132080  13.304444  5245  29   1
713907  213.132919   8.561944  6678  68  20
243992  213.137909  13.501111 10904  24  20
249124  213.138321   6.451389 17032   0   3
715933  213.146667   7.979445 17419  50  20
715934  213.149170   7.879722 17193  26  20
715935  213.151657   7.827500 17050  49  20
249125  213.151657   9.739445  7644   0   6
243993  213.156250   5.911667 17127  46  20
  9093  213.158340  12.019722 11365  10   5
248895  213.169174  14.515833  4947   0   6
713908  213.170410   8.652500  7355  46  20
713909  213.176254   8.156389 17796  26  20
713910  213.182083   8.371111  8594  28  20
715936  213.184998   7.377222 17278  50  20
249126  213.188751   9.552222  7266  25   3
713911  213.190002  11.556945 17004  46  20
248896  213.191666  12.663333  5665   0   6
243994  213.205414   5.821389 17800  45  20
242448  213.208755   4.873333 16695  25  20
713912  213.209579   9.621667 16727  23  20
243995  213.210846   5.648611 16711  52  20
713913  213.218338  10.597500  9786  21  20
240174  213.243759   9.921111  7075  36   0
713914  213.250427   8.501389  7305  26  20
248898  213.254166  12.395555 11958   0   6
713915  213.259583  10.259167 15975  29  20
240176  213.272079   8.631945  7231  31  -2
713916  213.279160   8.184722 17869  26  20
240179  213.284576   8.618889  7393  17   3
713917  213.295410  10.945000  7562  48  20
242301  213.295822   5.473889 16869  25  20
240180  213.298325  13.003612  5766  38   5
243996  213.300415  13.975833  4378   1  20
242302  213.300415   5.503611  7585  25  20
713918  213.311249  10.030556  8754  31  20
243997  213.311249   6.368333 10708  25  20
243998  213.321243  14.027223  4531  85   3
713919  213.324158  10.840000 16586  48  20
242108  213.327911  11.295834 17638  24   5
243999  213.330414  14.011666  4315  31   3
244000  213.330414  12.740000 17579  58  20
240181  213.332504   8.850278  7239  28   0
244001  213.341248  13.760278 11838  25   6
713920  213.343338  11.756667 17365  25  20
242023  213.344574   8.962778  7140  25   3
244002  213.347916  13.078889  4982  40   3
244003  213.351654   6.384722 10766  54  20
715937  213.355423   7.917500 17517  55  20
244004  213.358749   5.537222 16795  52  20
240183  213.363327   8.980833  7200   8   4
713921  213.365417   8.949445  7225  23  20
249001  213.377502  14.023611  4324   0  20
713922  213.390411  11.762777 17477  22  20
241779  213.402496  12.199166 17233  33  20
244005  213.405426   6.168334 17000  55   3
241210  213.410004   7.660555  7343  30   3
  9102  213.414169   7.658056  7517  29   3
713923  213.415009  10.191112  7894  70  20
249127  213.416245   8.591945 10716  23   3
244006  213.417084  12.199445 17592  50   3
715938  213.418335   7.849722 17455  53  20
  9104  213.424591  12.503889  5852  31   3
  9103  213.425003   8.221111  7360  20   3
244007  213.428757  13.987223  4358  84   6
241967  213.439987   8.218333  7383  20   3
241262  213.443329   8.220555  7040  20   3
713924  213.449997  11.055555 17577  30  20
713925  213.455826  11.014722 17526  27  20
713926  213.457916  10.539166  7459  44  20
244008  213.467499  11.870277 15982  53  20
243890  213.469574   7.825278  7966   0   4
715940  213.475006   7.607778 12799  24  20
244009  213.479156  12.234722 17852  24  20
715942  213.480835   7.732222 17664  46  20
713927  213.484589   9.753889  8512  27  20
244010  213.485001  11.986944 16182  51  20
713928  213.485413   8.096389 17271  26  20
240190  213.501251   9.768611  8554  24   1
713929  213.502075  11.741944 16193  24  20
713930  213.510422   8.053056 17183  57  20
249148  213.520416   8.127222  7334  57   3
730135  213.522919  11.438056  7664  35  20
713931  213.540833   9.280278 17582  23  20
713932  213.552094  11.499166  8599  30  20
713933  213.562088   9.986944  7269  24  20
240193  213.567078  10.582778  9592  53   3
244011  213.569992  12.391945 17633  48  20
  9109  213.574570  12.338889 17557  45   3
713934  213.575836  10.677500  7246  56  20
242024  213.576660  12.343333 17410  55   3
242449  213.580002   4.912500 16329  21  20
244012  213.586670  12.257500 17529  56  20
  9111  213.587082   7.515833  7453   6   1
241082  213.596664  10.579445  8476  22   6
244013  213.599579   6.103055 17569  24   5
713935  213.600418   8.038333 16937  51  20
242450  213.602493   4.767778 16108  24  20
244014  213.609161  12.624166 12029  46   3
713936  213.613327  10.741111 17586  45  20
242451  213.626251   4.652778 16746  24  20
242452  213.626663   4.668611 16466  29  20
244015  213.627090   6.165555  6042  46  20
713937  213.635422  10.586667  8650  66  20
248906  213.635422  13.254444  6798   0   6
242453  213.638336   4.767778 16265  21  20
244016  213.640427  13.878333 10660  49  20
713938  213.648743  11.681111 16080  49  20
713939  213.650833  10.574445  8393  75  20
713940  213.653748  10.772778  7430  63  20
715951  213.665421   7.479722 15750  42  20
730136  213.667084   8.069167  7403  32  20
241140  213.670425  13.378056  4950  33   5
242454  213.674164   4.751111  7407  16  20
243830  213.681244  10.074722  1218   0   6
242202  213.682083   5.390000 17473  16   3
715952  213.696259   7.976111 17062  25  20
244017  213.700836  14.128612 10438  23  20
244018  213.705002   6.429722 17467  58  20
242456  213.711670   4.698056 14255 175  20
244019  213.712082  11.840834  7154  32   3
242457  213.712509   4.671945 17032  23  20
  9117  213.716675  14.125556  4978  31   1
242458  213.735428   4.944722 16951  26  20
713941  213.737076   8.595834  7344  28  20
244020  213.742920  12.936389  5866  29  20
244022  213.767914   6.223611  7226  27   3
244021  213.767914  12.748611 12023  48  20
242459  213.777496   4.600833 16688  28  20
713942  213.782501  11.083889 16479  51  20
713943  213.784164  10.597777  7196  45  20
241448  213.789581   4.926667 16851  82   0
713944  213.789581   8.098056 16855  55  20
730137  213.790405   9.377222 18118  46  20
242460  213.790833   4.478055 14731  21  20
240208  213.800003   4.871944  5851  16   5
  9120  213.801666   4.823889  5746  18   5
242461  213.804169   4.668334 16251  22  20
249128  213.804169   8.781944  8806  29   3
242033  213.806656   4.834722 16821  24  20
249129  213.808334   8.843611 17425  24   3
242025  213.813324   4.898889 17397  21  20
713945  213.813324  11.311944 11074  22   3
242462  213.814178   4.604445 16584  30  20
715954  213.815002   7.616667  7447  22   3
240211  213.815826  11.287500 10982  38   3
242026  213.819168   4.907500 16818  99  20
242027  213.821671   4.948056 17043  21  20
713946  213.827087  10.381945 17409  26  20
713947  213.828751  11.495556  8547  25  20
241266  213.842499  14.249722  5249  10   7
  9122  213.849167   4.407778  5782  32   3
241199  213.850006   8.011111  7459  21   3
242463  213.855408   4.934166  7243 184  20
244023  213.856247  12.943889 16765 190  20
244024  213.864166  12.151111 17582  31  20
713948  213.866241  10.343611 17448  62  20
242464  213.887085   4.587778 16228  22  20
244025  213.888336  11.888889 16006  12  20
713949  213.897079   8.783889 17163  11  20
713950  213.897507  11.893888 16090  30  20
244026  213.910004  11.940833 16089  25   3
  9124  213.913757  14.282222  5555  18  -2
713951  213.921249   8.888333  8820  52  20
243889  213.925842   7.782500  7440  23   3
244027  213.931244  12.417778  8655  48  20
248910  213.933746  14.324445  5720   0   0
713952  213.939178   9.603056 16985  45  20
240215  213.941238  10.438889  7655  57   2
713953  213.945831   8.910000  8616  61  20
713954  213.948334   9.775556 17152  51  20
249255  213.949173   4.552500 16916   0   3
242211  213.957916   5.212222 16742  19  20
713955  213.957916  10.253889  7329  52  20
249130  213.959991  10.961389  4888  30   3
244028  213.963745   8.718333 17586  52  20
242467  213.975830   4.573056 16997  16  20
243887  213.978333   7.764444 13045  51   3
242468  213.982086   4.555278 16948  26  20
244029  213.991669   6.656111  7288  32  20
244030  213.993744   8.841666  8641  29  20
244031  214.004593   6.396389 13756  28  20
713956  214.011261   9.111111 17464  49  20
243888  214.016251   7.757222 13099  57  20
713957  214.016663   8.593611 12074  29  20
713958  214.023331  11.613334 16230  49  20
242203  214.024994   5.024445  8022  18   6
713959  214.035004  11.484167  7541  50  20
242253  214.036667  10.595555  7931  29  20
713960  214.036667  10.334444  7860  51  20
244032  214.039169  12.561944  7845  25  20
713961  214.044998   8.043889 17459  67  20
248914  214.053345  13.455000  4182   0   6
244033  214.053757  13.127222  7866  25   3
713962  214.058746   9.553333 17098  26  20
713963  214.065414   8.145278 16969  45  20
242254  214.072495  10.748889  6958  49  20
249131  214.075409  10.894722  9821   0   3
730138  214.075821   8.476111  7344 546  20
244035  214.081253   7.258333  8653  28   3
244034  214.081253   7.228889  8630  28  20
240222  214.082916   8.293333  7339  27   5
242010  214.089157  13.875278   -17   2  20
244036  214.091660   6.309722  6159  33   3
715955  214.094162   7.889722 17474  25  20
715956  214.095001   7.925278 17519  23  20
713964  214.097504   9.272778 10909  26  20
242471  214.102921   4.633889 16468   3  20
730139  214.108322  10.797778  7688  32  20
242412  214.115417   4.961389 17263  31  20
248916  214.116257  12.947222  7620   0   6
244037  214.116257   6.163055 16977  29  20
730140  214.118332   8.047222 17799  73  20
242255  214.121246  10.886666  7060  27  -2
713965  214.127075   9.228889 16987  58  20
242256  214.128754  10.632500  6666  21  20
242413  214.135834   4.954722 17284  29  20
242257  214.136246  10.846945  7555  30  20
244038  214.137497   6.589167 16937  50  20
715957  214.137497   7.902778 17205  46  20
713966  214.139175   9.262500 16972  53  20
713967  214.143753   8.227777 16425  45  20
  9134  214.147079   9.985000 11156   9   5
242258  214.148758  10.895555  7316  29  20
244039  214.152924   8.314445 16341  53  20
241784  214.157913   5.110000  7395  21   5
713968  214.157913  10.791667  7379  55  20
244040  214.160828   8.199166 16513  49  20
244041  214.169586   8.214167 16401  57  20
244042  214.170410   8.173056 16112  53  20
713969  214.170410  10.800278  7560  68  20
242259  214.175003  10.704722  7346  65  20
713970  214.179993  10.885278  7774  58  20
244043  214.181259   9.014167 13324  25  20
713971  214.181671  10.881111  8058  47  20
713972  214.184998   8.207778 16321  47  20
722510  214.187927  10.970278  6747  32   3
240225  214.188339  10.885555  7767  27   3
242260  214.192917  11.008333  8031  23  20
713973  214.199997  10.728333  6502  49  20
713974  214.202499  10.895000  7889  49  20
713975  214.205826   8.259444  7206  54  20
244044  214.206253   7.456389 17226  55  20
244045  214.207504   6.969444 15400  26  20
244046  214.212921   9.267222 16989  49  20
242473  214.217072   4.696389 16488  18  20
244047  214.219574  10.826667  7898  38  20
  9137  214.220840  10.806945  7367  47   3
241444  214.222504  10.798056  6895  63  20
244048  214.223328   8.375556 16767  55  20
242261  214.226242  10.720000  7153  54  20
242204  214.227509   5.418889 14675  24   0
244049  214.228745  12.482778  8847  24  20
713976  214.238327  10.644722  8156  51  20
715959  214.239166   7.962222 17413 254  20
713977  214.239990  10.248055 17329  26  20
244050  214.242493   7.473333 17187  61  20
713978  214.243332  10.759722  6404  61  20
240230  214.244995   9.107223  7405  44   1
713979  214.247498  10.789444  7569  52  20
244051  214.247925   8.421111 17403  42  20
244052  214.249573   7.110556  7641  68  20
713980  214.250000  11.120833  7045  32  20
715962  214.254166   7.998055 16470  54  20
241457  214.254166   7.259444  7505   8  20
242262  214.256241  10.790833  7006  20  20
713981  214.257919   8.022223 17809  48  20
713982  214.261658  10.732500  6905  48  20
244053  214.262085   8.648889 17446  52  20
713983  214.267090   8.968333 10904  49  20
241201  214.270004   7.268889  7487   0  20
713984  214.274582   9.274167 13395  50  20
713985  214.279160   8.006667  8842  28  20
713986  214.280838   8.351944 17362  46  20
242152  214.281250   4.836945  1625   0   3
242011  214.286667  13.685555  4995   6   3
244054  214.288742   9.251945 17493  51  20
713987  214.292923  10.365556 17347  24  20
713988  214.294586  10.736667  9737  23  20
242263  214.299591  10.611667  6884  47  20
244055  214.304581   7.362778 17575  50  20
713989  214.308334   8.302222 16902  48  20
244056  214.308746   7.940278 17067  50  20
713990  214.312073   8.195833 17271  48  20
249175  214.316254   8.030278  7266   0  20
244057  214.316254   7.122222 16296  28  20
242264  214.317078  10.831111  7053  46  20
244058  214.317505   7.274167 17362  30  20
713991  214.319580  10.003612 17348  23  20
713992  214.322510  11.260555  7068  30  20
244059  214.324158   8.146389 16948  49  20
244060  214.328323  12.585278  4922  34   3
713993  214.332092   8.263889 16551  29  20
713994  214.337906  11.205277  7391  43  20
240232  214.338760   8.893888 17547  63   5
713995  214.339996  10.534166  7596  53  20
713996  214.339996   8.184167 16565  47  20
713997  214.342087   8.395555 17507  50  20
242205  214.345001   5.019722 17351  24  20
244061  214.346664  13.071944 15950  27  20
244062  214.347504   7.484167  7010  46  20
713998  214.352081   8.035277  8221  59  20
241461  214.353745   8.049723  8733  61  20
713999  214.355423   8.206944 17183  48  20
714000  214.355835   8.111111 17090  56  20
249002  214.362091  13.084723  7315   0  20
242212  214.368332   5.228333 17251  19  20
244063  214.369995   8.159445 16969  50  20
244064  214.371262   5.684722 16381  47  20
714001  214.374588   8.181666 17457  49  20
714002  214.378342   9.959167 17331  47  20
244065  214.378754   8.754444 17565  30  20
714003  214.380417   8.208333 17032  61  20
714004  214.386246  11.481667  7717  25  20
714005  214.386246   8.855556 10975  29  20
714006  214.392090   8.223889 17049  63  20
240236  214.392502   8.186111 17421  28   1
244066  214.395004   8.339444 16413  24  20
244067  214.396667   8.021667 17156  48  20
714007  214.397919   9.205833 17470  21  20
244068  214.401672  11.849444 17025  48  20
241466  214.404175   7.054722  8669  44  20
714008  214.407074  11.526389 16360  43  20
244069  214.407501   8.179444 17442  44  20
242206  214.408340   4.978055 16812  23  20
244070  214.410843   8.116667 16953  46  20
244071  214.412079   7.403333  8639   9  20
240241  214.415009  12.959167  7417  38   5
714009  214.415421  11.032778  9821  22  20
242213  214.416656   5.159167 17100  16  20
244072  214.417084   6.181389  6360  26  20
714010  214.417511  11.770833 17113  51  20
242265  214.418747  10.583333  8176  44  20
714011  214.421249   9.718333 15094  56  20
714012  214.422913  11.733334 17113  25  20
714013  214.423325   8.218333 17461  48  20
242266  214.424164  10.764444  6913  49  20
241467  214.426666   7.476389  6906  27  20
714014  214.427505  11.522778 16392  25  20
714015  214.429581   8.408889 17242  45  20
714016  214.431259   8.355833 16885  44  20
242267  214.433762  10.731667  7347  67  20
244073  214.434174   8.028055 16768  46  20
242476  214.436249   4.930555 16777  21  20
714017  214.437912   8.378333 17413  55  20
242112  214.438751   7.423889  7008  32   6
714018  214.439987   8.627778 17513  45  20
714019  214.442490   8.231944 17479  49  20
244074  214.442917   7.526389  7229  66  20
244075  214.443756   5.464722 16601  31  20
244076  214.445419   8.344444 17835  44  20
244077  214.447083   8.308056 17460  27  20
244078  214.448334   7.576944  7414  42  20
714020  214.450012   8.950556 10901  24  20
244079  214.452499   8.606389 16964  51  20
714021  214.454163   8.251945 17365  25  20
244080  214.455002  12.677222 11812  51   3
244081  214.457504   8.407222 17478  52  20
714022  214.458328   8.268056 17435  57  20
244082  214.460007   9.699166 17099  53  20
243881  214.461243   6.839722  1248   0   6
243911  214.464996   6.708333  7479  56  20
244083  214.468750   9.082222 17213  52  20
715975  214.469589   7.992222 16535  51  20
240242  214.470840   7.558333  7792  42  -2
714023  214.471664   8.227222 17625  46  20
244084  214.472076   7.408889  7580  47  20
244085  214.477081   7.267778 16264  30  20
714024  214.480423  10.596945  7107  41  20
715977  214.482498   7.976944 17523  60  20
714025  214.483337   8.211667 17377  50  20
242214  214.483749   5.439445 16507  20   3
242303  214.485825   5.047222 16677  33   4
714026  214.487503   8.061111 17142  61  20
244086  214.488739   5.455833 16484  48  20
244087  214.489166   7.671945  7447  27  20
714027  214.493332   8.454166 17947  52  20
244088  214.494583  12.352500  7617  34  20
241469  214.497498   5.069445 16699  15   3
244089  214.500839   8.348333 17438  28  20
714028  214.503342   8.236389 16386  45  20
244090  214.504990   5.498055 16889  31  20
714030  214.505844   8.073334 17718  54  20
714029  214.505844   8.406667 17730  52  20
714031  214.506256  10.763611 16837  24  20
242215  214.506668   5.431944 16516  28  20
241470  214.508743   6.808333  7549  51   3
241471  214.516663   7.654722  7092  53  20
714033  214.517914   8.125556 17492  22  20
714032  214.517914  11.041111  7615  26  20
715978  214.519592   7.890833  7489  27  20
714034  214.521667   8.568055 17560  50  20
243908  214.522919   6.548333 16113  24  20
242216  214.523743   5.240278 16548  22  20
244091  214.524994   7.540833  7033  50  20
714035  214.526672   9.459723 17327  29  20
244092  214.527084   8.180000 17040  52  20
244093  214.529587   8.410833 17989  45  20
244094  214.532913   5.563889  7232  28  20
244095  214.533340   8.258611 16148  24  20
243907  214.534164   6.568889  8527  26   3
  9148  214.538330   7.564167  7324  31  -6
242207  214.539993   5.425556  7580  17   3
714036  214.543747  10.778889 16947  28  20
714037  214.545013   8.366667 17535  56  20
244096  214.546249   5.476111 16580  67  20
241472  214.559586   7.337778  7308  48   1
244098  214.563751   5.679722 16351  48  20
244099  214.566254   7.600555  7123  32  20
244100  214.571259   7.901111 16637  60  20
244101  214.574585   8.408889 17666  37  20
244102  214.575012   6.971111  8585  14  20
240248  214.576660  11.216666  7590  55   3
714038  214.586243   8.374166 16583  66  20
244103  214.587082   7.731667 12080  26  20
243909  214.588333   6.543334  8410  30  20
244104  214.590408   7.687500  7376  44  20
244105  214.592087   5.458333 16491  58  20
241473  214.592911   8.097500 13354  48  20
  9153  214.594589  11.194722  7399  51   1
714039  214.597504  11.623055  7456  27  20
244106  214.601257   7.884722  7240  41  20
714040  214.602493  11.669723 16890  28  20
243910  214.605835   6.492500 16055  24  20
244107  214.606659   7.256389  7363  29  20
  9154  214.616669  12.882778  7483  29   3
244108  214.619995   7.560278 16577  52  20
244109  214.620422   7.216944  7486  26  20
714041  214.622086  10.947778  7627  24  20
244110  214.631256   7.439167  7568  46  20
244111  214.636246   7.566667  7344  36  20
714042  214.636658  10.442223  7543  63  20
242114  214.638336   7.286667  7741  46   4
243873  214.647095   7.355278  7508  49  -2
244112  214.647095   7.541667  7262  50  20
240252  214.647507  12.971666 12325  33   5
244113  214.650421  12.769167  7340  24  20
242217  214.652496   5.426667 16686  22  20
244114  214.656677  13.709723  5015   7  20
244115  214.658325   8.004723 17580  44  20
714043  214.660828   8.356389 17356  52  20
  9156  214.661667   7.377222  7731  29  -2
714044  214.665405   8.451944 17206  47  20
244116  214.665833   7.960278 13327  63  20
714045  214.666672   8.592222 16831  55  20
244117  214.670425   9.818889  8809  49  20
243912  214.675827   6.646111  8516  27  20
244118  214.680832  13.585834  5035  32  20
244119  214.690414   5.834722 14665  51  20
244120  214.691666   7.586111  7552  54  20
244121  214.696671   6.747222  7469  29  20
244122  214.698334   5.666111  6216  29  20
714046  214.700424  11.776389 17053  31  20
242218  214.701660   5.387778 17077  28  20
  9162  214.702072  10.843611 16764  44   3
244123  214.703339   8.147500 17077  50  20
244125  214.704575  12.399722  8686   9  20
241478  214.706665  12.971945  7466  65  20
  9163  214.710831  11.288611  7374  12   5
244126  214.712509   5.470556  7406  29  20
244127  214.712509   5.431667 17116  18  20
244128  214.718323   7.891389 17313  25  20
714047  214.722092  10.822500 16850  48  20
244129  214.722916   9.291389  1216   7  20
244130  214.724991   7.696111  7807  53  20
244131  214.727493  13.814445  5067  16   3
241479  214.728333   5.451111  7390  22  20
244132  214.730408  12.255278  8940  24  20
244133  214.730835   6.400556 16762  28  20
714048  214.743744  11.497778  7673  52  20
244134  214.744156   7.864167 17209  31  20
244135  214.746674   6.013889 14670  49  20
244136  214.747086   8.150556 17337  46  20
244137  214.749588   7.816945 17018  27  20
244138  214.752502   7.080278  7887  50  20
244139  214.756668   7.906667 17132  44  20
241480  214.765427   7.031389  7584  28  -2
244140  214.770828   8.467500 10721  24  20
244141  214.771667   7.450000 17335  27  20
714049  214.779999  11.361944 17901  56  20
242219  214.782089   5.383611  7357  14  20
241481  214.784164   7.913611 16761  46  20
714050  214.787506  11.044167  8772  51  20
243871  214.789581   7.107778  7575  52   3
244142  214.802505   7.956666 16892  30  20
241482  214.812088   7.021111  7548  55   0
714051  214.812912  11.883333 16256  51  20
244143  214.824585   7.748611 13338  25  20
244144  214.826660   5.431667 16989  32  20
244145  214.831253   6.873611 16943  27  20
242220  214.831665   5.050000 16329  18  20
244146  214.862076   7.267500  7724  47  20
244147  214.865829   8.015000 17024  31  20
241311  214.867508  11.244445  7709  35   4
244148  214.869583   6.916667  7902  74  20
241483  214.875412   7.455833  7276  38  20
244149  214.882080  12.143056 11550  24  20
244150  214.884995   7.897778 16788  53  20
244151  214.887909   5.466944 16478  58  20
244152  214.902512   5.619167  7371  33  20
244153  214.907089   7.484722  7821  27   3
241486  214.908737   6.134444 14586  59  20
241487  214.912918   6.145278 17070  16  20
249321  214.914581   7.262222   248   0  20
244154  214.914993   8.450556 16540  23  20
244155  214.915421   7.935278 16851  46  20
244156  214.917496   7.538333  7185  50  20
242221  214.917908   5.151945 17097  25  20
240265  214.925415  11.626111  7320  31   3
244157  214.930832   7.400278 16564  33  20
  9169  214.936249   9.362223  1281  10  10
249322  214.937500   7.145278   244   0  20
248922  214.938751  13.333055 17050   0   3
244158  214.943329   6.159167 14216  51  20
244159  214.947083   5.564167  7593  50  20
244160  214.959167   8.282778 17329  53  20
244161  214.959991   9.382222  1364  56  20
244162  214.964157   5.473611 16553  49  20
244163  214.977921   6.812500  7359  39  20
249323  214.979584   7.223055   246   0  20
244164  214.982498   8.865833 13229  48  20
244165  214.984589   8.196111 17142  44  20
249212  214.991257  10.286667  9254  30   0
240268  214.991257  11.961945  7282 999   3
244166  214.991669  13.173333 12446  23   3
244167  214.996246   6.051667 14198  51  20
714052  215.000412  10.303333  8831  49  -2
244168  215.009171   8.633333 16562  48  20
244169  215.017502   8.184722 10796  24  20
244170  215.022919   6.170833 16755  21  20
244171  215.029160   5.833611  7655  28  20
244172  215.029999   6.613333 13788  24  20
244173  215.038742   5.690556 17059  46  20
244174  215.043762   9.791389  9162  23  20
  9174  215.045822  10.262500  9139  28  -2
244175  215.047089   9.122778  7276  53  20
714053  215.049576  11.469167 16628  58  20
241489  215.054169   7.055278  7005  51  20
244176  215.064575   8.539166 15975  49  20
249324  215.076263   7.393611  -146   0  20
240270  215.079590   8.927500 13183  39   5
244177  215.082916   7.469444 17313  27  20
244178  215.088745   7.838333 16993  52  20
244179  215.090424  12.812500  8726  25  20
715982  215.091248   7.617500 16483  24  20
240272  215.094162  11.384444  7735  21   3
  9177  215.127075  10.431666  8860  61   5
244180  215.131668   8.984722  8629  46  20
244181  215.139587  12.291945  7602  32   3
244182  215.143753   6.229445  7699  43  20
714054  215.154572  10.950277  7700  27  20
244184  215.159164   8.832222 16876  27  20
241491  215.165009   5.427222  8151  38   4
244185  215.169586   8.317223 16996  65  20
241493  215.172913   6.907222  7476  52  20
241492  215.175827   5.485556  8207  37   3
240279  215.177078   9.855000  8969  38   3
714055  215.185425   8.626389  1300  39  20
240280  215.186249   8.984167  8816  56  -6
244187  215.193329   5.492500  8270  23  20
244188  215.195831   6.735000  6814  40  20
244189  215.206665   5.441111  8256  30  20
244190  215.222076   8.891666 17091  51  20
244191  215.238754   6.215556  7370  43  20
244192  215.239578   6.012778  7609  49  20
248927  215.244171  13.265833  4030   0   6
  9184  215.247498   6.202222  7675  28  -2
714056  215.276672  11.673611 16555  23  20
244194  215.292511   6.035000 13672  23  20
244195  215.295837  12.715278 16043  22  20
244196  215.304581   6.916389 17024  24  20
244198  215.306671   6.134722 14860  44  20
244199  215.314575   5.980556 13800  32  20
244200  215.314987   6.678611 16964  26  20
714057  215.317505  10.680555  8927  63  20
240284  215.327911  12.505834  4970  35   0
240286  215.347488  11.270555  4772  39   4
244203  215.407501   6.044167  7651  37  20
244204  215.435410   9.133333 16833  10  20
244205  215.447510   6.287500 13666  24  20
244206  215.450836   6.305000 13578  27  20
244207  215.461243   6.337778 13753  53  20
241505  215.475418   7.882500  7559  47  20
244208  215.487503   6.463056  7530  48  20
244209  215.489594   6.666111 15471  22  20
244210  215.493332   6.376945 13619  23  20
  9199  215.499176  11.099722  7737  15   3
714058  215.503754  11.380555  4968  47  20
244211  215.509171   9.158055 17002  52  20
244212  215.518326   7.562778 16633  26   3
244213  215.522919   8.543056 16682  48  20
714059  215.569992  11.807500 16360  49  20
244216  215.581253   7.131111 13957  23  20
714060  215.604996  10.046667 16353  57  20
714061  215.605835   9.732500 16614  59  20
244217  215.607086   5.886111  7598  24  20
240301  215.627914  11.304722  4951  48   3
714062  215.645828  10.848611 16468  54  20
244220  215.648331   7.831944 16940 316  20
244221  215.652084   9.350000 16735  47  20
244223  215.658325   9.398611 16782  29  20
241509  215.666672   6.166945  6680  29   3
244224  215.668747   7.736667 16801  52  20
244225  215.678329  12.408889 15598  53  20
244226  215.705429   8.621944 16763  44   3
244227  215.708755   6.366389 17021  47  20
714063  215.715424  10.706111  8714  28  20
241985  215.725418   6.164722 16896  75   3
244230  215.749176   9.247222 16906  52  20
244231  215.754593  12.320278 11599  26   6
244232  215.755005   6.240278 15235  43  20
244233  215.767075   7.273889  7172  64  20
241986  215.791672   6.155278 15077  39   3
714064  215.791672  11.089723  9231  49  20
244237  215.795837  12.312500 16034  30  20
244239  215.811249   6.948611 16804  31  20
244241  215.830002   6.768611 16879  24  20
244242  215.832077   7.780556 16787  63  20
714065  215.840836  10.986667 16651  30  20
244243  215.841248   8.961667 11685  29  20
241908  215.850418   6.621111 14898  49   3
714066  215.852921  10.372500 16613  45  20
244244  215.855835   9.564167 16707  29  20
244246  215.866669   8.595000 16848  50   3
714067  215.872513  11.044444 10417  63  20
714068  215.878326  12.114166  8888  24  20
244247  215.889587   8.603333 17202  29  20
244250  215.911667   9.115556  7458  27  20
241909  215.934158   6.607778 15218  56  -6
244253  215.939590   9.606389 17115  25  20
714069  215.939590  11.341666 13105  25  20
240314  215.941666   9.236389  8966  40   5
241913  215.948761   6.565278 14578  49  -2
241914  215.950409   6.581111 15348  28   3
  9218  215.961258   6.575555  7220  15   3
244258  215.993744   7.770833 16961  61  20
714070  216.014999  10.548889 16319  51  20
244260  216.021255   7.760278 17039  54  20
241915  216.036667   6.678333 15068  24   3
244261  216.038330   7.770278 16858  49  20
244264  216.062500   7.731667 16908  48  20
241916  216.065002   6.666667 14982  58   3
244265  216.073334   9.392777 16720  49  20
244266  216.081665  11.639722 16182  29  20
244267  216.088333  12.094444 16038  28  20
  9225  216.101242   8.275556  1258  50   3
244269  216.108749   7.633056 17055  51  20
714071  216.125000  11.048333 10376  22  20
244272  216.167923   7.540000 14645  44  20
244274  216.172501   9.396389 17092  50  20
244276  216.198746   7.498889 17069  51  20
714072  216.209167  10.627778  8881  30  20
244277  216.220840   8.880000 16556  28  20
244278  216.222076   9.513333 14860  22  20
244279  216.255005   9.601111 16730  24   3
244282  216.301239   7.969722  7830  28  20
242307  216.308762  11.342500 16211  30  20
240328  216.309174   8.816112  8944  26   5
244285  216.351257   7.306389 17242  27  20
249176  216.357498  11.529722 10043   0  20
244287  216.362915   9.006111 16907  29  20
714073  216.370834  11.443334  9938  23  20
714074  216.377502   9.857500 16579  48  20
714075  216.379166  11.231667 10123  45  20
244291  216.386658   7.776111 17359  53  20
714076  216.388336  11.110556  7650  66  20
714077  216.389160  11.181666 16229  23  20
715984  216.412079   7.359167 14052  56  20
244296  216.416672   9.337778 16942  31  20
244301  216.457916   9.425555  9086  31  20
242269  216.509583   8.111389  7836  53  20
244306  216.511658   8.156667  7857  49  20
714079  216.562912  10.036944 17335 251  20
714080  216.589172  10.163333  5007  36  20
714081  216.594177  10.115278 17316  49  20
244314  216.639999   8.481667  7774  70  20
714082  216.663330  10.188889 16298  28  20
714083  216.664581  10.069722 17240  53  20
244318  216.686249   9.179167 16491  61  20
244321  216.700409   9.188334 16611  56  20
